 % the field is ppp
% Dinn5 settings , t1, t2, t3, t4, tm, tp, eps, step, IntLimit
%   0.249000E+002  0.249000E+002  0.249000E+002  0.278880E+003  0.200000E-001  0.000000E+000  0.100000E-005  0.100000E-001  0.100000E+006
% 1)psi, 2) R, 3) x, 4) z, 5) re(u), 6) im(u), 7) abs(u), 8) re(w), 9) im(w), 10) abs(w), 11) fieldCode, 12) cp(1), 13) cp(2), 14) cs(1), 15) cs(2), 16) rho(1), 17) rho(2), 18) h, 19) w
  0.349364E+003  0.958953E+001  0.942478E+001 -0.376991E+001  0.176352E-003 -0.218591E-003  0.280860E-003 -0.288855E-003  0.411553E-003  0.502806E-003  0.110000E+002  0.200000E+001  0.100000E+001  0.500000E+000  0.300000E+000  0.200000E+001  0.100000E+001  0.100000E+001  0.100000E+002
  0.349364E+003  0.958953E+001  0.942478E+001 -0.376991E+001 -0.103887E-003  0.245223E-003  0.266321E-003  0.162397E-003 -0.451753E-003  0.480056E-003  0.110000E+002  0.200000E+001  0.100000E+001  0.500000E+000  0.300000E+000  0.200000E+001  0.100000E+001  0.100000E+001  0.104000E+002
  0.349364E+003  0.958953E+001  0.942478E+001 -0.376991E+001  0.316109E-004 -0.254651E-003  0.256605E-003 -0.356170E-004  0.459168E-003  0.460548E-003  0.110000E+002  0.200000E+001  0.100000E+001  0.500000E+000  0.300000E+000  0.200000E+001  0.100000E+001  0.100000E+001  0.108000E+002
  0.349364E+003  0.958953E+001  0.942478E+001 -0.376991E+001  0.359333E-004  0.246140E-003  0.248749E-003 -0.834336E-004 -0.435329E-003  0.443253E-003  0.110000E+002  0.200000E+001  0.100000E+001  0.500000E+000  0.300000E+000  0.200000E+001  0.100000E+001  0.100000E+001  0.112000E+002
  0.349364E+003  0.958953E+001  0.942478E+001 -0.376991E+001 -0.954815E-004 -0.220783E-003  0.240545E-003  0.187946E-003  0.383666E-003  0.427227E-003  0.110000E+002  0.200000E+001  0.100000E+001  0.500000E+000  0.300000E+000  0.200000E+001  0.100000E+001  0.100000E+001  0.116000E+002
  0.349364E+003  0.958953E+001  0.942478E+001 -0.376991E+001  0.144433E-003  0.181336E-003  0.231827E-003 -0.272432E-003 -0.309284E-003  0.412160E-003  0.110000E+002  0.200000E+001  0.100000E+001  0.500000E+000  0.300000E+000  0.200000E+001  0.100000E+001  0.100000E+001  0.120000E+002
  0.349364E+003  0.958953E+001  0.942478E+001 -0.376991E+001 -0.180619E-003 -0.131613E-003  0.223485E-003  0.332843E-003  0.218517E-003  0.398163E-003  0.110000E+002  0.200000E+001  0.100000E+001  0.500000E+000  0.300000E+000  0.200000E+001  0.100000E+001  0.100000E+001  0.124000E+002
  0.349364E+003  0.958953E+001  0.942478E+001 -0.376991E+001  0.202421E-003  0.758552E-004  0.216168E-003 -0.366712E-003 -0.118386E-003  0.385348E-003  0.110000E+002  0.200000E+001  0.100000E+001  0.500000E+000  0.300000E+000  0.200000E+001  0.100000E+001  0.100000E+001  0.128000E+002
  0.349364E+003  0.958953E+001  0.942478E+001 -0.376991E+001 -0.209034E-003 -0.182842E-004  0.209832E-003  0.373293E-003  0.160985E-004  0.373640E-003  0.110000E+002  0.200000E+001  0.100000E+001  0.500000E+000  0.300000E+000  0.200000E+001  0.100000E+001  0.100000E+001  0.132000E+002
  0.349364E+003  0.958953E+001  0.942478E+001 -0.376991E+001  0.200660E-003 -0.371482E-004  0.204070E-003 -0.353587E-003  0.814170E-004  0.362839E-003  0.110000E+002  0.200000E+001  0.100000E+001  0.500000E+000  0.300000E+000  0.200000E+001  0.100000E+001  0.100000E+001  0.136000E+002
  0.349364E+003  0.958953E+001  0.942478E+001 -0.376991E+001 -0.178554E-003  0.869000E-004  0.198578E-003  0.310257E-003 -0.167895E-003  0.352772E-003  0.110000E+002  0.200000E+001  0.100000E+001  0.500000E+000  0.300000E+000  0.200000E+001  0.100000E+001  0.100000E+001  0.140000E+002
  0.349364E+003  0.958953E+001  0.942478E+001 -0.376991E+001  0.144899E-003 -0.127957E-003  0.193310E-003 -0.247408E-003  0.238071E-003  0.343349E-003  0.110000E+002  0.200000E+001  0.100000E+001  0.500000E+000  0.300000E+000  0.200000E+001  0.100000E+001  0.100000E+001  0.144000E+002
  0.349364E+003  0.958953E+001  0.942478E+001 -0.376991E+001 -0.102594E-003  0.157963E-003  0.188356E-003  0.170261E-003 -0.287968E-003  0.334536E-003  0.110000E+002  0.200000E+001  0.100000E+001  0.500000E+000  0.300000E+000  0.200000E+001  0.100000E+001  0.100000E+001  0.148000E+002
  0.349364E+003  0.958953E+001  0.942478E+001 -0.376991E+001  0.549923E-004 -0.175351E-003  0.183772E-003 -0.847756E-004  0.315101E-003  0.326306E-003  0.110000E+002  0.200000E+001  0.100000E+001  0.500000E+000  0.300000E+000  0.200000E+001  0.100000E+001  0.100000E+001  0.152000E+002
  0.349364E+003  0.958953E+001  0.942478E+001 -0.376991E+001 -0.565102E-005  0.179439E-003  0.179528E-003 -0.277909E-005 -0.318597E-003  0.318609E-003  0.110000E+002  0.200000E+001  0.100000E+001  0.500000E+000  0.300000E+000  0.200000E+001  0.100000E+001  0.100000E+001  0.156000E+002
  0.349364E+003  0.958953E+001  0.942478E+001 -0.376991E+001 -0.419142E-004 -0.170477E-003  0.175554E-003  0.862377E-004  0.299207E-003  0.311387E-003  0.110000E+002  0.200000E+001  0.100000E+001  0.500000E+000  0.300000E+000  0.200000E+001  0.100000E+001  0.100000E+001  0.160000E+002
  0.349364E+003  0.958953E+001  0.942478E+001 -0.376991E+001  0.844479E-004  0.149607E-003  0.171795E-003 -0.159946E-003 -0.259213E-003  0.304588E-003  0.110000E+002  0.200000E+001  0.100000E+001  0.500000E+000  0.300000E+000  0.200000E+001  0.100000E+001  0.100000E+001  0.164000E+002
  0.349364E+003  0.958953E+001  0.942478E+001 -0.376991E+001 -0.119154E-003 -0.118762E-003  0.168233E-003  0.219117E-003  0.202226E-003  0.298173E-003  0.110000E+002  0.200000E+001  0.100000E+001  0.500000E+000  0.300000E+000  0.200000E+001  0.100000E+001  0.100000E+001  0.168000E+002
  0.349364E+003  0.958953E+001  0.942478E+001 -0.376991E+001  0.143870E-003  0.805079E-004  0.164864E-003 -0.260127E-003 -0.132913E-003  0.292116E-003  0.110000E+002  0.200000E+001  0.100000E+001  0.500000E+000  0.300000E+000  0.200000E+001  0.100000E+001  0.100000E+001  0.172000E+002
  0.349364E+003  0.958953E+001  0.942478E+001 -0.376991E+001 -0.157195E-003 -0.378419E-004  0.161686E-003  0.280735E-003  0.566357E-004  0.286391E-003  0.110000E+002  0.200000E+001  0.100000E+001  0.500000E+000  0.300000E+000  0.200000E+001  0.100000E+001  0.100000E+001  0.176000E+002
  0.349364E+003  0.958953E+001  0.942478E+001 -0.376991E+001  0.158567E-003 -0.602768E-005  0.158681E-003 -0.280191E-003  0.209309E-004  0.280971E-003  0.110000E+002  0.200000E+001  0.100000E+001  0.500000E+000  0.300000E+000  0.200000E+001  0.100000E+001  0.100000E+001  0.180000E+002
  0.349364E+003  0.958953E+001  0.942478E+001 -0.376991E+001 -0.148285E-003  0.479072E-004  0.155832E-003  0.259251E-003 -0.941933E-004  0.275832E-003  0.110000E+002  0.200000E+001  0.100000E+001  0.500000E+000  0.300000E+000  0.200000E+001  0.100000E+001  0.100000E+001  0.184000E+002
  0.349364E+003  0.958953E+001  0.942478E+001 -0.376991E+001  0.127470E-003 -0.848414E-004  0.153123E-003 -0.220090E-003  0.158034E-003  0.270951E-003  0.110000E+002  0.200000E+001  0.100000E+001  0.500000E+000  0.300000E+000  0.200000E+001  0.100000E+001  0.100000E+001  0.188000E+002
  0.349364E+003  0.958953E+001  0.942478E+001 -0.376991E+001 -0.979582E-004  0.114312E-003  0.150543E-003  0.166112E-003 -0.208150E-003  0.266307E-003  0.110000E+002  0.200000E+001  0.100000E+001  0.500000E+000  0.300000E+000  0.200000E+001  0.100000E+001  0.100000E+001  0.192000E+002
  0.349364E+003  0.958953E+001  0.942478E+001 -0.376991E+001  0.621606E-004 -0.134407E-003  0.148085E-003 -0.101680E-003  0.241342E-003  0.261886E-003  0.110000E+002  0.200000E+001  0.100000E+001  0.500000E+000  0.300000E+000  0.200000E+001  0.100000E+001  0.100000E+001  0.196000E+002
  0.349364E+003  0.958953E+001  0.942478E+001 -0.376991E+001 -0.228745E-004  0.143936E-003  0.145742E-003  0.317844E-004 -0.255704E-003  0.257672E-003  0.110000E+002  0.200000E+001  0.100000E+001  0.500000E+000  0.300000E+000  0.200000E+001  0.100000E+001  0.100000E+001  0.200000E+002
  0.349364E+003  0.958953E+001  0.942478E+001 -0.376991E+001 -0.169257E-004 -0.142504E-003  0.143506E-003  0.383220E-004  0.250737E-003  0.253649E-003  0.110000E+002  0.200000E+001  0.100000E+001  0.500000E+000  0.300000E+000  0.200000E+001  0.100000E+001  0.100000E+001  0.204000E+002
  0.349364E+003  0.958953E+001  0.942478E+001 -0.376991E+001  0.543048E-004  0.130521E-003  0.141368E-003 -0.103510E-003 -0.227350E-003  0.249805E-003  0.110000E+002  0.200000E+001  0.100000E+001  0.500000E+000  0.300000E+000  0.200000E+001  0.100000E+001  0.100000E+001  0.208000E+002
  0.349364E+003  0.958953E+001  0.942478E+001 -0.376991E+001 -0.865780E-004 -0.109155E-003  0.139321E-003  0.159136E-003  0.187761E-003  0.246127E-003  0.110000E+002  0.200000E+001  0.100000E+001  0.500000E+000  0.300000E+000  0.200000E+001  0.100000E+001  0.100000E+001  0.212000E+002
  0.349364E+003  0.958953E+001  0.942478E+001 -0.376991E+001  0.111497E-003  0.802277E-004  0.137361E-003 -0.201364E-003 -0.135313E-003  0.242604E-003  0.110000E+002  0.200000E+001  0.100000E+001  0.500000E+000  0.300000E+000  0.200000E+001  0.100000E+001  0.100000E+001  0.216000E+002
  0.349364E+003  0.958953E+001  0.942478E+001 -0.376991E+001 -0.127405E-003 -0.460749E-004  0.135480E-003  0.227428E-003  0.742061E-004  0.239228E-003  0.110000E+002  0.200000E+001  0.100000E+001  0.500000E+000  0.300000E+000  0.200000E+001  0.100000E+001  0.100000E+001  0.220000E+002
  0.349364E+003  0.958953E+001  0.942478E+001 -0.376991E+001  0.133348E-003  0.936051E-005  0.133676E-003 -0.235809E-003 -0.917706E-005  0.235988E-003  0.110000E+002  0.200000E+001  0.100000E+001  0.500000E+000  0.300000E+000  0.200000E+001  0.100000E+001  0.100000E+001  0.224000E+002
  0.349364E+003  0.958953E+001  0.942478E+001 -0.376991E+001 -0.129124E-003  0.271227E-004  0.131942E-003  0.226322E-003 -0.548588E-004  0.232876E-003  0.110000E+002  0.200000E+001  0.100000E+001  0.500000E+000  0.300000E+000  0.200000E+001  0.100000E+001  0.100000E+001  0.228000E+002
  0.349364E+003  0.958953E+001  0.942478E+001 -0.376991E+001  0.115289E-003 -0.606615E-004  0.130274E-003 -0.200099E-003  0.113169E-003  0.229885E-003  0.110000E+002  0.200000E+001  0.100000E+001  0.500000E+000  0.300000E+000  0.200000E+001  0.100000E+001  0.100000E+001  0.232000E+002
  0.349364E+003  0.958953E+001  0.942478E+001 -0.376991E+001 -0.930991E-004  0.888160E-004  0.128669E-003  0.159485E-003 -0.161543E-003  0.227006E-003  0.110000E+002  0.200000E+001  0.100000E+001  0.500000E+000  0.300000E+000  0.200000E+001  0.100000E+001  0.100000E+001  0.236000E+002
  0.349364E+003  0.958953E+001  0.942478E+001 -0.376991E+001  0.644027E-004 -0.109602E-003  0.127123E-003 -0.107837E-003  0.196602E-003  0.224234E-003  0.110000E+002  0.200000E+001  0.100000E+001  0.500000E+000  0.300000E+000  0.200000E+001  0.100000E+001  0.100000E+001  0.240000E+002
  0.349364E+003  0.958953E+001  0.942478E+001 -0.376991E+001 -0.314959E-004  0.121620E-003  0.125632E-003  0.492633E-004 -0.216017E-003  0.221563E-003  0.110000E+002  0.200000E+001  0.100000E+001  0.500000E+000  0.300000E+000  0.200000E+001  0.100000E+001  0.100000E+001  0.244000E+002
  0.349364E+003  0.958953E+001  0.942478E+001 -0.376991E+001 -0.305686E-005 -0.124156E-003  0.124194E-003  0.116941E-004  0.218673E-003  0.218985E-003  0.110000E+002  0.200000E+001  0.100000E+001  0.500000E+000  0.300000E+000  0.200000E+001  0.100000E+001  0.100000E+001  0.248000E+002
  0.349364E+003  0.958953E+001  0.942478E+001 -0.376991E+001  0.366190E-004  0.117218E-003  0.122805E-003 -0.704084E-004 -0.204730E-003  0.216499E-003  0.110000E+002  0.200000E+001  0.100000E+001  0.500000E+000  0.300000E+000  0.200000E+001  0.100000E+001  0.100000E+001  0.252000E+002
  0.349364E+003  0.958953E+001  0.942478E+001 -0.376991E+001 -0.666789E-004 -0.101524E-003  0.121463E-003  0.122511E-003  0.175579E-003  0.214096E-003  0.110000E+002  0.200000E+001  0.100000E+001  0.500000E+000  0.300000E+000  0.200000E+001  0.100000E+001  0.100000E+001  0.256000E+002
  0.349364E+003  0.958953E+001  0.942478E+001 -0.376991E+001  0.910355E-004  0.784362E-004  0.120165E-003 -0.164209E-003 -0.133729E-003  0.211774E-003  0.110000E+002  0.200000E+001  0.100000E+001  0.500000E+000  0.300000E+000  0.200000E+001  0.100000E+001  0.100000E+001  0.260000E+002
  0.349364E+003  0.958953E+001  0.942478E+001 -0.376991E+001 -0.107957E-003 -0.498469E-004  0.118910E-003  0.192563E-003  0.825888E-004  0.209527E-003  0.110000E+002  0.200000E+001  0.100000E+001  0.500000E+000  0.300000E+000  0.200000E+001  0.100000E+001  0.100000E+001  0.264000E+002
  0.349364E+003  0.958953E+001  0.942478E+001 -0.376991E+001  0.116305E-003  0.180292E-004  0.117694E-003 -0.205690E-003 -0.262063E-004  0.207353E-003  0.110000E+002  0.200000E+001  0.100000E+001  0.500000E+000  0.300000E+000  0.200000E+001  0.100000E+001  0.100000E+001  0.268000E+002
  0.349364E+003  0.958953E+001  0.942478E+001 -0.376991E+001 -0.115605E-003  0.145387E-004  0.116516E-003  0.202884E-003 -0.310469E-004  0.205246E-003  0.110000E+002  0.200000E+001  0.100000E+001  0.500000E+000  0.300000E+000  0.200000E+001  0.100000E+001  0.100000E+001  0.272000E+002
  0.349364E+003  0.958953E+001  0.942478E+001 -0.376991E+001  0.106079E-003 -0.453683E-004  0.115374E-003 -0.184659E-003  0.848151E-004  0.203206E-003  0.110000E+002  0.200000E+001  0.100000E+001  0.500000E+000  0.300000E+000  0.200000E+001  0.100000E+001  0.100000E+001  0.276000E+002
  0.349364E+003  0.958953E+001  0.942478E+001 -0.376991E+001 -0.886123E-004  0.721427E-004  0.114266E-003  0.152679E-003 -0.131077E-003  0.201226E-003  0.110000E+002  0.200000E+001  0.100000E+001  0.500000E+000  0.300000E+000  0.200000E+001  0.100000E+001  0.100000E+001  0.280000E+002
  0.349364E+003  0.958953E+001  0.942478E+001 -0.376991E+001  0.646772E-004 -0.928925E-004  0.113191E-003 -0.109624E-003  0.166449E-003  0.199306E-003  0.110000E+002  0.200000E+001  0.100000E+001  0.500000E+000  0.300000E+000  0.200000E+001  0.100000E+001  0.100000E+001  0.284000E+002
  0.349364E+003  0.958953E+001  0.942478E+001 -0.376991E+001 -0.362140E-004  0.106139E-003  0.112147E-003  0.589695E-004 -0.188430E-003  0.197441E-003  0.110000E+002  0.200000E+001  0.100000E+001  0.500000E+000  0.300000E+000  0.200000E+001  0.100000E+001  0.100000E+001  0.288000E+002
  0.349364E+003  0.958953E+001  0.942478E+001 -0.376991E+001  0.547598E-005 -0.110997E-003  0.111132E-003 -0.470909E-005  0.195574E-003  0.195630E-003  0.110000E+002  0.200000E+001  0.100000E+001  0.500000E+000  0.300000E+000  0.200000E+001  0.100000E+001  0.100000E+001  0.292000E+002
  0.349364E+003  0.958953E+001  0.942478E+001 -0.376991E+001  0.251468E-004  0.107237E-003  0.110146E-003 -0.489537E-004 -0.187587E-003  0.193870E-003  0.110000E+002  0.200000E+001  0.100000E+001  0.500000E+000  0.300000E+000  0.200000E+001  0.100000E+001  0.100000E+001  0.296000E+002
  0.349364E+003  0.958953E+001  0.942478E+001 -0.376991E+001 -0.533089E-004 -0.952882E-004  0.109186E-003  0.979247E-004  0.165335E-003  0.192159E-003  0.110000E+002  0.200000E+001  0.100000E+001  0.500000E+000  0.300000E+000  0.200000E+001  0.100000E+001  0.100000E+001  0.300000E+002
  0.349364E+003  0.958953E+001  0.942478E+001 -0.376991E+001  0.768910E-004  0.762003E-004  0.108253E-003 -0.138535E-003 -0.130752E-003  0.190494E-003  0.110000E+002  0.200000E+001  0.100000E+001  0.500000E+000  0.300000E+000  0.200000E+001  0.100000E+001  0.100000E+001  0.304000E+002
  0.349364E+003  0.958953E+001  0.942478E+001 -0.376991E+001 -0.941542E-004 -0.515530E-004  0.107344E-003  0.167805E-003  0.866876E-004  0.188873E-003  0.110000E+002  0.200000E+001  0.100000E+001  0.500000E+000  0.300000E+000  0.200000E+001  0.100000E+001  0.100000E+001  0.308000E+002
  0.349364E+003  0.958953E+001  0.942478E+001 -0.376991E+001  0.103872E-003  0.233271E-004  0.106459E-003 -0.183670E-003 -0.366705E-004  0.187295E-003  0.110000E+002  0.200000E+001  0.100000E+001  0.500000E+000  0.300000E+000  0.200000E+001  0.100000E+001  0.100000E+001  0.312000E+002
  0.349364E+003  0.958953E+001  0.942478E+001 -0.376991E+001 -0.105411E-003  0.624990E-005  0.105596E-003  0.185121E-003 -0.153655E-004  0.185758E-003  0.110000E+002  0.200000E+001  0.100000E+001  0.500000E+000  0.300000E+000  0.200000E+001  0.100000E+001  0.100000E+001  0.316000E+002
  0.349364E+003  0.958953E+001  0.942478E+001 -0.376991E+001  0.987777E-004 -0.348797E-004  0.104755E-003 -0.172267E-003  0.653898E-004  0.184260E-003  0.110000E+002  0.200000E+001  0.100000E+001  0.500000E+000  0.300000E+000  0.200000E+001  0.100000E+001  0.100000E+001  0.320000E+002
  0.349364E+003  0.958953E+001  0.942478E+001 -0.376991E+001 -0.846050E-004  0.603694E-004  0.103935E-003  0.146311E-003 -0.109584E-003  0.182799E-003  0.110000E+002  0.200000E+001  0.100000E+001  0.500000E+000  0.300000E+000  0.200000E+001  0.100000E+001  0.100000E+001  0.324000E+002
  0.349364E+003  0.958953E+001  0.942478E+001 -0.376991E+001  0.640964E-004 -0.807985E-004  0.103135E-003 -0.109445E-003  0.144631E-003  0.181374E-003  0.110000E+002  0.200000E+001  0.100000E+001  0.500000E+000  0.300000E+000  0.200000E+001  0.100000E+001  0.100000E+001  0.328000E+002
  0.349364E+003  0.958953E+001  0.942478E+001 -0.376991E+001 -0.389281E-004  0.946617E-004  0.102354E-003  0.646725E-004 -0.167963E-003  0.179984E-003  0.110000E+002  0.200000E+001  0.100000E+001  0.500000E+000  0.300000E+000  0.200000E+001  0.100000E+001  0.100000E+001  0.332000E+002
  0.349364E+003  0.958953E+001  0.942478E+001 -0.376991E+001  0.111107E-004 -0.100982E-003  0.101591E-003 -0.155584E-004  0.177947E-003  0.178626E-003  0.110000E+002  0.200000E+001  0.100000E+001  0.500000E+000  0.300000E+000  0.200000E+001  0.100000E+001  0.100000E+001  0.336000E+002
  0.349364E+003  0.958953E+001  0.942478E+001 -0.376991E+001  0.171662E-004  0.993741E-004  0.100846E-003 -0.340420E-004 -0.174002E-003  0.177301E-003  0.110000E+002  0.200000E+001  0.100000E+001  0.500000E+000  0.300000E+000  0.200000E+001  0.100000E+001  0.100000E+001  0.340000E+002
  0.349364E+003  0.958953E+001  0.942478E+001 -0.376991E+001 -0.437079E-004 -0.900733E-004  0.100118E-003  0.802906E-004  0.156625E-003  0.176006E-003  0.110000E+002  0.200000E+001  0.100000E+001  0.500000E+000  0.300000E+000  0.200000E+001  0.100000E+001  0.100000E+001  0.344000E+002
  0.349364E+003  0.958953E+001  0.942478E+001 -0.376991E+001  0.664807E-004  0.739046E-004  0.994061E-004 -0.119654E-003 -0.127346E-003  0.174740E-003  0.110000E+002  0.200000E+001  0.100000E+001  0.500000E+000  0.300000E+000  0.200000E+001  0.100000E+001  0.100000E+001  0.348000E+002
  0.349364E+003  0.958953E+001  0.942478E+001 -0.376991E+001 -0.837708E-004 -0.522129E-004  0.987104E-004  0.149181E-003  0.885901E-004  0.173503E-003  0.110000E+002  0.200000E+001  0.100000E+001  0.500000E+000  0.300000E+000  0.200000E+001  0.100000E+001  0.100000E+001  0.352000E+002
  0.349364E+003  0.958953E+001  0.942478E+001 -0.376991E+001  0.943084E-004  0.267535E-004  0.980297E-004 -0.166715E-003 -0.434844E-004  0.172293E-003  0.110000E+002  0.200000E+001  0.100000E+001  0.500000E+000  0.300000E+000  0.200000E+001  0.100000E+001  0.100000E+001  0.356000E+002
  0.349364E+003  0.958953E+001  0.942478E+001 -0.376991E+001 -0.973626E-004  0.446443E-006  0.973636E-004  0.171053E-003 -0.438837E-005  0.171109E-003  0.110000E+002  0.200000E+001  0.100000E+001  0.500000E+000  0.300000E+000  0.200000E+001  0.100000E+001  0.100000E+001  0.360000E+002
  0.349364E+003  0.958953E+001  0.942478E+001 -0.376991E+001  0.927925E-004 -0.272525E-004  0.967117E-004 -0.162029E-003  0.512818E-004  0.169951E-003  0.110000E+002  0.200000E+001  0.100000E+001  0.500000E+000  0.300000E+000  0.200000E+001  0.100000E+001  0.100000E+001  0.364000E+002
  0.349364E+003  0.958953E+001  0.942478E+001 -0.376991E+001 -0.810500E-004  0.515849E-004  0.960734E-004  0.140516E-003 -0.935659E-004  0.168817E-003  0.110000E+002  0.200000E+001  0.100000E+001  0.500000E+000  0.300000E+000  0.200000E+001  0.100000E+001  0.100000E+001  0.368000E+002
  0.349364E+003  0.958953E+001  0.942478E+001 -0.376991E+001  0.631378E-004 -0.715820E-004  0.954483E-004 -0.108340E-003  0.128017E-003  0.167707E-003  0.110000E+002  0.200000E+001  0.100000E+001  0.500000E+000  0.300000E+000  0.200000E+001  0.100000E+001  0.100000E+001  0.372000E+002
  0.349364E+003  0.958953E+001  0.942478E+001 -0.376991E+001 -0.405267E-004  0.857405E-004  0.948359E-004  0.681349E-004 -0.152052E-003  0.166620E-003  0.110000E+002  0.200000E+001  0.100000E+001  0.500000E+000  0.300000E+000  0.200000E+001  0.100000E+001  0.100000E+001  0.376000E+002
  0.349364E+003  0.958953E+001  0.942478E+001 -0.376991E+001  0.150341E-004 -0.930288E-004  0.942358E-004 -0.231257E-004  0.163931E-003  0.165554E-003  0.110000E+002  0.200000E+001  0.100000E+001  0.500000E+000  0.300000E+000  0.200000E+001  0.100000E+001  0.100000E+001  0.380000E+002
  0.349364E+003  0.958953E+001  0.942478E+001 -0.376991E+001  0.113177E-004  0.929609E-004  0.936473E-004 -0.231253E-004 -0.162877E-003  0.164510E-003  0.110000E+002  0.200000E+001  0.100000E+001  0.500000E+000  0.300000E+000  0.200000E+001  0.100000E+001  0.100000E+001  0.384000E+002
  0.349364E+003  0.958953E+001  0.942478E+001 -0.376991E+001 -0.364660E-004 -0.856295E-004  0.930708E-004  0.670070E-004  0.149124E-003  0.163487E-003  0.110000E+002  0.200000E+001  0.100000E+001  0.500000E+000  0.300000E+000  0.200000E+001  0.100000E+001  0.100000E+001  0.388000E+002
  0.349364E+003  0.958953E+001  0.942478E+001 -0.376991E+001  0.584593E-004  0.716917E-004  0.925050E-004 -0.105121E-003 -0.123896E-003  0.162483E-003  0.110000E+002  0.200000E+001  0.100000E+001  0.500000E+000  0.300000E+000  0.200000E+001  0.100000E+001  0.100000E+001  0.392000E+002
  0.349364E+003  0.958953E+001  0.942478E+001 -0.376991E+001 -0.756197E-004 -0.523114E-004  0.919501E-004  0.134570E-003  0.892918E-004  0.161499E-003  0.110000E+002  0.200000E+001  0.100000E+001  0.500000E+000  0.300000E+000  0.200000E+001  0.100000E+001  0.100000E+001  0.396000E+002
  0.349364E+003  0.958953E+001  0.942478E+001 -0.376991E+001  0.866618E-004  0.290638E-004  0.914056E-004 -0.153153E-003 -0.481165E-004  0.160533E-003  0.110000E+002  0.200000E+001  0.100000E+001  0.500000E+000  0.300000E+000  0.200000E+001  0.100000E+001  0.100000E+001  0.400000E+002
  0.349364E+003  0.958953E+001  0.942478E+001 -0.376991E+001 -0.907912E-004 -0.381012E-005  0.908711E-004  0.159544E-003  0.366051E-005  0.159586E-003  0.110000E+002  0.200000E+001  0.100000E+001  0.500000E+000  0.300000E+000  0.200000E+001  0.100000E+001  0.100000E+001  0.404000E+002
  0.349364E+003  0.958953E+001  0.942478E+001 -0.376991E+001  0.877622E-004 -0.214539E-004  0.903464E-004 -0.153380E-003  0.405707E-004  0.158655E-003  0.110000E+002  0.200000E+001  0.100000E+001  0.500000E+000  0.300000E+000  0.200000E+001  0.100000E+001  0.100000E+001  0.408000E+002
  0.349364E+003  0.958953E+001  0.942478E+001 -0.376991E+001 -0.778903E-004  0.447521E-004  0.898312E-004  0.135283E-003 -0.811237E-004  0.157742E-003  0.110000E+002  0.200000E+001  0.100000E+001  0.500000E+000  0.300000E+000  0.200000E+001  0.100000E+001  0.100000E+001  0.412000E+002
  0.349364E+003  0.958953E+001  0.942478E+001 -0.376991E+001  0.620229E-004 -0.642815E-004  0.893250E-004 -0.106798E-003  0.114868E-003  0.156845E-003  0.110000E+002  0.200000E+001  0.100000E+001  0.500000E+000  0.300000E+000  0.200000E+001  0.100000E+001  0.100000E+001  0.416000E+002
  0.349364E+003  0.958953E+001  0.942478E+001 -0.376991E+001 -0.414658E-004  0.785558E-004  0.888281E-004  0.702633E-004 -0.139241E-003  0.155964E-003  0.110000E+002  0.200000E+001  0.100000E+001  0.500000E+000  0.300000E+000  0.200000E+001  0.100000E+001  0.100000E+001  0.420000E+002
  0.349364E+003  0.958953E+001  0.942478E+001 -0.376991E+001  0.178795E-004 -0.865113E-004  0.883396E-004 -0.286238E-004  0.152435E-003  0.155099E-003  0.110000E+002  0.200000E+001  0.100000E+001  0.500000E+000  0.300000E+000  0.200000E+001  0.100000E+001  0.100000E+001  0.424000E+002
  0.349364E+003  0.958953E+001  0.942478E+001 -0.376991E+001  0.685688E-005  0.875915E-004  0.878595E-004 -0.148089E-004 -0.153536E-003  0.154249E-003  0.110000E+002  0.200000E+001  0.100000E+001  0.500000E+000  0.300000E+000  0.200000E+001  0.100000E+001  0.100000E+001  0.428000E+002
  0.349364E+003  0.958953E+001  0.942478E+001 -0.376991E+001 -0.307912E-004 -0.817832E-004  0.873876E-004  0.566137E-004  0.142585E-003  0.153413E-003  0.110000E+002  0.200000E+001  0.100000E+001  0.500000E+000  0.300000E+000  0.200000E+001  0.100000E+001  0.100000E+001  0.432000E+002
  0.349364E+003  0.958953E+001  0.942478E+001 -0.376991E+001  0.520560E-004  0.696124E-004  0.869236E-004 -0.935343E-004 -0.120563E-003  0.152591E-003  0.110000E+002  0.200000E+001  0.100000E+001  0.500000E+000  0.300000E+000  0.200000E+001  0.100000E+001  0.100000E+001  0.436000E+002
  0.349364E+003  0.958953E+001  0.942478E+001 -0.376991E+001 -0.690093E-004 -0.520990E-004  0.864673E-004  0.122727E-003  0.893100E-004  0.151784E-003  0.110000E+002  0.200000E+001  0.100000E+001  0.500000E+000  0.300000E+000  0.200000E+001  0.100000E+001  0.100000E+001  0.440000E+002
  0.349364E+003  0.958953E+001  0.942478E+001 -0.376991E+001  0.803648E-004  0.306705E-004  0.860185E-004 -0.141982E-003 -0.513685E-004  0.150989E-003  0.110000E+002  0.200000E+001  0.100000E+001  0.500000E+000  0.300000E+000  0.200000E+001  0.100000E+001  0.100000E+001  0.444000E+002
  0.349364E+003  0.958953E+001  0.942478E+001 -0.376991E+001 -0.852862E-004 -0.704889E-005  0.855770E-004  0.149889E-003  0.978163E-005  0.150207E-003  0.110000E+002  0.200000E+001  0.100000E+001  0.500000E+000  0.300000E+000  0.200000E+001  0.100000E+001  0.100000E+001  0.448000E+002
  0.349364E+003  0.958953E+001  0.942478E+001 -0.376991E+001  0.834504E-004 -0.168900E-004  0.851425E-004 -0.145939E-003  0.321522E-004  0.149439E-003  0.110000E+002  0.200000E+001  0.100000E+001  0.500000E+000  0.300000E+000  0.200000E+001  0.100000E+001  0.100000E+001  0.452000E+002
  0.349364E+003  0.958953E+001  0.942478E+001 -0.376991E+001 -0.750676E-004  0.392611E-004  0.847147E-004  0.130559E-003 -0.711389E-004  0.148682E-003  0.110000E+002  0.200000E+001  0.100000E+001  0.500000E+000  0.300000E+000  0.200000E+001  0.100000E+001  0.100000E+001  0.456000E+002
  0.349364E+003  0.958953E+001  0.942478E+001 -0.376991E+001  0.608592E-004 -0.583236E-004  0.842941E-004 -0.105066E-003  0.104147E-003  0.147938E-003  0.110000E+002  0.200000E+001  0.100000E+001  0.500000E+000  0.300000E+000  0.200000E+001  0.100000E+001  0.100000E+001  0.460000E+002
  0.349364E+003  0.958953E+001  0.942478E+001 -0.376991E+001 -0.419981E-004  0.726084E-004  0.838798E-004  0.715607E-004 -0.128640E-003  0.147205E-003  0.110000E+002  0.200000E+001  0.100000E+001  0.500000E+000  0.300000E+000  0.200000E+001  0.100000E+001  0.100000E+001  0.464000E+002
  0.349364E+003  0.958953E+001  0.942478E+001 -0.376991E+001  0.200119E-004 -0.810374E-004  0.834717E-004 -0.327517E-004  0.142775E-003  0.146483E-003  0.110000E+002  0.200000E+001  0.100000E+001  0.500000E+000  0.300000E+000  0.200000E+001  0.100000E+001  0.100000E+001  0.468000E+002
  0.349364E+003  0.958953E+001  0.942478E+001 -0.376991E+001  0.334038E-005  0.830029E-004  0.830700E-004 -0.826058E-005 -0.145539E-003  0.145773E-003  0.110000E+002  0.200000E+001  0.100000E+001  0.500000E+000  0.300000E+000  0.200000E+001  0.100000E+001  0.100000E+001  0.472000E+002
  0.349364E+003  0.958953E+001  0.942478E+001 -0.376991E+001 -0.262100E-004 -0.784096E-004  0.826742E-004  0.482357E-004  0.136819E-003  0.145073E-003  0.110000E+002  0.200000E+001  0.100000E+001  0.500000E+000  0.300000E+000  0.200000E+001  0.100000E+001  0.100000E+001  0.476000E+002
  0.349364E+003  0.958953E+001  0.942478E+001 -0.376991E+001  0.467996E-004  0.676794E-004  0.822843E-004 -0.840349E-004 -0.117409E-003  0.144384E-003  0.110000E+002  0.200000E+001  0.100000E+001  0.500000E+000  0.300000E+000  0.200000E+001  0.100000E+001  0.100000E+001  0.480000E+002
  0.349364E+003  0.958953E+001  0.942478E+001 -0.376991E+001 -0.635089E-004 -0.517132E-004  0.819002E-004  0.112881E-003  0.889319E-004  0.143705E-003  0.110000E+002  0.200000E+001  0.100000E+001  0.500000E+000  0.300000E+000  0.200000E+001  0.100000E+001  0.100000E+001  0.484000E+002
  0.349364E+003  0.958953E+001  0.942478E+001 -0.376991E+001  0.750573E-004  0.318147E-004  0.815216E-004 -0.132569E-003 -0.537104E-004  0.143036E-003  0.110000E+002  0.200000E+001  0.100000E+001  0.500000E+000  0.300000E+000  0.200000E+001  0.100000E+001  0.100000E+001  0.488000E+002
  0.349364E+003  0.958953E+001  0.942478E+001 -0.376991E+001 -0.805804E-004 -0.958760E-005  0.811487E-004  0.141628E-003  0.145774E-004  0.142377E-003  0.110000E+002  0.200000E+001  0.100000E+001  0.500000E+000  0.300000E+000  0.200000E+001  0.100000E+001  0.100000E+001  0.492000E+002
  0.349364E+003  0.958953E+001  0.942478E+001 -0.376991E+001  0.796958E-004 -0.131962E-004  0.807809E-004 -0.139441E-003  0.253493E-004  0.141727E-003  0.110000E+002  0.200000E+001  0.100000E+001  0.500000E+000  0.300000E+000  0.200000E+001  0.100000E+001  0.100000E+001  0.496000E+002
  0.349364E+003  0.958953E+001  0.942478E+001 -0.376991E+001 -0.725298E-004  0.347350E-004  0.804182E-004  0.126279E-003 -0.629191E-004  0.141086E-003  0.110000E+002  0.200000E+001  0.100000E+001  0.500000E+000  0.300000E+000  0.200000E+001  0.100000E+001  0.100000E+001  0.500000E+002
  0.349364E+003  0.958953E+001  0.942478E+001 -0.376991E+001  0.597014E-004 -0.533431E-004  0.800608E-004 -0.103273E-003  0.951944E-004  0.140454E-003  0.110000E+002  0.200000E+001  0.100000E+001  0.500000E+000  0.300000E+000  0.200000E+001  0.100000E+001  0.100000E+001  0.504000E+002
  0.349364E+003  0.958953E+001  0.942478E+001 -0.376991E+001 -0.422712E-004  0.675760E-004  0.797080E-004  0.723230E-004 -0.119676E-003  0.139831E-003  0.110000E+002  0.200000E+001  0.100000E+001  0.500000E+000  0.300000E+000  0.200000E+001  0.100000E+001  0.100000E+001  0.508000E+002
  0.349364E+003  0.958953E+001  0.942478E+001 -0.376991E+001  0.216542E-004 -0.763490E-004  0.793604E-004 -0.359358E-004  0.134499E-003  0.139217E-003  0.110000E+002  0.200000E+001  0.100000E+001  0.500000E+000  0.300000E+000  0.200000E+001  0.100000E+001  0.100000E+001  0.512000E+002
  0.349364E+003  0.958953E+001  0.942478E+001 -0.376991E+001  0.496267E-006  0.790160E-004  0.790175E-004 -0.297287E-005 -0.138580E-003  0.138612E-003  0.110000E+002  0.200000E+001  0.100000E+001  0.500000E+000  0.300000E+000  0.200000E+001  0.100000E+001  0.100000E+001  0.516000E+002
  0.349364E+003  0.958953E+001  0.942478E+001 -0.376991E+001 -0.224202E-004 -0.754171E-004  0.786791E-004  0.413155E-004  0.131685E-003  0.138014E-003  0.110000E+002  0.200000E+001  0.100000E+001  0.500000E+000  0.300000E+000  0.200000E+001  0.100000E+001  0.100000E+001  0.520000E+002
  0.349364E+003  0.958953E+001  0.942478E+001 -0.376991E+001  0.423873E-004  0.658885E-004  0.783452E-004 -0.760704E-004 -0.114450E-003  0.137425E-003  0.110000E+002  0.200000E+001  0.100000E+001  0.500000E+000  0.300000E+000  0.200000E+001  0.100000E+001  0.100000E+001  0.524000E+002
  0.349364E+003  0.958953E+001  0.942478E+001 -0.376991E+001 -0.588369E-004 -0.512315E-004  0.780157E-004  0.104524E-003  0.883201E-004  0.136842E-003  0.110000E+002  0.200000E+001  0.100000E+001  0.500000E+000  0.300000E+000  0.200000E+001  0.100000E+001  0.100000E+001  0.528000E+002
  0.349364E+003  0.958953E+001  0.942478E+001 -0.376991E+001  0.704993E-004  0.326448E-004  0.776906E-004 -0.124486E-003 -0.554303E-004  0.136269E-003  0.110000E+002  0.200000E+001  0.100000E+001  0.500000E+000  0.300000E+000  0.200000E+001  0.100000E+001  0.100000E+001  0.532000E+002
  0.349364E+003  0.958953E+001  0.942478E+001 -0.376991E+001 -0.764907E-004 -0.116292E-004  0.773697E-004  0.134445E-003  0.184317E-004  0.135703E-003  0.110000E+002  0.200000E+001  0.100000E+001  0.500000E+000  0.300000E+000  0.200000E+001  0.100000E+001  0.100000E+001  0.536000E+002
  0.349364E+003  0.958953E+001  0.942478E+001 -0.376991E+001  0.763834E-004 -0.101349E-004  0.770528E-004 -0.133697E-003  0.197205E-004  0.135143E-003  0.110000E+002  0.200000E+001  0.100000E+001  0.500000E+000  0.300000E+000  0.200000E+001  0.100000E+001  0.100000E+001  0.540000E+002
  0.349364E+003  0.958953E+001  0.942478E+001 -0.376991E+001 -0.702346E-004  0.309214E-004  0.767400E-004  0.122387E-003 -0.560040E-004  0.134592E-003  0.110000E+002  0.200000E+001  0.100000E+001  0.500000E+000  0.300000E+000  0.200000E+001  0.100000E+001  0.100000E+001  0.544000E+002
  0.349364E+003  0.958953E+001  0.942478E+001 -0.376991E+001  0.585773E-004 -0.490962E-004  0.764312E-004 -0.101489E-003  0.875691E-004  0.134046E-003  0.110000E+002  0.200000E+001  0.100000E+001  0.500000E+000  0.300000E+000  0.200000E+001  0.100000E+001  0.100000E+001  0.548000E+002
  0.349364E+003  0.958953E+001  0.942478E+001 -0.376991E+001 -0.423766E-004  0.632410E-004  0.761262E-004  0.727331E-004 -0.111957E-003  0.133508E-003  0.110000E+002  0.200000E+001  0.100000E+001  0.500000E+000  0.300000E+000  0.200000E+001  0.100000E+001  0.100000E+001  0.552000E+002
  0.349364E+003  0.958953E+001  0.942478E+001 -0.376991E+001  0.229494E-004 -0.722687E-004  0.758251E-004 -0.384509E-004  0.127296E-003  0.132977E-003  0.110000E+002  0.200000E+001  0.100000E+001  0.500000E+000  0.300000E+000  0.200000E+001  0.100000E+001  0.100000E+001  0.556000E+002
  0.349364E+003  0.958953E+001  0.942478E+001 -0.376991E+001 -0.185582E-005  0.755047E-004  0.755275E-004  0.139512E-005 -0.132445E-003  0.132452E-003  0.110000E+002  0.200000E+001  0.100000E+001  0.500000E+000  0.300000E+000  0.200000E+001  0.100000E+001  0.100000E+001  0.560000E+002
  0.349364E+003  0.958953E+001  0.942478E+001 -0.376991E+001 -0.192213E-004 -0.727368E-004  0.752336E-004  0.354828E-004  0.127073E-003  0.131934E-003  0.110000E+002  0.200000E+001  0.100000E+001  0.500000E+000  0.300000E+000  0.200000E+001  0.100000E+001  0.100000E+001  0.564000E+002
  0.349364E+003  0.958953E+001  0.942478E+001 -0.376991E+001  0.386142E-004  0.642296E-004  0.749433E-004 -0.692682E-004 -0.111685E-003  0.131422E-003  0.110000E+002  0.200000E+001  0.100000E+001  0.500000E+000  0.300000E+000  0.200000E+001  0.100000E+001  0.100000E+001  0.568000E+002
  0.349364E+003  0.958953E+001  0.942478E+001 -0.376991E+001 -0.548006E-004 -0.506996E-004  0.746563E-004  0.973113E-004  0.875750E-004  0.130915E-003  0.110000E+002  0.200000E+001  0.100000E+001  0.500000E+000  0.300000E+000  0.200000E+001  0.100000E+001  0.100000E+001  0.572000E+002
  0.349364E+003  0.958953E+001  0.942478E+001 -0.376991E+001  0.665241E-004  0.332547E-004  0.743729E-004 -0.117439E-003 -0.567132E-004  0.130416E-003  0.110000E+002  0.200000E+001  0.100000E+001  0.500000E+000  0.300000E+000  0.200000E+001  0.100000E+001  0.100000E+001  0.576000E+002
  0.349364E+003  0.958953E+001  0.942478E+001 -0.376991E+001 -0.728883E-004 -0.133055E-004  0.740928E-004  0.128115E-003  0.215932E-004  0.129922E-003  0.110000E+002  0.200000E+001  0.100000E+001  0.500000E+000  0.300000E+000  0.200000E+001  0.100000E+001  0.100000E+001  0.580000E+002
  0.349364E+003  0.958953E+001  0.942478E+001 -0.376991E+001  0.734289E-004 -0.754971E-005  0.738160E-004 -0.128565E-003  0.149743E-004  0.129434E-003  0.110000E+002  0.200000E+001  0.100000E+001  0.500000E+000  0.300000E+000  0.200000E+001  0.100000E+001  0.100000E+001  0.584000E+002
  0.349364E+003  0.958953E+001  0.942478E+001 -0.376991E+001 -0.681450E-004  0.276536E-004  0.735422E-004  0.118827E-003 -0.500862E-004  0.128951E-003  0.110000E+002  0.200000E+001  0.100000E+001  0.500000E+000  0.300000E+000  0.200000E+001  0.100000E+001  0.100000E+001  0.588000E+002
  0.349364E+003  0.958953E+001  0.942478E+001 -0.376991E+001  0.574976E-004 -0.454179E-004  0.732718E-004 -0.997459E-004  0.809708E-004  0.128474E-003  0.110000E+002  0.200000E+001  0.100000E+001  0.500000E+000  0.300000E+000  0.200000E+001  0.100000E+001  0.100000E+001  0.592000E+002
  0.349364E+003  0.958953E+001  0.942478E+001 -0.376991E+001 -0.423686E-004  0.594519E-004  0.730043E-004  0.729018E-004 -0.105215E-003  0.128003E-003  0.110000E+002  0.200000E+001  0.100000E+001  0.500000E+000  0.300000E+000  0.200000E+001  0.100000E+001  0.100000E+001  0.596000E+002
  0.349364E+003  0.958953E+001  0.942478E+001 -0.376991E+001  0.239891E-004 -0.686705E-004  0.727400E-004 -0.404738E-004  0.120944E-003  0.127537E-003  0.110000E+002  0.200000E+001  0.100000E+001  0.500000E+000  0.300000E+000  0.200000E+001  0.100000E+001  0.100000E+001  0.600000E+002
  0.349364E+003  0.958953E+001  0.942478E+001 -0.376991E+001 -0.383764E-005  0.723770E-004  0.724787E-004  0.507016E-005 -0.126975E-003  0.127076E-003  0.110000E+002  0.200000E+001  0.100000E+001  0.500000E+000  0.300000E+000  0.200000E+001  0.100000E+001  0.100000E+001  0.604000E+002
  0.349364E+003  0.958953E+001  0.942478E+001 -0.376991E+001 -0.164750E-004 -0.703158E-004  0.722201E-004  0.304838E-004  0.122897E-003  0.126621E-003  0.110000E+002  0.200000E+001  0.100000E+001  0.500000E+000  0.300000E+000  0.200000E+001  0.100000E+001  0.100000E+001  0.608000E+002
  0.349364E+003  0.958953E+001  0.942478E+001 -0.376991E+001  0.353375E-004  0.626909E-004  0.719645E-004 -0.633678E-004 -0.109103E-003  0.126170E-003  0.110000E+002  0.200000E+001  0.100000E+001  0.500000E+000  0.300000E+000  0.200000E+001  0.100000E+001  0.100000E+001  0.612000E+002
  0.349364E+003  0.958953E+001  0.942478E+001 -0.376991E+001 -0.512640E-004 -0.501453E-004  0.717115E-004  0.909958E-004  0.867547E-004  0.125724E-003  0.110000E+002  0.200000E+001  0.100000E+001  0.500000E+000  0.300000E+000  0.200000E+001  0.100000E+001  0.100000E+001  0.616000E+002
  0.349364E+003  0.958953E+001  0.942478E+001 -0.376991E+001  0.630125E-004  0.337069E-004  0.714614E-004 -0.111216E-003 -0.576811E-004  0.125284E-003  0.110000E+002  0.200000E+001  0.100000E+001  0.500000E+000  0.300000E+000  0.200000E+001  0.100000E+001  0.100000E+001  0.620000E+002
  0.349364E+003  0.958953E+001  0.942478E+001 -0.376991E+001 -0.696789E-004 -0.147067E-004  0.712140E-004  0.122473E-003  0.242335E-004  0.124848E-003  0.110000E+002  0.200000E+001  0.100000E+001  0.500000E+000  0.300000E+000  0.200000E+001  0.100000E+001  0.100000E+001  0.624000E+002
  0.349364E+003  0.958953E+001  0.942478E+001 -0.376991E+001  0.707688E-004 -0.533072E-005  0.709693E-004 -0.123938E-003  0.109063E-004  0.124417E-003  0.110000E+002  0.200000E+001  0.100000E+001  0.500000E+000  0.300000E+000  0.200000E+001  0.100000E+001  0.100000E+001  0.628000E+002
  0.349364E+003  0.958953E+001  0.942478E+001 -0.376991E+001 -0.662329E-004  0.248095E-004  0.707270E-004  0.115558E-003 -0.449425E-004  0.123990E-003  0.110000E+002  0.200000E+001  0.100000E+001  0.500000E+000  0.300000E+000  0.200000E+001  0.100000E+001  0.100000E+001  0.632000E+002
  0.349364E+003  0.958953E+001  0.942478E+001 -0.376991E+001  0.564689E-004 -0.421869E-004  0.704874E-004 -0.980655E-004  0.751813E-004  0.123568E-003  0.110000E+002  0.200000E+001  0.100000E+001  0.500000E+000  0.300000E+000  0.200000E+001  0.100000E+001  0.100000E+001  0.636000E+002
  0.349364E+003  0.958953E+001  0.942478E+001 -0.376991E+001 -0.422863E-004  0.560978E-004  0.702503E-004  0.729074E-004 -0.992498E-004  0.123150E-003  0.110000E+002  0.200000E+001  0.100000E+001  0.500000E+000  0.300000E+000  0.200000E+001  0.100000E+001  0.100000E+001  0.640000E+002
  0.349364E+003  0.958953E+001  0.942478E+001 -0.376991E+001  0.248391E-004 -0.654616E-004  0.700157E-004 -0.421298E-004  0.115280E-003  0.122738E-003  0.110000E+002  0.200000E+001  0.100000E+001  0.500000E+000  0.300000E+000  0.200000E+001  0.100000E+001  0.100000E+001  0.644000E+002
  0.349364E+003  0.958953E+001  0.942478E+001 -0.376991E+001 -0.553524E-005  0.695635E-004  0.697834E-004  0.821273E-005 -0.122052E-003  0.122328E-003  0.110000E+002  0.200000E+001  0.100000E+001  0.500000E+000  0.300000E+000  0.200000E+001  0.100000E+001  0.100000E+001  0.648000E+002
  0.349364E+003  0.958953E+001  0.942478E+001 -0.376991E+001 -0.140824E-004 -0.681130E-004  0.695535E-004  0.261340E-004  0.119090E-003  0.121923E-003  0.110000E+002  0.200000E+001  0.100000E+001  0.500000E+000  0.300000E+000  0.200000E+001  0.100000E+001  0.100000E+001  0.652000E+002
  0.349364E+003  0.958953E+001  0.942478E+001 -0.376991E+001  0.324542E-004  0.612601E-004  0.693259E-004 -0.581824E-004 -0.106689E-003  0.121523E-003  0.110000E+002  0.200000E+001  0.100000E+001  0.500000E+000  0.300000E+000  0.200000E+001  0.100000E+001  0.100000E+001  0.656000E+002
  0.349364E+003  0.958953E+001  0.942478E+001 -0.376991E+001 -0.481275E-004 -0.495849E-004  0.691008E-004  0.853996E-004  0.858980E-004  0.121126E-003  0.110000E+002  0.200000E+001  0.100000E+001  0.500000E+000  0.300000E+000  0.200000E+001  0.100000E+001  0.100000E+001  0.660000E+002
  0.349364E+003  0.958953E+001  0.942478E+001 -0.376991E+001  0.598763E-004  0.340438E-004  0.688778E-004 -0.105660E-003 -0.584176E-004  0.120734E-003  0.110000E+002  0.200000E+001  0.100000E+001  0.500000E+000  0.300000E+000  0.200000E+001  0.100000E+001  0.100000E+001  0.664000E+002
  0.349364E+003  0.958953E+001  0.942478E+001 -0.376991E+001 -0.667914E-004 -0.158973E-004  0.686572E-004  0.117397E-003  0.264748E-004  0.120345E-003  0.110000E+002  0.200000E+001  0.100000E+001  0.500000E+000  0.300000E+000  0.200000E+001  0.100000E+001  0.100000E+001  0.668000E+002
  0.349364E+003  0.958953E+001  0.942478E+001 -0.376991E+001  0.683540E-004 -0.339972E-005  0.684385E-004 -0.119733E-003  0.737161E-005  0.119960E-003  0.110000E+002  0.200000E+001  0.100000E+001  0.500000E+000  0.300000E+000  0.200000E+001  0.100000E+001  0.100000E+001  0.672000E+002
  0.349364E+003  0.958953E+001  0.942478E+001 -0.376991E+001 -0.644731E-004  0.223040E-004  0.682220E-004  0.112542E-003 -0.404174E-004  0.119580E-003  0.110000E+002  0.200000E+001  0.100000E+001  0.500000E+000  0.300000E+000  0.200000E+001  0.100000E+001  0.100000E+001  0.676000E+002
  0.349364E+003  0.958953E+001  0.942478E+001 -0.376991E+001  0.554913E-004 -0.393163E-004  0.680078E-004 -0.964531E-004  0.700422E-004  0.119202E-003  0.110000E+002  0.200000E+001  0.100000E+001  0.500000E+000  0.300000E+000  0.200000E+001  0.100000E+001  0.100000E+001  0.680000E+002
  0.349364E+003  0.958953E+001  0.942478E+001 -0.376991E+001 -0.421533E-004  0.530973E-004  0.677955E-004  0.727995E-004 -0.939168E-004  0.118828E-003  0.110000E+002  0.200000E+001  0.100000E+001  0.500000E+000  0.300000E+000  0.200000E+001  0.100000E+001  0.100000E+001  0.684000E+002
  0.349364E+003  0.958953E+001  0.942478E+001 -0.376991E+001  0.255453E-004 -0.625717E-004  0.675853E-004 -0.435058E-004  0.110180E-003  0.118459E-003  0.110000E+002  0.200000E+001  0.100000E+001  0.500000E+000  0.300000E+000  0.200000E+001  0.100000E+001  0.100000E+001  0.688000E+002
  0.349364E+003  0.958953E+001  0.942478E+001 -0.376991E+001 -0.700880E-005  0.670116E-004  0.673771E-004  0.109363E-004 -0.117585E-003  0.118092E-003  0.110000E+002  0.200000E+001  0.100000E+001  0.500000E+000  0.300000E+000  0.200000E+001  0.100000E+001  0.100000E+001  0.692000E+002
  0.349364E+003  0.958953E+001  0.942478E+001 -0.376991E+001 -0.119730E-004 -0.660954E-004  0.671711E-004  0.223043E-004  0.115597E-003  0.117729E-003  0.110000E+002  0.200000E+001  0.100000E+001  0.500000E+000  0.300000E+000  0.200000E+001  0.100000E+001  0.100000E+001  0.696000E+002
  0.349364E+003  0.958953E+001  0.942478E+001 -0.376991E+001  0.298879E-004  0.599270E-004  0.669666E-004 -0.535713E-004 -0.104431E-003  0.117370E-003  0.110000E+002  0.200000E+001  0.100000E+001  0.500000E+000  0.300000E+000  0.200000E+001  0.100000E+001  0.100000E+001  0.700000E+002
  0.349364E+003  0.958953E+001  0.942478E+001 -0.376991E+001 -0.453167E-004 -0.490294E-004  0.667644E-004  0.803883E-004  0.850290E-004  0.117014E-003  0.110000E+002  0.200000E+001  0.100000E+001  0.500000E+000  0.300000E+000  0.200000E+001  0.100000E+001  0.100000E+001  0.704000E+002
  0.349364E+003  0.958953E+001  0.942478E+001 -0.376991E+001  0.570485E-004  0.342959E-004  0.665638E-004 -0.100652E-003 -0.589822E-004  0.116661E-003  0.110000E+002  0.200000E+001  0.100000E+001  0.500000E+000  0.300000E+000  0.200000E+001  0.100000E+001  0.100000E+001  0.708000E+002
  0.349364E+003  0.958953E+001  0.942478E+001 -0.376991E+001 -0.641718E-004 -0.169210E-004  0.663652E-004  0.112791E-003  0.283991E-004  0.116311E-003  0.110000E+002  0.200000E+001  0.100000E+001  0.500000E+000  0.300000E+000  0.200000E+001  0.100000E+001  0.100000E+001  0.712000E+002
  0.349364E+003  0.958953E+001  0.942478E+001 -0.376991E+001  0.661466E-004 -0.169691E-005  0.661684E-004 -0.115887E-003  0.426029E-005  0.115965E-003  0.110000E+002  0.200000E+001  0.100000E+001  0.500000E+000  0.300000E+000  0.200000E+001  0.100000E+001  0.100000E+001  0.716000E+002
  0.349364E+003  0.958953E+001  0.942478E+001 -0.376991E+001 -0.628462E-004  0.200710E-004  0.659733E-004  0.109746E-003 -0.363891E-004  0.115622E-003  0.110000E+002  0.200000E+001  0.100000E+001  0.500000E+000  0.300000E+000  0.200000E+001  0.100000E+001  0.100000E+001  0.720000E+002
  0.349364E+003  0.958953E+001  0.942478E+001 -0.376991E+001  0.545630E-004 -0.367411E-004  0.657801E-004 -0.949115E-004  0.654364E-004  0.115283E-003  0.110000E+002  0.200000E+001  0.100000E+001  0.500000E+000  0.300000E+000  0.200000E+001  0.100000E+001  0.100000E+001  0.724000E+002
  0.349364E+003  0.958953E+001  0.942478E+001 -0.376991E+001 -0.419857E-004  0.503892E-004  0.655886E-004  0.726112E-004 -0.891066E-004  0.114945E-003  0.110000E+002  0.200000E+001  0.100000E+001  0.500000E+000  0.300000E+000  0.200000E+001  0.100000E+001  0.100000E+001  0.728000E+002
  0.349364E+003  0.958953E+001  0.942478E+001 -0.376991E+001  0.261400E-004 -0.599476E-004  0.653989E-004 -0.446662E-004  0.105550E-003  0.114612E-003  0.110000E+002  0.200000E+001  0.100000E+001  0.500000E+000  0.300000E+000  0.200000E+001  0.100000E+001  0.100000E+001  0.732000E+002
  0.349364E+003  0.958953E+001  0.942478E+001 -0.376991E+001 -0.830210E-005  0.646800E-004  0.652107E-004  0.133234E-004 -0.113501E-003  0.114280E-003  0.110000E+002  0.200000E+001  0.100000E+001  0.500000E+000  0.300000E+000  0.200000E+001  0.100000E+001  0.100000E+001  0.736000E+002
  0.349364E+003  0.958953E+001  0.942478E+001 -0.376991E+001 -0.100940E-004 -0.642360E-004  0.650243E-004  0.188985E-004  0.112374E-003  0.113952E-003  0.110000E+002  0.200000E+001  0.100000E+001  0.500000E+000  0.300000E+000  0.200000E+001  0.100000E+001  0.100000E+001  0.740000E+002
  0.349364E+003  0.958953E+001  0.942478E+001 -0.376991E+001  0.275828E-004  0.586799E-004  0.648393E-004 -0.494340E-004 -0.102311E-003  0.113627E-003  0.110000E+002  0.200000E+001  0.100000E+001  0.500000E+000  0.300000E+000  0.200000E+001  0.100000E+001  0.100000E+001  0.744000E+002
  0.349364E+003  0.958953E+001  0.942478E+001 -0.376991E+001 -0.427762E-004 -0.484833E-004  0.646562E-004  0.758617E-004  0.841611E-004  0.113305E-003  0.110000E+002  0.200000E+001  0.100000E+001  0.500000E+000  0.300000E+000  0.200000E+001  0.100000E+001  0.100000E+001  0.748000E+002
  0.349364E+003  0.958953E+001  0.942478E+001 -0.376991E+001  0.544786E-004  0.344827E-004  0.644746E-004 -0.961030E-004 -0.594139E-004  0.112986E-003  0.110000E+002  0.200000E+001  0.100000E+001  0.500000E+000  0.300000E+000  0.200000E+001  0.100000E+001  0.100000E+001  0.752000E+002
  0.349364E+003  0.958953E+001  0.942478E+001 -0.376991E+001 -0.617777E-004 -0.178135E-004  0.642947E-004  0.108582E-003  0.300745E-004  0.112670E-003  0.110000E+002  0.200000E+001  0.100000E+001  0.500000E+000  0.300000E+000  0.200000E+001  0.100000E+001  0.100000E+001  0.756000E+002
  0.349364E+003  0.958953E+001  0.942478E+001 -0.376991E+001  0.641159E-004 -0.181473E-006  0.641161E-004 -0.112345E-003  0.149496E-005  0.112355E-003  0.110000E+002  0.200000E+001  0.100000E+001  0.500000E+000  0.300000E+000  0.200000E+001  0.100000E+001  0.100000E+001  0.760000E+002
  0.349364E+003  0.958953E+001  0.942478E+001 -0.376991E+001 -0.613345E-004  0.180635E-004  0.639391E-004  0.107144E-003 -0.327722E-004  0.112044E-003  0.110000E+002  0.200000E+001  0.100000E+001  0.500000E+000  0.300000E+000  0.200000E+001  0.100000E+001  0.100000E+001  0.764000E+002
  0.349364E+003  0.958953E+001  0.942478E+001 -0.376991E+001  0.536832E-004 -0.344080E-004  0.637636E-004 -0.934417E-004  0.612665E-004  0.111736E-003  0.110000E+002  0.200000E+001  0.100000E+001  0.500000E+000  0.300000E+000  0.200000E+001  0.100000E+001  0.100000E+001  0.768000E+002
  0.349364E+003  0.958953E+001  0.942478E+001 -0.376991E+001 -0.417959E-004  0.479243E-004  0.635896E-004  0.723697E-004 -0.847299E-004  0.111429E-003  0.110000E+002  0.200000E+001  0.100000E+001  0.500000E+000  0.300000E+000  0.200000E+001  0.100000E+001  0.100000E+001  0.772000E+002
  0.349364E+003  0.958953E+001  0.942478E+001 -0.376991E+001  0.266437E-004 -0.575485E-004  0.634170E-004 -0.456498E-004  0.101317E-003  0.111126E-003  0.110000E+002  0.200000E+001  0.100000E+001  0.500000E+000  0.300000E+000  0.200000E+001  0.100000E+001  0.100000E+001  0.776000E+002
  0.349364E+003  0.958953E+001  0.942478E+001 -0.376991E+001 -0.945094E-005  0.625359E-004  0.632460E-004  0.154406E-004 -0.109745E-003  0.110825E-003  0.110000E+002  0.200000E+001  0.100000E+001  0.500000E+000  0.300000E+000  0.200000E+001  0.100000E+001  0.100000E+001  0.780000E+002
  0.349364E+003  0.958953E+001  0.942478E+001 -0.376991E+001 -0.840340E-005 -0.625141E-004  0.630764E-004  0.158377E-004  0.109387E-003  0.110527E-003  0.110000E+002  0.200000E+001  0.100000E+001  0.500000E+000  0.300000E+000  0.200000E+001  0.100000E+001  0.100000E+001  0.784000E+002
  0.349364E+003  0.958953E+001  0.942478E+001 -0.376991E+001  0.254936E-004  0.575109E-004  0.629081E-004 -0.456883E-004 -0.100317E-003  0.110231E-003  0.110000E+002  0.200000E+001  0.100000E+001  0.500000E+000  0.300000E+000  0.200000E+001  0.100000E+001  0.100000E+001  0.788000E+002
  0.349364E+003  0.958953E+001  0.942478E+001 -0.376991E+001 -0.404611E-004 -0.479515E-004  0.627411E-004  0.717399E-004  0.833046E-004  0.109938E-003  0.110000E+002  0.200000E+001  0.100000E+001  0.500000E+000  0.300000E+000  0.200000E+001  0.100000E+001  0.100000E+001  0.792000E+002
  0.349364E+003  0.958953E+001  0.942478E+001 -0.376991E+001  0.521258E-004  0.346207E-004  0.625755E-004 -0.919391E-004 -0.597458E-004  0.109646E-003  0.110000E+002  0.200000E+001  0.100000E+001  0.500000E+000  0.300000E+000  0.200000E+001  0.100000E+001  0.100000E+001  0.796000E+002
  0.349364E+003  0.958953E+001  0.942478E+001 -0.376991E+001 -0.595753E-004 -0.186000E-004  0.624113E-004  0.104708E-003  0.315492E-004  0.109358E-003  0.110000E+002  0.200000E+001  0.100000E+001  0.500000E+000  0.300000E+000  0.200000E+001  0.100000E+001  0.100000E+001  0.800000E+002
  0.349364E+003  0.958953E+001  0.942478E+001 -0.376991E+001  0.622373E-004  0.118095E-005  0.622485E-004 -0.109067E-003 -0.987819E-006  0.109072E-003  0.110000E+002  0.200000E+001  0.100000E+001  0.500000E+000  0.300000E+000  0.200000E+001  0.100000E+001  0.100000E+001  0.804000E+002
  0.349364E+003  0.958953E+001  0.942478E+001 -0.376991E+001 -0.599245E-004  0.162426E-004  0.620868E-004  0.104713E-003 -0.294950E-004  0.108788E-003  0.110000E+002  0.200000E+001  0.100000E+001  0.500000E+000  0.300000E+000  0.200000E+001  0.100000E+001  0.100000E+001  0.808000E+002
  0.349364E+003  0.958953E+001  0.942478E+001 -0.376991E+001  0.528465E-004 -0.322822E-004  0.619265E-004 -0.920361E-004  0.574707E-004  0.108506E-003  0.110000E+002  0.200000E+001  0.100000E+001  0.500000E+000  0.300000E+000  0.200000E+001  0.100000E+001  0.100000E+001  0.812000E+002
  0.349364E+003  0.958953E+001  0.942478E+001 -0.376991E+001 -0.415921E-004  0.456653E-004  0.617675E-004  0.720905E-004 -0.807214E-004  0.108227E-003  0.110000E+002  0.200000E+001  0.100000E+001  0.500000E+000  0.300000E+000  0.200000E+001  0.100000E+001  0.100000E+001  0.816000E+002
  0.349364E+003  0.958953E+001  0.942478E+001 -0.376991E+001  0.270788E-004 -0.553397E-004  0.616096E-004 -0.465003E-004  0.974204E-004  0.107949E-003  0.110000E+002  0.200000E+001  0.100000E+001  0.500000E+000  0.300000E+000  0.200000E+001  0.100000E+001  0.100000E+001  0.820000E+002
  0.349364E+003  0.958953E+001  0.942478E+001 -0.376991E+001 -0.104796E-004  0.605529E-004  0.614530E-004  0.173335E-004 -0.106270E-003  0.107674E-003  0.110000E+002  0.200000E+001  0.100000E+001  0.500000E+000  0.300000E+000  0.200000E+001  0.100000E+001  0.100000E+001  0.824000E+002
  0.349364E+003  0.958953E+001  0.942478E+001 -0.376991E+001 -0.687098E-005 -0.609115E-004  0.612978E-004  0.130668E-004  0.106603E-003  0.107401E-003  0.110000E+002  0.200000E+001  0.100000E+001  0.500000E+000  0.300000E+000  0.200000E+001  0.100000E+001  0.100000E+001  0.828000E+002
  0.349364E+003  0.958953E+001  0.942478E+001 -0.376991E+001  0.235858E-004  0.564114E-004  0.611435E-004 -0.422712E-004 -0.984371E-004  0.107129E-003  0.110000E+002  0.200000E+001  0.100000E+001  0.500000E+000  0.300000E+000  0.200000E+001  0.100000E+001  0.100000E+001  0.832000E+002
  0.349364E+003  0.958953E+001  0.942478E+001 -0.376991E+001 -0.383381E-004 -0.474347E-004  0.609906E-004  0.679625E-004  0.824648E-004  0.106861E-003  0.110000E+002  0.200000E+001  0.100000E+001  0.500000E+000  0.300000E+000  0.200000E+001  0.100000E+001  0.100000E+001  0.836000E+002
  0.349364E+003  0.958953E+001  0.942478E+001 -0.376991E+001  0.499589E-004  0.347199E-004  0.608388E-004 -0.881062E-004 -0.599975E-004  0.106595E-003  0.110000E+002  0.200000E+001  0.100000E+001  0.500000E+000  0.300000E+000  0.200000E+001  0.100000E+001  0.100000E+001  0.840000E+002
  0.349364E+003  0.958953E+001  0.942478E+001 -0.376991E+001 -0.575380E-004 -0.192985E-004  0.606881E-004  0.101126E-003  0.328568E-004  0.106330E-003  0.110000E+002  0.200000E+001  0.100000E+001  0.500000E+000  0.300000E+000  0.200000E+001  0.100000E+001  0.100000E+001  0.844000E+002
  0.349364E+003  0.958953E+001  0.942478E+001 -0.376991E+001  0.604905E-004  0.241433E-005  0.605387E-004 -0.106018E-003 -0.323188E-005  0.106067E-003  0.110000E+002  0.200000E+001  0.100000E+001  0.500000E+000  0.300000E+000  0.200000E+001  0.100000E+001  0.100000E+001  0.848000E+002
  0.349364E+003  0.958953E+001  0.942478E+001 -0.376991E+001 -0.586038E-004  0.145804E-004  0.603903E-004  0.102432E-003 -0.265067E-004  0.105806E-003  0.110000E+002  0.200000E+001  0.100000E+001  0.500000E+000  0.300000E+000  0.200000E+001  0.100000E+001  0.100000E+001  0.852000E+002
  0.349364E+003  0.958953E+001  0.942478E+001 -0.376991E+001  0.520513E-004 -0.303296E-004  0.602430E-004 -0.906955E-004  0.539871E-004  0.105547E-003  0.110000E+002  0.200000E+001  0.100000E+001  0.500000E+000  0.300000E+000  0.200000E+001  0.100000E+001  0.100000E+001  0.856000E+002
  0.349364E+003  0.958953E+001  0.942478E+001 -0.376991E+001 -0.413785E-004  0.435827E-004  0.600969E-004  0.717837E-004 -0.770278E-004  0.105291E-003  0.110000E+002  0.200000E+001  0.100000E+001  0.500000E+000  0.300000E+000  0.200000E+001  0.100000E+001  0.100000E+001  0.860000E+002
  0.349364E+003  0.958953E+001  0.942478E+001 -0.376991E+001  0.274559E-004 -0.532953E-004  0.599518E-004 -0.472375E-004  0.938147E-004  0.105036E-003  0.110000E+002  0.200000E+001  0.100000E+001  0.500000E+000  0.300000E+000  0.200000E+001  0.100000E+001  0.100000E+001  0.864000E+002
  0.349364E+003  0.958953E+001  0.942478E+001 -0.376991E+001 -0.114101E-004  0.587091E-004  0.598076E-004  0.190427E-004 -0.103038E-003  0.104783E-003  0.110000E+002  0.200000E+001  0.100000E+001  0.500000E+000  0.300000E+000  0.200000E+001  0.100000E+001  0.100000E+001  0.868000E+002
  0.349364E+003  0.958953E+001  0.942478E+001 -0.376991E+001 -0.547102E-005 -0.594135E-004  0.596649E-004  0.105386E-004  0.104000E-003  0.104532E-003  0.110000E+002  0.200000E+001  0.100000E+001  0.500000E+000  0.300000E+000  0.200000E+001  0.100000E+001  0.100000E+001  0.872000E+002
  0.349364E+003  0.958953E+001  0.942478E+001 -0.376991E+001  0.218348E-004  0.553736E-004  0.595230E-004 -0.391378E-004 -0.966597E-004  0.104283E-003  0.110000E+002  0.200000E+001  0.100000E+001  0.500000E+000  0.300000E+000  0.200000E+001  0.100000E+001  0.100000E+001  0.876000E+002
  0.349364E+003  0.958953E+001  0.942478E+001 -0.376991E+001 -0.363784E-004 -0.469345E-004  0.593821E-004  0.644777E-004  0.816452E-004  0.104035E-003  0.110000E+002  0.200000E+001  0.100000E+001  0.500000E+000  0.300000E+000  0.200000E+001  0.100000E+001  0.100000E+001  0.880000E+002
  0.349364E+003  0.958953E+001  0.942478E+001 -0.376991E+001  0.479512E-004  0.347897E-004  0.592422E-004 -0.845557E-004 -0.601879E-004  0.103790E-003  0.110000E+002  0.200000E+001  0.100000E+001  0.500000E+000  0.300000E+000  0.200000E+001  0.100000E+001  0.100000E+001  0.884000E+002
  0.349364E+003  0.958953E+001  0.942478E+001 -0.376991E+001 -0.556435E-004 -0.199251E-004  0.591033E-004  0.977942E-004  0.340286E-004  0.103545E-003  0.110000E+002  0.200000E+001  0.100000E+001  0.500000E+000  0.300000E+000  0.200000E+001  0.100000E+001  0.100000E+001  0.888000E+002
  0.349364E+003  0.958953E+001  0.942478E+001 -0.376991E+001  0.588592E-004  0.354017E-005  0.589656E-004 -0.103169E-003 -0.527760E-005  0.103303E-003  0.110000E+002  0.200000E+001  0.100000E+001  0.500000E+000  0.300000E+000  0.200000E+001  0.100000E+001  0.100000E+001  0.892000E+002
  0.349364E+003  0.958953E+001  0.942478E+001 -0.376991E+001 -0.573625E-004  0.130519E-004  0.588286E-004  0.100287E-003 -0.237617E-004  0.103063E-003  0.110000E+002  0.200000E+001  0.100000E+001  0.500000E+000  0.300000E+000  0.200000E+001  0.100000E+001  0.100000E+001  0.896000E+002
  0.349364E+003  0.958953E+001  0.942478E+001 -0.376991E+001  0.512943E-004 -0.285260E-004  0.586927E-004 -0.894154E-004  0.507713E-004  0.102824E-003  0.110000E+002  0.200000E+001  0.100000E+001  0.500000E+000  0.300000E+000  0.200000E+001  0.100000E+001  0.100000E+001  0.900000E+002
  0.349364E+003  0.958953E+001  0.942478E+001 -0.376991E+001 -0.411599E-004  0.416517E-004  0.585577E-004  0.714598E-004 -0.736043E-004  0.102587E-003  0.110000E+002  0.200000E+001  0.100000E+001  0.500000E+000  0.300000E+000  0.200000E+001  0.100000E+001  0.100000E+001  0.904000E+002
  0.349364E+003  0.958953E+001  0.942478E+001 -0.376991E+001  0.277854E-004 -0.513938E-004  0.584239E-004 -0.478823E-004  0.904613E-004  0.102352E-003  0.110000E+002  0.200000E+001  0.100000E+001  0.500000E+000  0.300000E+000  0.200000E+001  0.100000E+001  0.100000E+001  0.908000E+002
  0.349364E+003  0.958953E+001  0.942478E+001 -0.376991E+001 -0.122562E-004  0.569876E-004  0.582907E-004  0.205952E-004 -0.100019E-003  0.102117E-003  0.110000E+002  0.200000E+001  0.100000E+001  0.500000E+000  0.300000E+000  0.200000E+001  0.100000E+001  0.100000E+001  0.912000E+002
  0.349364E+003  0.958953E+001  0.942478E+001 -0.376991E+001 -0.418492E-005 -0.580079E-004  0.581586E-004  0.821918E-005  0.101554E-003  0.101886E-003  0.110000E+002  0.200000E+001  0.100000E+001  0.500000E+000  0.300000E+000  0.200000E+001  0.100000E+001  0.100000E+001  0.916000E+002
  0.349364E+003  0.958953E+001  0.942478E+001 -0.376991E+001  0.202148E-004  0.543923E-004  0.580273E-004 -0.362408E-004 -0.949762E-004  0.101656E-003  0.110000E+002  0.200000E+001  0.100000E+001  0.500000E+000  0.300000E+000  0.200000E+001  0.100000E+001  0.100000E+001  0.920000E+002
  0.349364E+003  0.958953E+001  0.942478E+001 -0.376991E+001 -0.345605E-004 -0.464502E-004  0.578969E-004  0.612473E-004  0.808461E-004  0.101426E-003  0.110000E+002  0.200000E+001  0.100000E+001  0.500000E+000  0.300000E+000  0.200000E+001  0.100000E+001  0.100000E+001  0.924000E+002
  0.349364E+003  0.958953E+001  0.942478E+001 -0.376991E+001  0.460824E-004  0.348353E-004  0.577675E-004 -0.812517E-004 -0.603276E-004  0.101199E-003  0.110000E+002  0.200000E+001  0.100000E+001  0.500000E+000  0.300000E+000  0.200000E+001  0.100000E+001  0.100000E+001  0.928000E+002
  0.349364E+003  0.958953E+001  0.942478E+001 -0.376991E+001 -0.538736E-004 -0.204913E-004  0.576391E-004  0.946820E-004  0.350855E-004  0.100974E-003  0.110000E+002  0.200000E+001  0.100000E+001  0.500000E+000  0.300000E+000  0.200000E+001  0.100000E+001  0.100000E+001  0.932000E+002
  0.349364E+003  0.958953E+001  0.942478E+001 -0.376991E+001  0.573292E-004  0.457330E-005  0.575113E-004 -0.100495E-003 -0.715266E-005  0.100749E-003  0.110000E+002  0.200000E+001  0.100000E+001  0.500000E+000  0.300000E+000  0.200000E+001  0.100000E+001  0.100000E+001  0.936000E+002
  0.349364E+003  0.958953E+001  0.942478E+001 -0.376991E+001 -0.561917E-004  0.116393E-004  0.573845E-004  0.982601E-004 -0.212272E-004  0.100527E-003  0.110000E+002  0.200000E+001  0.100000E+001  0.500000E+000  0.300000E+000  0.200000E+001  0.100000E+001  0.100000E+001  0.940000E+002
  0.349364E+003  0.958953E+001  0.942478E+001 -0.376991E+001  0.505722E-004 -0.268508E-004  0.572584E-004 -0.881907E-004  0.477863E-004  0.100305E-003  0.110000E+002  0.200000E+001  0.100000E+001  0.500000E+000  0.300000E+000  0.200000E+001  0.100000E+001  0.100000E+001  0.944000E+002
  0.349364E+003  0.958953E+001  0.942478E+001 -0.376991E+001 -0.409385E-004  0.398530E-004  0.571333E-004  0.711237E-004 -0.704173E-004  0.100086E-003  0.110000E+002  0.200000E+001  0.100000E+001  0.500000E+000  0.300000E+000  0.200000E+001  0.100000E+001  0.100000E+001  0.948000E+002
  0.349364E+003  0.958953E+001  0.942478E+001 -0.376991E+001  0.280774E-004 -0.496155E-004  0.570091E-004 -0.484529E-004  0.873262E-004  0.998676E-004  0.110000E+002  0.200000E+001  0.100000E+001  0.500000E+000  0.300000E+000  0.200000E+001  0.100000E+001  0.100000E+001  0.952000E+002
  0.349364E+003  0.958953E+001  0.942478E+001 -0.376991E+001 -0.130302E-004  0.553731E-004  0.568855E-004  0.220132E-004 -0.971896E-004  0.996514E-004  0.110000E+002  0.200000E+001  0.100000E+001  0.500000E+000  0.300000E+000  0.200000E+001  0.100000E+001  0.100000E+001  0.956000E+002
  0.349364E+003  0.958953E+001  0.942478E+001 -0.376991E+001 -0.299446E-005 -0.566839E-004  0.567629E-004  0.607359E-005  0.992499E-004  0.994355E-004  0.110000E+002  0.200000E+001  0.100000E+001  0.500000E+000  0.300000E+000  0.200000E+001  0.100000E+001  0.100000E+001  0.960000E+002
  0.349364E+003  0.958953E+001  0.942478E+001 -0.376991E+001  0.187105E-004  0.534615E-004  0.566411E-004 -0.335531E-004 -0.933761E-004  0.992215E-004  0.110000E+002  0.200000E+001  0.100000E+001  0.500000E+000  0.300000E+000  0.200000E+001  0.100000E+001  0.100000E+001  0.964000E+002
  0.349364E+003  0.958953E+001  0.942478E+001 -0.376991E+001 -0.328646E-004 -0.459830E-004  0.565201E-004  0.582355E-004  0.800718E-004  0.990094E-004  0.110000E+002  0.200000E+001  0.100000E+001  0.500000E+000  0.300000E+000  0.200000E+001  0.100000E+001  0.100000E+001  0.968000E+002
  0.349364E+003  0.958953E+001  0.942478E+001 -0.376991E+001  0.443343E-004  0.348625E-004  0.563997E-004 -0.781631E-004 -0.604283E-004  0.987980E-004  0.110000E+002  0.200000E+001  0.100000E+001  0.500000E+000  0.300000E+000  0.200000E+001  0.100000E+001  0.100000E+001  0.972000E+002
  0.349364E+003  0.958953E+001  0.942478E+001 -0.376991E+001 -0.522139E-004 -0.210046E-004  0.562804E-004  0.917634E-004  0.360428E-004  0.985881E-004  0.110000E+002  0.200000E+001  0.100000E+001  0.500000E+000  0.300000E+000  0.200000E+001  0.100000E+001  0.100000E+001  0.976000E+002
  0.349364E+003  0.958953E+001  0.942478E+001 -0.376991E+001  0.558889E-004  0.552762E-005  0.561616E-004 -0.979779E-004 -0.888239E-005  0.983797E-004  0.110000E+002  0.200000E+001  0.100000E+001  0.500000E+000  0.300000E+000  0.200000E+001  0.100000E+001  0.100000E+001  0.980000E+002
  0.349364E+003  0.958953E+001  0.942478E+001 -0.376991E+001 -0.550841E-004  0.103273E-004  0.560438E-004  0.963412E-004 -0.188760E-004  0.981730E-004  0.110000E+002  0.200000E+001  0.100000E+001  0.500000E+000  0.300000E+000  0.200000E+001  0.100000E+001  0.100000E+001  0.984000E+002
  0.349364E+003  0.958953E+001  0.942478E+001 -0.376991E+001  0.498824E-004 -0.252884E-004  0.559263E-004 -0.870172E-004  0.450052E-004  0.979666E-004  0.110000E+002  0.200000E+001  0.100000E+001  0.500000E+000  0.300000E+000  0.200000E+001  0.100000E+001  0.100000E+001  0.988000E+002
  0.349364E+003  0.958953E+001  0.942478E+001 -0.376991E+001 -0.407159E-004  0.381702E-004  0.558099E-004  0.707795E-004 -0.674374E-004  0.977627E-004  0.110000E+002  0.200000E+001  0.100000E+001  0.500000E+000  0.300000E+000  0.200000E+001  0.100000E+001  0.100000E+001  0.992000E+002
  0.349364E+003  0.958953E+001  0.942478E+001 -0.376991E+001  0.283361E-004 -0.479470E-004  0.556943E-004 -0.489590E-004  0.843854E-004  0.975596E-004  0.110000E+002  0.200000E+001  0.100000E+001  0.500000E+000  0.300000E+000  0.200000E+001  0.100000E+001  0.100000E+001  0.996000E+002
