 % the field is ppp
% Dinn5 settings , t1, t2, t3, t4, tm, tp, eps, step, IntLimit
%   0.249000E+002  0.249000E+002  0.249000E+002  0.278880E+003  0.200000E-001  0.000000E+000  0.100000E-005  0.100000E-001  0.100000E+006
%psi, R, x, z, re(u), im(u), abs(u), re(w), im(w), abs(w), fieldCode, cp(1), cp(2), cs(1), cs(2), rho(1), rho(2), h, w
  0.349364E+003  0.958953E+001  0.942478E+001 -0.376991E+001  0.174233E-003 -0.721404E-005  0.174382E-003 -0.305033E-003  0.126298E-004  0.305295E-003  0.110000E+002  0.200000E+001  0.100000E+001  0.500000E+000  0.300000E+000  0.200000E+001  0.100000E+001  0.100000E+001  0.100000E+002
  0.349364E+003  0.958953E+001  0.942478E+001 -0.376991E+001 -0.162001E-003  0.547267E-004  0.170996E-003  0.283620E-003 -0.958113E-004  0.299366E-003  0.110000E+002  0.200000E+001  0.100000E+001  0.500000E+000  0.300000E+000  0.200000E+001  0.100000E+001  0.100000E+001  0.104000E+002
  0.349364E+003  0.958953E+001  0.942478E+001 -0.376991E+001  0.137520E-003 -0.961515E-004  0.167800E-003 -0.240759E-003  0.168335E-003  0.293771E-003  0.110000E+002  0.200000E+001  0.100000E+001  0.500000E+000  0.300000E+000  0.200000E+001  0.100000E+001  0.100000E+001  0.108000E+002
  0.349364E+003  0.958953E+001  0.942478E+001 -0.376991E+001 -0.103125E-003  0.128516E-003  0.164776E-003  0.180543E-003 -0.224996E-003  0.288477E-003  0.110000E+002  0.200000E+001  0.100000E+001  0.500000E+000  0.300000E+000  0.200000E+001  0.100000E+001  0.100000E+001  0.112000E+002
  0.349364E+003  0.958953E+001  0.942478E+001 -0.376991E+001  0.618289E-004 -0.149640E-003  0.161910E-003 -0.108245E-003  0.261978E-003  0.283459E-003  0.110000E+002  0.200000E+001  0.100000E+001  0.500000E+000  0.300000E+000  0.200000E+001  0.100000E+001  0.100000E+001  0.116000E+002
  0.349364E+003  0.958953E+001  0.942478E+001 -0.376991E+001 -0.170675E-004  0.158271E-003  0.159188E-003  0.298805E-004 -0.277088E-003  0.278695E-003  0.110000E+002  0.200000E+001  0.100000E+001  0.500000E+000  0.300000E+000  0.200000E+001  0.100000E+001  0.100000E+001  0.120000E+002
  0.349364E+003  0.958953E+001  0.942478E+001 -0.376991E+001 -0.275699E-004 -0.154154E-003  0.156600E-003  0.482674E-004  0.269880E-003  0.274163E-003  0.110000E+002  0.200000E+001  0.100000E+001  0.500000E+000  0.300000E+000  0.200000E+001  0.100000E+001  0.100000E+001  0.124000E+002
  0.349364E+003  0.958953E+001  0.942478E+001 -0.376991E+001  0.686172E-004  0.138018E-003  0.154134E-003 -0.120130E-003 -0.241631E-003  0.269846E-003  0.110000E+002  0.200000E+001  0.100000E+001  0.500000E+000  0.300000E+000  0.200000E+001  0.100000E+001  0.100000E+001  0.128000E+002
  0.349364E+003  0.958953E+001  0.942478E+001 -0.376991E+001 -0.102989E-003 -0.111492E-003  0.151780E-003  0.180305E-003  0.195192E-003  0.265726E-003  0.110000E+002  0.200000E+001  0.100000E+001  0.500000E+000  0.300000E+000  0.200000E+001  0.100000E+001  0.100000E+001  0.132000E+002
  0.349364E+003  0.958953E+001  0.942478E+001 -0.376991E+001  0.128206E-003  0.769596E-004  0.149532E-003 -0.224454E-003 -0.134735E-003  0.261788E-003  0.110000E+002  0.200000E+001  0.100000E+001  0.500000E+000  0.300000E+000  0.200000E+001  0.100000E+001  0.100000E+001  0.136000E+002
  0.349364E+003  0.958953E+001  0.942478E+001 -0.376991E+001 -0.142568E-003 -0.373507E-004  0.147380E-003  0.249598E-003  0.653907E-004  0.258021E-003  0.110000E+002  0.200000E+001  0.100000E+001  0.500000E+000  0.300000E+000  0.200000E+001  0.100000E+001  0.100000E+001  0.140000E+002
  0.349364E+003  0.958953E+001  0.942478E+001 -0.376991E+001  0.145261E-003 -0.409347E-005  0.145318E-003 -0.254311E-003  0.716653E-005  0.254412E-003  0.110000E+002  0.200000E+001  0.100000E+001  0.500000E+000  0.300000E+000  0.200000E+001  0.100000E+001  0.100000E+001  0.144000E+002
  0.349364E+003  0.958953E+001  0.942478E+001 -0.376991E+001 -0.136396E-003  0.440784E-004  0.143342E-003  0.238792E-003 -0.771691E-004  0.250951E-003  0.110000E+002  0.200000E+001  0.100000E+001  0.500000E+000  0.300000E+000  0.200000E+001  0.100000E+001  0.100000E+001  0.148000E+002
  0.349364E+003  0.958953E+001  0.942478E+001 -0.376991E+001  0.116979E-003 -0.795105E-004  0.141443E-003 -0.204798E-003  0.139201E-003  0.247627E-003  0.110000E+002  0.200000E+001  0.100000E+001  0.500000E+000  0.300000E+000  0.200000E+001  0.100000E+001  0.100000E+001  0.152000E+002
  0.349364E+003  0.958953E+001  0.942478E+001 -0.376991E+001 -0.888101E-004  0.107730E-003  0.139618E-003  0.155482E-003 -0.188606E-003  0.244432E-003  0.110000E+002  0.200000E+001  0.100000E+001  0.500000E+000  0.300000E+000  0.200000E+001  0.100000E+001  0.100000E+001  0.156000E+002
  0.349364E+003  0.958953E+001  0.942478E+001 -0.376991E+001  0.543236E-004 -0.126707E-003  0.137861E-003 -0.951056E-004  0.221829E-003  0.241357E-003  0.110000E+002  0.200000E+001  0.100000E+001  0.500000E+000  0.300000E+000  0.200000E+001  0.100000E+001  0.100000E+001  0.160000E+002
  0.349364E+003  0.958953E+001  0.942478E+001 -0.376991E+001 -0.163864E-004  0.135180E-003  0.136169E-003  0.286881E-004 -0.236663E-003  0.238395E-003  0.110000E+002  0.200000E+001  0.100000E+001  0.500000E+000  0.300000E+000  0.200000E+001  0.100000E+001  0.100000E+001  0.164000E+002
  0.349364E+003  0.958953E+001  0.942478E+001 -0.376991E+001 -0.219347E-004 -0.132738E-003  0.134539E-003  0.384017E-004  0.232388E-003  0.235540E-003  0.110000E+002  0.200000E+001  0.100000E+001  0.500000E+000  0.300000E+000  0.200000E+001  0.100000E+001  0.100000E+001  0.168000E+002
  0.349364E+003  0.958953E+001  0.942478E+001 -0.376991E+001  0.576155E-004  0.119834E-003  0.132965E-003 -0.100869E-003 -0.209796E-003  0.232785E-003  0.110000E+002  0.200000E+001  0.100000E+001  0.500000E+000  0.300000E+000  0.200000E+001  0.100000E+001  0.100000E+001  0.172000E+002
  0.349364E+003  0.958953E+001  0.942478E+001 -0.376991E+001 -0.879083E-004 -0.977250E-004  0.131446E-003  0.153903E-003  0.171089E-003  0.230126E-003  0.110000E+002  0.200000E+001  0.100000E+001  0.500000E+000  0.300000E+000  0.200000E+001  0.100000E+001  0.100000E+001  0.176000E+002
  0.349364E+003  0.958953E+001  0.942478E+001 -0.376991E+001  0.110547E-003  0.683616E-004  0.129977E-003 -0.193538E-003 -0.119682E-003  0.227554E-003  0.110000E+002  0.200000E+001  0.100000E+001  0.500000E+000  0.300000E+000  0.200000E+001  0.100000E+001  0.100000E+001  0.180000E+002
  0.349364E+003  0.958953E+001  0.942478E+001 -0.376991E+001 -0.123918E-003 -0.342199E-004  0.128556E-003  0.216947E-003  0.599097E-004  0.225067E-003  0.110000E+002  0.200000E+001  0.100000E+001  0.500000E+000  0.300000E+000  0.200000E+001  0.100000E+001  0.100000E+001  0.184000E+002
  0.349364E+003  0.958953E+001  0.942478E+001 -0.376991E+001  0.127167E-003 -0.190312E-005  0.127181E-003 -0.222635E-003  0.333184E-005  0.222660E-003  0.110000E+002  0.200000E+001  0.100000E+001  0.500000E+000  0.300000E+000  0.200000E+001  0.100000E+001  0.100000E+001  0.188000E+002
  0.349364E+003  0.958953E+001  0.942478E+001 -0.376991E+001 -0.120252E-003  0.371145E-004  0.125850E-003  0.210529E-003 -0.649772E-004  0.220328E-003  0.110000E+002  0.200000E+001  0.100000E+001  0.500000E+000  0.300000E+000  0.200000E+001  0.100000E+001  0.100000E+001  0.192000E+002
  0.349364E+003  0.958953E+001  0.942478E+001 -0.376991E+001  0.103931E-003 -0.686526E-004  0.124559E-003 -0.181955E-003  0.120192E-003  0.218068E-003  0.110000E+002  0.200000E+001  0.100000E+001  0.500000E+000  0.300000E+000  0.200000E+001  0.100000E+001  0.100000E+001  0.196000E+002
  0.349364E+003  0.958953E+001  0.942478E+001 -0.376991E+001 -0.796847E-004  0.941005E-004  0.123307E-003  0.139506E-003 -0.164744E-003  0.215876E-003  0.110000E+002  0.200000E+001  0.100000E+001  0.500000E+000  0.300000E+000  0.200000E+001  0.100000E+001  0.100000E+001  0.200000E+002
  0.349364E+003  0.958953E+001  0.942478E+001 -0.376991E+001  0.495877E-004 -0.111568E-003  0.122092E-003 -0.868143E-004  0.195325E-003  0.213749E-003  0.110000E+002  0.200000E+001  0.100000E+001  0.500000E+000  0.300000E+000  0.200000E+001  0.100000E+001  0.100000E+001  0.204000E+002
  0.349364E+003  0.958953E+001  0.942478E+001 -0.376991E+001 -0.161345E-004  0.119831E-003  0.120912E-003  0.282470E-004 -0.209791E-003  0.211684E-003  0.110000E+002  0.200000E+001  0.100000E+001  0.500000E+000  0.300000E+000  0.200000E+001  0.100000E+001  0.100000E+001  0.208000E+002
  0.349364E+003  0.958953E+001  0.942478E+001 -0.376991E+001 -0.179639E-004 -0.118411E-003  0.119766E-003  0.314497E-004  0.207305E-003  0.209677E-003  0.110000E+002  0.200000E+001  0.100000E+001  0.500000E+000  0.300000E+000  0.200000E+001  0.100000E+001  0.100000E+001  0.212000E+002
  0.349364E+003  0.958953E+001  0.942478E+001 -0.376991E+001  0.499968E-004  0.107604E-003  0.118652E-003 -0.875306E-004 -0.188385E-003  0.207727E-003  0.110000E+002  0.200000E+001  0.100000E+001  0.500000E+000  0.300000E+000  0.200000E+001  0.100000E+001  0.100000E+001  0.216000E+002
  0.349364E+003  0.958953E+001  0.942478E+001 -0.376991E+001 -0.774661E-004 -0.884387E-004  0.117569E-003  0.135622E-003  0.154832E-003  0.205830E-003  0.110000E+002  0.200000E+001  0.100000E+001  0.500000E+000  0.300000E+000  0.200000E+001  0.100000E+001  0.100000E+001  0.220000E+002
  0.349364E+003  0.958953E+001  0.942478E+001 -0.376991E+001  0.982790E-004  0.625843E-004  0.116514E-003 -0.172059E-003 -0.109568E-003  0.203984E-003  0.110000E+002  0.200000E+001  0.100000E+001  0.500000E+000  0.300000E+000  0.200000E+001  0.100000E+001  0.100000E+001  0.224000E+002
  0.349364E+003  0.958953E+001  0.942478E+001 -0.376991E+001 -0.110905E-003 -0.322088E-004  0.115488E-003  0.194164E-003  0.563887E-004  0.202187E-003  0.110000E+002  0.200000E+001  0.100000E+001  0.500000E+000  0.300000E+000  0.200000E+001  0.100000E+001  0.100000E+001  0.228000E+002
  0.349364E+003  0.958953E+001  0.942478E+001 -0.376991E+001  0.114487E-003 -0.201053E-006  0.114488E-003 -0.200436E-003  0.351988E-006  0.200436E-003  0.110000E+002  0.200000E+001  0.100000E+001  0.500000E+000  0.300000E+000  0.200000E+001  0.100000E+001  0.100000E+001  0.232000E+002
  0.349364E+003  0.958953E+001  0.942478E+001 -0.376991E+001 -0.108897E-003  0.320408E-004  0.113513E-003  0.190649E-003 -0.560946E-004  0.198730E-003  0.110000E+002  0.200000E+001  0.100000E+001  0.500000E+000  0.300000E+000  0.200000E+001  0.100000E+001  0.100000E+001  0.236000E+002
  0.349364E+003  0.958953E+001  0.942478E+001 -0.376991E+001  0.947334E-004 -0.607951E-004  0.112563E-003 -0.165852E-003  0.106435E-003  0.197067E-003  0.110000E+002  0.200000E+001  0.100000E+001  0.500000E+000  0.300000E+000  0.200000E+001  0.100000E+001  0.100000E+001  0.240000E+002
  0.349364E+003  0.958953E+001  0.942478E+001 -0.376991E+001 -0.732621E-004  0.842342E-004  0.111637E-003  0.128262E-003 -0.147471E-003  0.195445E-003  0.110000E+002  0.200000E+001  0.100000E+001  0.500000E+000  0.300000E+000  0.200000E+001  0.100000E+001  0.100000E+001  0.244000E+002
  0.349364E+003  0.958953E+001  0.942478E+001 -0.376991E+001  0.463067E-004 -0.100585E-003  0.110733E-003 -0.810702E-004  0.176097E-003  0.193862E-003  0.110000E+002  0.200000E+001  0.100000E+001  0.500000E+000  0.300000E+000  0.200000E+001  0.100000E+001  0.100000E+001  0.248000E+002
  0.349364E+003  0.958953E+001  0.942478E+001 -0.376991E+001 -0.160951E-004  0.108665E-003  0.109851E-003  0.281781E-004 -0.190243E-003  0.192318E-003  0.110000E+002  0.200000E+001  0.100000E+001  0.500000E+000  0.300000E+000  0.200000E+001  0.100000E+001  0.100000E+001  0.252000E+002
  0.349364E+003  0.958953E+001  0.942478E+001 -0.376991E+001 -0.149228E-004 -0.107963E-003  0.108989E-003  0.261256E-004  0.189013E-003  0.190810E-003  0.110000E+002  0.200000E+001  0.100000E+001  0.500000E+000  0.300000E+000  0.200000E+001  0.100000E+001  0.100000E+001  0.256000E+002
  0.349364E+003  0.958953E+001  0.942478E+001 -0.376991E+001  0.442710E-004  0.986709E-004  0.108147E-003 -0.775062E-004 -0.172745E-003  0.189336E-003  0.110000E+002  0.200000E+001  0.100000E+001  0.500000E+000  0.300000E+000  0.200000E+001  0.100000E+001  0.100000E+001  0.260000E+002
  0.349364E+003  0.958953E+001  0.942478E+001 -0.376991E+001 -0.696440E-004 -0.816600E-004  0.107325E-003  0.121927E-003  0.142964E-003  0.187896E-003  0.110000E+002  0.200000E+001  0.100000E+001  0.500000E+000  0.300000E+000  0.200000E+001  0.100000E+001  0.100000E+001  0.264000E+002
  0.349364E+003  0.958953E+001  0.942478E+001 -0.376991E+001  0.890862E-004  0.583982E-004  0.106521E-003 -0.155965E-003 -0.102239E-003  0.186489E-003  0.110000E+002  0.200000E+001  0.100000E+001  0.500000E+000  0.300000E+000  0.200000E+001  0.100000E+001  0.100000E+001  0.268000E+002
  0.349364E+003  0.958953E+001  0.942478E+001 -0.376991E+001 -0.101141E-003 -0.308274E-004  0.105735E-003  0.177070E-003  0.539702E-004  0.185112E-003  0.110000E+002  0.200000E+001  0.100000E+001  0.500000E+000  0.300000E+000  0.200000E+001  0.100000E+001  0.100000E+001  0.272000E+002
  0.349364E+003  0.958953E+001  0.942478E+001 -0.376991E+001  0.104959E-003  0.120206E-005  0.104966E-003 -0.183754E-003 -0.210447E-005  0.183766E-003  0.110000E+002  0.200000E+001  0.100000E+001  0.500000E+000  0.300000E+000  0.200000E+001  0.100000E+001  0.100000E+001  0.276000E+002
  0.349364E+003  0.958953E+001  0.942478E+001 -0.376991E+001 -0.100355E-003  0.280928E-004  0.104213E-003  0.175694E-003 -0.491826E-004  0.182449E-003  0.110000E+002  0.200000E+001  0.100000E+001  0.500000E+000  0.300000E+000  0.200000E+001  0.100000E+001  0.100000E+001  0.280000E+002
  0.349364E+003  0.958953E+001  0.942478E+001 -0.376991E+001  0.878168E-004 -0.547324E-004  0.103477E-003 -0.153743E-003  0.958214E-004  0.181159E-003  0.110000E+002  0.200000E+001  0.100000E+001  0.500000E+000  0.300000E+000  0.200000E+001  0.100000E+001  0.100000E+001  0.284000E+002
  0.349364E+003  0.958953E+001  0.942478E+001 -0.376991E+001 -0.684520E-004  0.766357E-004  0.102756E-003  0.119841E-003 -0.134168E-003  0.179897E-003  0.110000E+002  0.200000E+001  0.100000E+001  0.500000E+000  0.300000E+000  0.200000E+001  0.100000E+001  0.100000E+001  0.288000E+002
  0.349364E+003  0.958953E+001  0.942478E+001 -0.376991E+001  0.438962E-004 -0.921263E-004  0.102050E-003 -0.768502E-004  0.161288E-003  0.178661E-003  0.110000E+002  0.200000E+001  0.100000E+001  0.500000E+000  0.300000E+000  0.200000E+001  0.100000E+001  0.100000E+001  0.292000E+002
  0.349364E+003  0.958953E+001  0.942478E+001 -0.376991E+001 -0.161737E-004  0.100059E-003  0.101358E-003  0.283157E-004 -0.175176E-003  0.177449E-003  0.110000E+002  0.200000E+001  0.100000E+001  0.500000E+000  0.300000E+000  0.200000E+001  0.100000E+001  0.100000E+001  0.296000E+002
  0.349364E+003  0.958953E+001  0.942478E+001 -0.376991E+001 -0.124666E-004 -0.999049E-004  0.100680E-003  0.218256E-004  0.174906E-003  0.176262E-003  0.110000E+002  0.200000E+001  0.100000E+001  0.500000E+000  0.300000E+000  0.200000E+001  0.100000E+001  0.100000E+001  0.300000E+002
  0.349364E+003  0.958953E+001  0.942478E+001 -0.376991E+001  0.397331E-004  0.917840E-004  0.100015E-003 -0.695618E-004 -0.160688E-003  0.175099E-003  0.110000E+002  0.200000E+001  0.100000E+001  0.500000E+000  0.300000E+000  0.200000E+001  0.100000E+001  0.100000E+001  0.304000E+002
  0.349364E+003  0.958953E+001  0.942478E+001 -0.376991E+001 -0.634736E-004 -0.764474E-004  0.993635E-004  0.111125E-003  0.133838E-003  0.173958E-003  0.110000E+002  0.200000E+001  0.100000E+001  0.500000E+000  0.300000E+000  0.200000E+001  0.100000E+001  0.100000E+001  0.308000E+002
  0.349364E+003  0.958953E+001  0.942478E+001 -0.376991E+001  0.818438E-004  0.552098E-004  0.987245E-004 -0.143286E-003 -0.966571E-004  0.172839E-003  0.110000E+002  0.200000E+001  0.100000E+001  0.500000E+000  0.300000E+000  0.200000E+001  0.100000E+001  0.100000E+001  0.312000E+002
  0.349364E+003  0.958953E+001  0.942478E+001 -0.376991E+001 -0.934498E-004 -0.298376E-004  0.980976E-004  0.163605E-003  0.522374E-004  0.171742E-003  0.110000E+002  0.200000E+001  0.100000E+001  0.500000E+000  0.300000E+000  0.200000E+001  0.100000E+001  0.100000E+001  0.316000E+002
  0.349364E+003  0.958953E+001  0.942478E+001 -0.376991E+001  0.974529E-004  0.240372E-005  0.974826E-004 -0.170613E-003 -0.420825E-005  0.170665E-003  0.110000E+002  0.200000E+001  0.100000E+001  0.500000E+000  0.300000E+000  0.200000E+001  0.100000E+001  0.100000E+001  0.320000E+002
  0.349364E+003  0.958953E+001  0.942478E+001 -0.376991E+001 -0.936296E-004  0.248812E-004  0.968792E-004  0.163920E-003 -0.435602E-004  0.169609E-003  0.110000E+002  0.200000E+001  0.100000E+001  0.500000E+000  0.300000E+000  0.200000E+001  0.100000E+001  0.100000E+001  0.324000E+002
  0.349364E+003  0.958953E+001  0.942478E+001 -0.376991E+001  0.823801E-004 -0.498455E-004  0.962863E-004 -0.144225E-003  0.872657E-004  0.168571E-003  0.110000E+002  0.200000E+001  0.100000E+001  0.500000E+000  0.300000E+000  0.200000E+001  0.100000E+001  0.100000E+001  0.328000E+002
  0.349364E+003  0.958953E+001  0.942478E+001 -0.376991E+001 -0.646922E-004  0.705289E-004  0.957048E-004  0.113258E-003 -0.123477E-003  0.167553E-003  0.110000E+002  0.200000E+001  0.100000E+001  0.500000E+000  0.300000E+000  0.200000E+001  0.100000E+001  0.100000E+001  0.332000E+002
  0.349364E+003  0.958953E+001  0.942478E+001 -0.376991E+001  0.420519E-004 -0.853343E-004  0.951331E-004 -0.736212E-004  0.149397E-003  0.166552E-003  0.110000E+002  0.200000E+001  0.100000E+001  0.500000E+000  0.300000E+000  0.200000E+001  0.100000E+001  0.100000E+001  0.336000E+002
  0.349364E+003  0.958953E+001  0.942478E+001 -0.376991E+001 -0.163227E-004  0.931529E-004  0.945721E-004  0.285765E-004 -0.163085E-003  0.165570E-003  0.110000E+002  0.200000E+001  0.100000E+001  0.500000E+000  0.300000E+000  0.200000E+001  0.100000E+001  0.100000E+001  0.340000E+002
  0.349364E+003  0.958953E+001  0.942478E+001 -0.376991E+001 -0.104087E-004 -0.934424E-004  0.940203E-004  0.182228E-004  0.163592E-003  0.164604E-003  0.110000E+002  0.200000E+001  0.100000E+001  0.500000E+000  0.300000E+000  0.200000E+001  0.100000E+001  0.100000E+001  0.344000E+002
  0.349364E+003  0.958953E+001  0.942478E+001 -0.376991E+001  0.360001E-004  0.862685E-004  0.934787E-004 -0.630263E-004 -0.151032E-003  0.163655E-003  0.110000E+002  0.200000E+001  0.100000E+001  0.500000E+000  0.300000E+000  0.200000E+001  0.100000E+001  0.100000E+001  0.348000E+002
  0.349364E+003  0.958953E+001  0.942478E+001 -0.376991E+001 -0.584246E-004 -0.722882E-004  0.929463E-004  0.102285E-003  0.126557E-003  0.162723E-003  0.110000E+002  0.200000E+001  0.100000E+001  0.500000E+000  0.300000E+000  0.200000E+001  0.100000E+001  0.100000E+001  0.352000E+002
  0.349364E+003  0.958953E+001  0.942478E+001 -0.376991E+001  0.759299E-004  0.526929E-004  0.924224E-004 -0.132932E-003 -0.922507E-004  0.161806E-003  0.110000E+002  0.200000E+001  0.100000E+001  0.500000E+000  0.300000E+000  0.200000E+001  0.100000E+001  0.100000E+001  0.356000E+002
  0.349364E+003  0.958953E+001  0.942478E+001 -0.376991E+001 -0.871763E-004 -0.291088E-004  0.919077E-004  0.152622E-003  0.509615E-004  0.160905E-003  0.110000E+002  0.200000E+001  0.100000E+001  0.500000E+000  0.300000E+000  0.200000E+001  0.100000E+001  0.100000E+001  0.360000E+002
  0.349364E+003  0.958953E+001  0.942478E+001 -0.376991E+001  0.913355E-004  0.346042E-005  0.914010E-004 -0.159903E-003 -0.605823E-005  0.160018E-003  0.110000E+002  0.200000E+001  0.100000E+001  0.500000E+000  0.300000E+000  0.200000E+001  0.100000E+001  0.100000E+001  0.364000E+002
  0.349364E+003  0.958953E+001  0.942478E+001 -0.376991E+001 -0.881547E-004  0.221840E-004  0.909032E-004  0.154335E-003 -0.388381E-004  0.159146E-003  0.110000E+002  0.200000E+001  0.100000E+001  0.500000E+000  0.300000E+000  0.200000E+001  0.100000E+001  0.100000E+001  0.368000E+002
  0.349364E+003  0.958953E+001  0.942478E+001 -0.376991E+001  0.779664E-004 -0.457791E-004  0.904128E-004 -0.136498E-003  0.801466E-004  0.158288E-003  0.110000E+002  0.200000E+001  0.100000E+001  0.500000E+000  0.300000E+000  0.200000E+001  0.100000E+001  0.100000E+001  0.372000E+002
  0.349364E+003  0.958953E+001  0.942478E+001 -0.376991E+001 -0.616593E-004  0.654652E-004  0.899309E-004  0.107948E-003 -0.114611E-003  0.157444E-003  0.110000E+002  0.200000E+001  0.100000E+001  0.500000E+000  0.300000E+000  0.200000E+001  0.100000E+001  0.100000E+001  0.376000E+002
  0.349364E+003  0.958953E+001  0.942478E+001 -0.376991E+001  0.405988E-004 -0.797127E-004  0.894560E-004 -0.710772E-004  0.139555E-003  0.156613E-003  0.110000E+002  0.200000E+001  0.100000E+001  0.500000E+000  0.300000E+000  0.200000E+001  0.100000E+001  0.100000E+001  0.380000E+002
  0.349364E+003  0.958953E+001  0.942478E+001 -0.376991E+001 -0.165155E-004  0.874431E-004  0.889891E-004  0.289140E-004 -0.153089E-003  0.155795E-003  0.110000E+002  0.200000E+001  0.100000E+001  0.500000E+000  0.300000E+000  0.200000E+001  0.100000E+001  0.100000E+001  0.384000E+002
  0.349364E+003  0.958953E+001  0.942478E+001 -0.376991E+001 -0.863790E-005 -0.881070E-004  0.885294E-004  0.151226E-004  0.154251E-003  0.154991E-003  0.110000E+002  0.200000E+001  0.100000E+001  0.500000E+000  0.300000E+000  0.200000E+001  0.100000E+001  0.100000E+001  0.388000E+002
  0.349364E+003  0.958953E+001  0.942478E+001 -0.376991E+001  0.328430E-004  0.817237E-004  0.880763E-004 -0.574991E-004 -0.143076E-003  0.154197E-003  0.110000E+002  0.200000E+001  0.100000E+001  0.500000E+000  0.300000E+000  0.200000E+001  0.100000E+001  0.100000E+001  0.392000E+002
  0.349364E+003  0.958953E+001  0.942478E+001 -0.376991E+001 -0.541782E-004 -0.688755E-004  0.876306E-004  0.948511E-004  0.120582E-003  0.153417E-003  0.110000E+002  0.200000E+001  0.100000E+001  0.500000E+000  0.300000E+000  0.200000E+001  0.100000E+001  0.100000E+001  0.396000E+002
  0.349364E+003  0.958953E+001  0.942478E+001 -0.376991E+001  0.709693E-004  0.506521E-004  0.871910E-004 -0.124248E-003 -0.886779E-004  0.152647E-003  0.110000E+002  0.200000E+001  0.100000E+001  0.500000E+000  0.300000E+000  0.200000E+001  0.100000E+001  0.100000E+001  0.400000E+002
  0.349364E+003  0.958953E+001  0.942478E+001 -0.376991E+001 -0.819221E-004 -0.285625E-004  0.867585E-004  0.143423E-003  0.500051E-004  0.151890E-003  0.110000E+002  0.200000E+001  0.100000E+001  0.500000E+000  0.300000E+000  0.200000E+001  0.100000E+001  0.100000E+001  0.404000E+002
  0.349364E+003  0.958953E+001  0.942478E+001 -0.376991E+001  0.862194E-004  0.440766E-005  0.863320E-004 -0.150946E-003 -0.771660E-005  0.151143E-003  0.110000E+002  0.200000E+001  0.100000E+001  0.500000E+000  0.300000E+000  0.200000E+001  0.100000E+001  0.100000E+001  0.408000E+002
  0.349364E+003  0.958953E+001  0.942478E+001 -0.376991E+001 -0.835842E-004  0.198638E-004  0.859121E-004  0.146333E-003 -0.347759E-004  0.150408E-003  0.110000E+002  0.200000E+001  0.100000E+001  0.500000E+000  0.300000E+000  0.200000E+001  0.100000E+001  0.100000E+001  0.412000E+002
  0.349364E+003  0.958953E+001  0.942478E+001 -0.376991E+001  0.742933E-004 -0.423129E-004  0.854978E-004 -0.130067E-003  0.740781E-004  0.149683E-003  0.110000E+002  0.200000E+001  0.100000E+001  0.500000E+000  0.300000E+000  0.200000E+001  0.100000E+001  0.100000E+001  0.416000E+002
  0.349364E+003  0.958953E+001  0.942478E+001 -0.376991E+001 -0.591532E-004  0.611652E-004  0.850899E-004  0.103561E-003 -0.107083E-003  0.148969E-003  0.110000E+002  0.200000E+001  0.100000E+001  0.500000E+000  0.300000E+000  0.200000E+001  0.100000E+001  0.100000E+001  0.420000E+002
  0.349364E+003  0.958953E+001  0.942478E+001 -0.376991E+001  0.394279E-004 -0.749492E-004  0.846873E-004 -0.690274E-004  0.131215E-003  0.148264E-003  0.110000E+002  0.200000E+001  0.100000E+001  0.500000E+000  0.300000E+000  0.200000E+001  0.100000E+001  0.100000E+001  0.424000E+002
  0.349364E+003  0.958953E+001  0.942478E+001 -0.376991E+001 -0.167361E-004  0.826126E-004  0.842908E-004  0.293003E-004 -0.144632E-003  0.147570E-003  0.110000E+002  0.200000E+001  0.100000E+001  0.500000E+000  0.300000E+000  0.200000E+001  0.100000E+001  0.100000E+001  0.428000E+002
  0.349364E+003  0.958953E+001  0.942478E+001 -0.376991E+001 -0.708262E-005 -0.836004E-004  0.838999E-004  0.123997E-004  0.146361E-003  0.146886E-003  0.110000E+002  0.200000E+001  0.100000E+001  0.500000E+000  0.300000E+000  0.200000E+001  0.100000E+001  0.100000E+001  0.432000E+002
  0.349364E+003  0.958953E+001  0.942478E+001 -0.376991E+001  0.301155E-004  0.778950E-004  0.835139E-004 -0.527240E-004 -0.136373E-003  0.146210E-003  0.110000E+002  0.200000E+001  0.100000E+001  0.500000E+000  0.300000E+000  0.200000E+001  0.100000E+001  0.100000E+001  0.436000E+002
  0.349364E+003  0.958953E+001  0.942478E+001 -0.376991E+001 -0.505305E-004 -0.660142E-004  0.831336E-004  0.884649E-004  0.115573E-003  0.145544E-003  0.110000E+002  0.200000E+001  0.100000E+001  0.500000E+000  0.300000E+000  0.200000E+001  0.100000E+001  0.100000E+001  0.440000E+002
  0.349364E+003  0.958953E+001  0.942478E+001 -0.376991E+001  0.667202E-004  0.489624E-004  0.827581E-004 -0.116809E-003 -0.857196E-004  0.144886E-003  0.110000E+002  0.200000E+001  0.100000E+001  0.500000E+000  0.300000E+000  0.200000E+001  0.100000E+001  0.100000E+001  0.444000E+002
  0.349364E+003  0.958953E+001  0.942478E+001 -0.376991E+001 -0.774301E-004 -0.281488E-004  0.823880E-004  0.135559E-003  0.492807E-004  0.144239E-003  0.110000E+002  0.200000E+001  0.100000E+001  0.500000E+000  0.300000E+000  0.200000E+001  0.100000E+001  0.100000E+001  0.448000E+002
  0.349364E+003  0.958953E+001  0.942478E+001 -0.376991E+001  0.818530E-004  0.526921E-005  0.820224E-004 -0.143302E-003 -0.922492E-005  0.143599E-003  0.110000E+002  0.200000E+001  0.100000E+001  0.500000E+000  0.300000E+000  0.200000E+001  0.100000E+001  0.100000E+001  0.452000E+002
  0.349364E+003  0.958953E+001  0.942478E+001 -0.376991E+001 -0.796917E-004  0.178301E-004  0.816620E-004  0.139518E-003 -0.312156E-004  0.142968E-003  0.110000E+002  0.200000E+001  0.100000E+001  0.500000E+000  0.300000E+000  0.200000E+001  0.100000E+001  0.100000E+001  0.456000E+002
  0.349364E+003  0.958953E+001  0.942478E+001 -0.376991E+001  0.711761E-004 -0.393017E-004  0.813060E-004 -0.124610E-003  0.688064E-004  0.142344E-003  0.110000E+002  0.200000E+001  0.100000E+001  0.500000E+000  0.300000E+000  0.200000E+001  0.100000E+001  0.100000E+001  0.460000E+002
  0.349364E+003  0.958953E+001  0.942478E+001 -0.376991E+001 -0.570424E-004  0.574445E-004  0.809549E-004  0.998654E-004 -0.100569E-003  0.141730E-003  0.110000E+002  0.200000E+001  0.100000E+001  0.500000E+000  0.300000E+000  0.200000E+001  0.100000E+001  0.100000E+001  0.464000E+002
  0.349364E+003  0.958953E+001  0.942478E+001 -0.376991E+001  0.384679E-004 -0.708374E-004  0.806084E-004 -0.673466E-004  0.124017E-003  0.141123E-003  0.110000E+002  0.200000E+001  0.100000E+001  0.500000E+000  0.300000E+000  0.200000E+001  0.100000E+001  0.100000E+001  0.468000E+002
  0.349364E+003  0.958953E+001  0.942478E+001 -0.376991E+001 -0.169746E-004  0.784505E-004  0.802659E-004  0.297179E-004 -0.137345E-003  0.140523E-003  0.110000E+002  0.200000E+001  0.100000E+001  0.500000E+000  0.300000E+000  0.200000E+001  0.100000E+001  0.100000E+001  0.472000E+002
  0.349364E+003  0.958953E+001  0.942478E+001 -0.376991E+001 -0.569483E-005 -0.797250E-004  0.799281E-004  0.997007E-005  0.139576E-003  0.139932E-003  0.110000E+002  0.200000E+001  0.100000E+001  0.500000E+000  0.300000E+000  0.200000E+001  0.100000E+001  0.100000E+001  0.476000E+002
  0.349364E+003  0.958953E+001  0.942478E+001 -0.376991E+001  0.277190E-004  0.746116E-004  0.795942E-004 -0.485284E-004 -0.130624E-003  0.139347E-003  0.110000E+002  0.200000E+001  0.100000E+001  0.500000E+000  0.300000E+000  0.200000E+001  0.100000E+001  0.100000E+001  0.480000E+002
  0.349364E+003  0.958953E+001  0.942478E+001 -0.376991E+001 -0.473433E-004 -0.635729E-004  0.792648E-004  0.828851E-004  0.111299E-003  0.138771E-003  0.110000E+002  0.200000E+001  0.100000E+001  0.500000E+000  0.300000E+000  0.200000E+001  0.100000E+001  0.100000E+001  0.484000E+002
  0.349364E+003  0.958953E+001  0.942478E+001 -0.376991E+001  0.630188E-004  0.475394E-004  0.789390E-004 -0.110329E-003 -0.832284E-004  0.138200E-003  0.110000E+002  0.200000E+001  0.100000E+001  0.500000E+000  0.300000E+000  0.200000E+001  0.100000E+001  0.100000E+001  0.488000E+002
  0.349364E+003  0.958953E+001  0.942478E+001 -0.376991E+001 -0.735255E-004 -0.278341E-004  0.786176E-004  0.128723E-003  0.487299E-004  0.137638E-003  0.110000E+002  0.200000E+001  0.100000E+001  0.500000E+000  0.300000E+000  0.200000E+001  0.100000E+001  0.100000E+001  0.492000E+002
  0.349364E+003  0.958953E+001  0.942478E+001 -0.376991E+001  0.780648E-004  0.606167E-005  0.782998E-004 -0.136670E-003 -0.106123E-004  0.137081E-003  0.110000E+002  0.200000E+001  0.100000E+001  0.500000E+000  0.300000E+000  0.200000E+001  0.100000E+001  0.100000E+001  0.496000E+002
  0.349364E+003  0.958953E+001  0.942478E+001 -0.376991E+001 -0.763228E-004  0.160208E-004  0.779861E-004  0.133620E-003 -0.280481E-004  0.136532E-003  0.110000E+002  0.200000E+001  0.100000E+001  0.500000E+000  0.300000E+000  0.200000E+001  0.100000E+001  0.100000E+001  0.500000E+002
  0.349364E+003  0.958953E+001  0.942478E+001 -0.376991E+001  0.684886E-004 -0.366457E-004  0.776762E-004 -0.119905E-003  0.641566E-004  0.135990E-003  0.110000E+002  0.200000E+001  0.100000E+001  0.500000E+000  0.300000E+000  0.200000E+001  0.100000E+001  0.100000E+001  0.504000E+002
  0.349364E+003  0.958953E+001  0.942478E+001 -0.376991E+001 -0.552364E-004  0.541755E-004  0.773696E-004  0.967038E-004 -0.948464E-004  0.135453E-003  0.110000E+002  0.200000E+001  0.100000E+001  0.500000E+000  0.300000E+000  0.200000E+001  0.100000E+001  0.100000E+001  0.508000E+002
  0.349364E+003  0.958953E+001  0.942478E+001 -0.376991E+001  0.376691E-004 -0.672335E-004  0.770669E-004 -0.659482E-004  0.117707E-003  0.134923E-003  0.110000E+002  0.200000E+001  0.100000E+001  0.500000E+000  0.300000E+000  0.200000E+001  0.100000E+001  0.100000E+001  0.512000E+002
  0.349364E+003  0.958953E+001  0.942478E+001 -0.376991E+001 -0.172244E-004  0.748102E-004  0.767675E-004  0.301551E-004 -0.130972E-003  0.134399E-003  0.110000E+002  0.200000E+001  0.100000E+001  0.500000E+000  0.300000E+000  0.200000E+001  0.100000E+001  0.100000E+001  0.516000E+002
  0.349364E+003  0.958953E+001  0.942478E+001 -0.376991E+001 -0.444063E-005 -0.763427E-004  0.764718E-004  0.777431E-005  0.133655E-003  0.133881E-003  0.110000E+002  0.200000E+001  0.100000E+001  0.500000E+000  0.300000E+000  0.200000E+001  0.100000E+001  0.100000E+001  0.520000E+002
  0.349364E+003  0.958953E+001  0.942478E+001 -0.376991E+001  0.255842E-004  0.717545E-004  0.761792E-004 -0.447909E-004 -0.125622E-003  0.133369E-003  0.110000E+002  0.200000E+001  0.100000E+001  0.500000E+000  0.300000E+000  0.200000E+001  0.100000E+001  0.100000E+001  0.524000E+002
  0.349364E+003  0.958953E+001  0.942478E+001 -0.376991E+001 -0.445199E-004 -0.614597E-004  0.758902E-004  0.779421E-004  0.107599E-003  0.132863E-003  0.110000E+002  0.200000E+001  0.100000E+001  0.500000E+000  0.300000E+000  0.200000E+001  0.100000E+001  0.100000E+001  0.528000E+002
  0.349364E+003  0.958953E+001  0.942478E+001 -0.376991E+001  0.597499E-004  0.463243E-004  0.756042E-004 -0.104606E-003 -0.811010E-004  0.132362E-003  0.110000E+002  0.200000E+001  0.100000E+001  0.500000E+000  0.300000E+000  0.200000E+001  0.100000E+001  0.100000E+001  0.532000E+002
  0.349364E+003  0.958953E+001  0.942478E+001 -0.376991E+001 -0.700846E-004 -0.275953E-004  0.753217E-004  0.122699E-003  0.483118E-004  0.131867E-003  0.110000E+002  0.200000E+001  0.100000E+001  0.500000E+000  0.300000E+000  0.200000E+001  0.100000E+001  0.100000E+001  0.536000E+002
  0.349364E+003  0.958953E+001  0.942478E+001 -0.376991E+001  0.747336E-004  0.679713E-005  0.750420E-004 -0.130838E-003 -0.118999E-004  0.131378E-003  0.110000E+002  0.200000E+001  0.100000E+001  0.500000E+000  0.300000E+000  0.200000E+001  0.100000E+001  0.100000E+001  0.540000E+002
  0.349364E+003  0.958953E+001  0.942478E+001 -0.376991E+001 -0.733676E-004  0.143915E-004  0.747658E-004  0.128446E-003 -0.251955E-004  0.130894E-003  0.110000E+002  0.200000E+001  0.100000E+001  0.500000E+000  0.300000E+000  0.200000E+001  0.100000E+001  0.100000E+001  0.544000E+002
  0.349364E+003  0.958953E+001  0.942478E+001 -0.376991E+001  0.661399E-004 -0.342732E-004  0.744925E-004 -0.115793E-003  0.600029E-004  0.130416E-003  0.110000E+002  0.200000E+001  0.100000E+001  0.500000E+000  0.300000E+000  0.200000E+001  0.100000E+001  0.100000E+001  0.548000E+002
  0.349364E+003  0.958953E+001  0.942478E+001 -0.376991E+001 -0.536711E-004  0.512671E-004  0.742220E-004  0.939632E-004 -0.897546E-004  0.129942E-003  0.110000E+002  0.200000E+001  0.100000E+001  0.500000E+000  0.300000E+000  0.200000E+001  0.100000E+001  0.100000E+001  0.552000E+002
  0.349364E+003  0.958953E+001  0.942478E+001 -0.376991E+001  0.369969E-004 -0.640353E-004  0.739546E-004 -0.647713E-004  0.112108E-003  0.129474E-003  0.110000E+002  0.200000E+001  0.100000E+001  0.500000E+000  0.300000E+000  0.200000E+001  0.100000E+001  0.100000E+001  0.556000E+002
  0.349364E+003  0.958953E+001  0.942478E+001 -0.376991E+001 -0.174809E-004  0.715864E-004  0.736899E-004  0.306042E-004 -0.125328E-003  0.129011E-003  0.110000E+002  0.200000E+001  0.100000E+001  0.500000E+000  0.300000E+000  0.200000E+001  0.100000E+001  0.100000E+001  0.560000E+002
  0.349364E+003  0.958953E+001  0.942478E+001 -0.376991E+001 -0.329532E-005 -0.733543E-004  0.734282E-004  0.576920E-005  0.128423E-003  0.128553E-003  0.110000E+002  0.200000E+001  0.100000E+001  0.500000E+000  0.300000E+000  0.200000E+001  0.100000E+001  0.100000E+001  0.564000E+002
  0.349364E+003  0.958953E+001  0.942478E+001 -0.376991E+001  0.236609E-004  0.692378E-004  0.731691E-004 -0.414237E-004 -0.121216E-003  0.128099E-003  0.110000E+002  0.200000E+001  0.100000E+001  0.500000E+000  0.300000E+000  0.200000E+001  0.100000E+001  0.100000E+001  0.568000E+002
  0.349364E+003  0.958953E+001  0.942478E+001 -0.376991E+001 -0.419897E-004 -0.596084E-004  0.729129E-004  0.735124E-004  0.104358E-003  0.127650E-003  0.110000E+002  0.200000E+001  0.100000E+001  0.500000E+000  0.300000E+000  0.200000E+001  0.100000E+001  0.100000E+001  0.572000E+002
  0.349364E+003  0.958953E+001  0.942478E+001 -0.376991E+001  0.568295E-004  0.452743E-004  0.726592E-004 -0.994927E-004 -0.792629E-004  0.127206E-003  0.110000E+002  0.200000E+001  0.100000E+001  0.500000E+000  0.300000E+000  0.200000E+001  0.100000E+001  0.100000E+001  0.576000E+002
  0.349364E+003  0.958953E+001  0.942478E+001 -0.376991E+001 -0.670175E-004 -0.274155E-004  0.724083E-004  0.117329E-003  0.479970E-004  0.126767E-003  0.110000E+002  0.200000E+001  0.100000E+001  0.500000E+000  0.300000E+000  0.200000E+001  0.100000E+001  0.100000E+001  0.580000E+002
  0.349364E+003  0.958953E+001  0.942478E+001 -0.376991E+001  0.717708E-004  0.748468E-005  0.721600E-004 -0.125651E-003 -0.131036E-004  0.126332E-003  0.110000E+002  0.200000E+001  0.100000E+001  0.500000E+000  0.300000E+000  0.200000E+001  0.100000E+001  0.100000E+001  0.584000E+002
  0.349364E+003  0.958953E+001  0.942478E+001 -0.376991E+001 -0.707458E-004  0.129093E-004  0.719140E-004  0.123856E-003 -0.226006E-004  0.125902E-003  0.110000E+002  0.200000E+001  0.100000E+001  0.500000E+000  0.300000E+000  0.200000E+001  0.100000E+001  0.100000E+001  0.588000E+002
  0.349364E+003  0.958953E+001  0.942478E+001 -0.376991E+001  0.640645E-004 -0.321316E-004  0.716708E-004 -0.112159E-003  0.562535E-004  0.125476E-003  0.110000E+002  0.200000E+001  0.100000E+001  0.500000E+000  0.300000E+000  0.200000E+001  0.100000E+001  0.100000E+001  0.592000E+002
  0.349364E+003  0.958953E+001  0.942478E+001 -0.376991E+001 -0.522991E-004  0.486519E-004  0.714297E-004  0.915613E-004 -0.851760E-004  0.125054E-003  0.110000E+002  0.200000E+001  0.100000E+001  0.500000E+000  0.300000E+000  0.200000E+001  0.100000E+001  0.100000E+001  0.596000E+002
  0.349364E+003  0.958953E+001  0.942478E+001 -0.376991E+001  0.364255E-004 -0.611669E-004  0.711913E-004 -0.637711E-004  0.107086E-003  0.124636E-003  0.110000E+002  0.200000E+001  0.100000E+001  0.500000E+000  0.300000E+000  0.200000E+001  0.100000E+001  0.100000E+001  0.600000E+002
  0.349364E+003  0.958953E+001  0.942478E+001 -0.376991E+001 -0.177411E-004  0.687013E-004  0.709551E-004  0.310597E-004 -0.120277E-003  0.124223E-003  0.110000E+002  0.200000E+001  0.100000E+001  0.500000E+000  0.300000E+000  0.200000E+001  0.100000E+001  0.100000E+001  0.604000E+002
  0.349364E+003  0.958953E+001  0.942478E+001 -0.376991E+001 -0.224043E-005 -0.706859E-004  0.707214E-004  0.392237E-005  0.123751E-003  0.123814E-003  0.110000E+002  0.200000E+001  0.100000E+001  0.500000E+000  0.300000E+000  0.200000E+001  0.100000E+001  0.100000E+001  0.608000E+002
  0.349364E+003  0.958953E+001  0.942478E+001 -0.376991E+001  0.219115E-004  0.669977E-004  0.704897E-004 -0.383610E-004 -0.117294E-003  0.123408E-003  0.110000E+002  0.200000E+001  0.100000E+001  0.500000E+000  0.300000E+000  0.200000E+001  0.100000E+001  0.100000E+001  0.612000E+002
  0.349364E+003  0.958953E+001  0.942478E+001 -0.376991E+001 -0.397001E-004 -0.579695E-004  0.702606E-004  0.695039E-004  0.101489E-003  0.123007E-003  0.110000E+002  0.200000E+001  0.100000E+001  0.500000E+000  0.300000E+000  0.200000E+001  0.100000E+001  0.100000E+001  0.616000E+002
  0.349364E+003  0.958953E+001  0.942478E+001 -0.376991E+001  0.541947E-004  0.443579E-004  0.700335E-004 -0.948799E-004 -0.776585E-004  0.122609E-003  0.110000E+002  0.200000E+001  0.100000E+001  0.500000E+000  0.300000E+000  0.200000E+001  0.100000E+001  0.100000E+001  0.620000E+002
  0.349364E+003  0.958953E+001  0.942478E+001 -0.376991E+001 -0.642568E-004 -0.272823E-004  0.698088E-004  0.112496E-003  0.477638E-004  0.122216E-003  0.110000E+002  0.200000E+001  0.100000E+001  0.500000E+000  0.300000E+000  0.200000E+001  0.100000E+001  0.100000E+001  0.624000E+002
  0.349364E+003  0.958953E+001  0.942478E+001 -0.376991E+001  0.691095E-004  0.813121E-005  0.695862E-004 -0.120992E-003 -0.142355E-004  0.121826E-003  0.110000E+002  0.200000E+001  0.100000E+001  0.500000E+000  0.300000E+000  0.200000E+001  0.100000E+001  0.100000E+001  0.628000E+002
  0.349364E+003  0.958953E+001  0.942478E+001 -0.376991E+001 -0.683972E-004  0.115494E-004  0.693655E-004  0.119745E-003 -0.202199E-004  0.121440E-003  0.110000E+002  0.200000E+001  0.100000E+001  0.500000E+000  0.300000E+000  0.200000E+001  0.100000E+001  0.100000E+001  0.632000E+002
  0.349364E+003  0.958953E+001  0.942478E+001 -0.376991E+001  0.622128E-004 -0.301811E-004  0.691471E-004 -0.108917E-003  0.528388E-004  0.121058E-003  0.110000E+002  0.200000E+001  0.100000E+001  0.500000E+000  0.300000E+000  0.200000E+001  0.100000E+001  0.100000E+001  0.636000E+002
  0.349364E+003  0.958953E+001  0.942478E+001 -0.376991E+001 -0.510850E-004  0.462790E-004  0.689306E-004  0.894357E-004 -0.810218E-004  0.120678E-003  0.110000E+002  0.200000E+001  0.100000E+001  0.500000E+000  0.300000E+000  0.200000E+001  0.100000E+001  0.100000E+001  0.640000E+002
  0.349364E+003  0.958953E+001  0.942478E+001 -0.376991E+001  0.359359E-004 -0.585708E-004  0.687163E-004 -0.629138E-004  0.102541E-003  0.120303E-003  0.110000E+002  0.200000E+001  0.100000E+001  0.500000E+000  0.300000E+000  0.200000E+001  0.100000E+001  0.100000E+001  0.644000E+002
  0.349364E+003  0.958953E+001  0.942478E+001 -0.376991E+001 -0.180028E-004  0.660961E-004  0.685040E-004  0.315179E-004 -0.115716E-003  0.119932E-003  0.110000E+002  0.200000E+001  0.100000E+001  0.500000E+000  0.300000E+000  0.200000E+001  0.100000E+001  0.100000E+001  0.648000E+002
  0.349364E+003  0.958953E+001  0.942478E+001 -0.376991E+001 -0.126176E-005 -0.682817E-004  0.682934E-004  0.220899E-005  0.119542E-003  0.119563E-003  0.110000E+002  0.200000E+001  0.100000E+001  0.500000E+000  0.300000E+000  0.200000E+001  0.100000E+001  0.100000E+001  0.652000E+002
  0.349364E+003  0.958953E+001  0.942478E+001 -0.376991E+001  0.203073E-004  0.649857E-004  0.680847E-004 -0.355525E-004 -0.113772E-003  0.119198E-003  0.110000E+002  0.200000E+001  0.100000E+001  0.500000E+000  0.300000E+000  0.200000E+001  0.100000E+001  0.100000E+001  0.656000E+002
  0.349364E+003  0.958953E+001  0.942478E+001 -0.376991E+001 -0.376110E-004 -0.565057E-004  0.678784E-004  0.658465E-004  0.989258E-004  0.118836E-003  0.110000E+002  0.200000E+001  0.100000E+001  0.500000E+000  0.300000E+000  0.200000E+001  0.100000E+001  0.100000E+001  0.660000E+002
  0.349364E+003  0.958953E+001  0.942478E+001 -0.376991E+001  0.517977E-004  0.435511E-004  0.676735E-004 -0.906835E-004 -0.762460E-004  0.118478E-003  0.110000E+002  0.200000E+001  0.100000E+001  0.500000E+000  0.300000E+000  0.200000E+001  0.100000E+001  0.100000E+001  0.664000E+002
  0.349364E+003  0.958953E+001  0.942478E+001 -0.376991E+001 -0.617508E-004 -0.271865E-004  0.674705E-004  0.108109E-003  0.475960E-004  0.118122E-003  0.110000E+002  0.200000E+001  0.100000E+001  0.500000E+000  0.300000E+000  0.200000E+001  0.100000E+001  0.100000E+001  0.668000E+002
  0.349364E+003  0.958953E+001  0.942478E+001 -0.376991E+001  0.666988E-004  0.874219E-005  0.672693E-004 -0.116771E-003 -0.153052E-004  0.117770E-003  0.110000E+002  0.200000E+001  0.100000E+001  0.500000E+000  0.300000E+000  0.200000E+001  0.100000E+001  0.100000E+001  0.672000E+002
  0.349364E+003  0.958953E+001  0.942478E+001 -0.376991E+001 -0.662758E-004  0.102928E-004  0.670703E-004  0.116031E-003 -0.180198E-004  0.117422E-003  0.110000E+002  0.200000E+001  0.100000E+001  0.500000E+000  0.300000E+000  0.200000E+001  0.100000E+001  0.100000E+001  0.676000E+002
  0.349364E+003  0.958953E+001  0.942478E+001 -0.376991E+001  0.605466E-004 -0.283911E-004  0.668726E-004 -0.106000E-003  0.497050E-004  0.117075E-003  0.110000E+002  0.200000E+001  0.100000E+001  0.500000E+000  0.300000E+000  0.200000E+001  0.100000E+001  0.100000E+001  0.680000E+002
  0.349364E+003  0.958953E+001  0.942478E+001 -0.376991E+001 -0.500015E-004  0.441092E-004  0.666767E-004  0.875389E-004 -0.772230E-004  0.116732E-003  0.110000E+002  0.200000E+001  0.100000E+001  0.500000E+000  0.300000E+000  0.200000E+001  0.100000E+001  0.100000E+001  0.684000E+002
  0.349364E+003  0.958953E+001  0.942478E+001 -0.376991E+001  0.355131E-004 -0.562026E-004  0.664824E-004 -0.621736E-004  0.983952E-004  0.116392E-003  0.110000E+002  0.200000E+001  0.100000E+001  0.500000E+000  0.300000E+000  0.200000E+001  0.100000E+001  0.100000E+001  0.688000E+002
  0.349364E+003  0.958953E+001  0.942478E+001 -0.376991E+001 -0.182643E-004  0.637246E-004  0.662903E-004  0.319757E-004 -0.111564E-003  0.116056E-003  0.110000E+002  0.200000E+001  0.100000E+001  0.500000E+000  0.300000E+000  0.200000E+001  0.100000E+001  0.100000E+001  0.692000E+002
  0.349364E+003  0.958953E+001  0.942478E+001 -0.376991E+001 -0.348233E-006 -0.660985E-004  0.660994E-004  0.609659E-006  0.115720E-003  0.115722E-003  0.110000E+002  0.200000E+001  0.100000E+001  0.500000E+000  0.300000E+000  0.200000E+001  0.100000E+001  0.100000E+001  0.696000E+002
  0.349364E+003  0.958953E+001  0.942478E+001 -0.376991E+001  0.188261E-004  0.631643E-004  0.659102E-004 -0.329593E-004 -0.110583E-003  0.115391E-003  0.110000E+002  0.200000E+001  0.100000E+001  0.500000E+000  0.300000E+000  0.200000E+001  0.100000E+001  0.100000E+001  0.700000E+002
  0.349364E+003  0.958953E+001  0.942478E+001 -0.376991E+001 -0.356909E-004 -0.551876E-004  0.657230E-004  0.624849E-004  0.966182E-004  0.115063E-003  0.110000E+002  0.200000E+001  0.100000E+001  0.500000E+000  0.300000E+000  0.200000E+001  0.100000E+001  0.100000E+001  0.704000E+002
  0.349364E+003  0.958953E+001  0.942478E+001 -0.376991E+001  0.496009E-004  0.428350E-004  0.655369E-004 -0.868376E-004 -0.749922E-004  0.114737E-003  0.110000E+002  0.200000E+001  0.100000E+001  0.500000E+000  0.300000E+000  0.200000E+001  0.100000E+001  0.100000E+001  0.708000E+002
  0.349364E+003  0.958953E+001  0.942478E+001 -0.376991E+001 -0.594593E-004 -0.271207E-004  0.653525E-004  0.104097E-003  0.474809E-004  0.114414E-003  0.110000E+002  0.200000E+001  0.100000E+001  0.500000E+000  0.300000E+000  0.200000E+001  0.100000E+001  0.100000E+001  0.712000E+002
  0.349364E+003  0.958953E+001  0.942478E+001 -0.376991E+001  0.644994E-004  0.932203E-005  0.651696E-004 -0.112921E-003 -0.163203E-004  0.114094E-003  0.110000E+002  0.200000E+001  0.100000E+001  0.500000E+000  0.300000E+000  0.200000E+001  0.100000E+001  0.100000E+001  0.716000E+002
  0.349364E+003  0.958953E+001  0.942478E+001 -0.376991E+001 -0.643449E-004  0.912427E-005  0.649886E-004  0.112650E-003 -0.159741E-004  0.113777E-003  0.110000E+002  0.200000E+001  0.100000E+001  0.500000E+000  0.300000E+000  0.200000E+001  0.100000E+001  0.100000E+001  0.720000E+002
  0.349364E+003  0.958953E+001  0.942478E+001 -0.376991E+001  0.590362E-004 -0.267374E-004  0.648087E-004 -0.103356E-003  0.468099E-004  0.113462E-003  0.110000E+002  0.200000E+001  0.100000E+001  0.500000E+000  0.300000E+000  0.200000E+001  0.100000E+001  0.100000E+001  0.724000E+002
  0.349364E+003  0.958953E+001  0.942478E+001 -0.376991E+001 -0.490274E-004  0.421116E-004  0.646303E-004  0.858335E-004 -0.737257E-004  0.113150E-003  0.110000E+002  0.200000E+001  0.100000E+001  0.500000E+000  0.300000E+000  0.200000E+001  0.100000E+001  0.100000E+001  0.728000E+002
  0.349364E+003  0.958953E+001  0.942478E+001 -0.376991E+001  0.351459E-004 -0.540278E-004  0.644534E-004 -0.615307E-004  0.945877E-004  0.112840E-003  0.110000E+002  0.200000E+001  0.100000E+001  0.500000E+000  0.300000E+000  0.200000E+001  0.100000E+001  0.100000E+001  0.732000E+002
  0.349364E+003  0.958953E+001  0.942478E+001 -0.376991E+001 -0.185245E-004  0.615511E-004  0.642782E-004  0.324313E-004 -0.107759E-003  0.112533E-003  0.110000E+002  0.200000E+001  0.100000E+001  0.500000E+000  0.300000E+000  0.200000E+001  0.100000E+001  0.100000E+001  0.736000E+002
  0.349364E+003  0.958953E+001  0.942478E+001 -0.376991E+001  0.508979E-006 -0.641022E-004  0.641042E-004 -0.891081E-006  0.112225E-003  0.112229E-003  0.110000E+002  0.200000E+001  0.100000E+001  0.500000E+000  0.300000E+000  0.200000E+001  0.100000E+001  0.100000E+001  0.740000E+002
  0.349364E+003  0.958953E+001  0.942478E+001 -0.376991E+001  0.174501E-004  0.615039E-004  0.639315E-004 -0.305504E-004 -0.107676E-003  0.111926E-003  0.110000E+002  0.200000E+001  0.100000E+001  0.500000E+000  0.300000E+000  0.200000E+001  0.100000E+001  0.100000E+001  0.744000E+002
  0.349364E+003  0.958953E+001  0.942478E+001 -0.376991E+001 -0.339151E-004 -0.539925E-004  0.637606E-004  0.593759E-004  0.945259E-004  0.111627E-003  0.110000E+002  0.200000E+001  0.100000E+001  0.500000E+000  0.300000E+000  0.200000E+001  0.100000E+001  0.100000E+001  0.748000E+002
  0.349364E+003  0.958953E+001  0.942478E+001 -0.376991E+001  0.475748E-004  0.421950E-004  0.635907E-004 -0.832904E-004 -0.738718E-004  0.111330E-003  0.110000E+002  0.200000E+001  0.100000E+001  0.500000E+000  0.300000E+000  0.200000E+001  0.100000E+001  0.100000E+001  0.752000E+002
  0.349364E+003  0.958953E+001  0.942478E+001 -0.376991E+001 -0.573504E-004 -0.270795E-004  0.634222E-004  0.100405E-003  0.474087E-004  0.111035E-003  0.110000E+002  0.200000E+001  0.100000E+001  0.500000E+000  0.300000E+000  0.200000E+001  0.100000E+001  0.100000E+001  0.756000E+002
  0.349364E+003  0.958953E+001  0.942478E+001 -0.376991E+001  0.624795E-004  0.987425E-005  0.632549E-004 -0.109384E-003 -0.172871E-004  0.110742E-003  0.110000E+002  0.200000E+001  0.100000E+001  0.500000E+000  0.300000E+000  0.200000E+001  0.100000E+001  0.100000E+001  0.760000E+002
  0.349364E+003  0.958953E+001  0.942478E+001 -0.376991E+001 -0.625761E-004  0.803183E-005  0.630894E-004  0.109553E-003 -0.140615E-004  0.110452E-003  0.110000E+002  0.200000E+001  0.100000E+001  0.500000E+000  0.300000E+000  0.200000E+001  0.100000E+001  0.100000E+001  0.764000E+002
  0.349364E+003  0.958953E+001  0.942478E+001 -0.376991E+001  0.576580E-004 -0.252009E-004  0.629248E-004 -0.100943E-003  0.441198E-004  0.110164E-003  0.110000E+002  0.200000E+001  0.100000E+001  0.500000E+000  0.300000E+000  0.200000E+001  0.100000E+001  0.100000E+001  0.768000E+002
  0.349364E+003  0.958953E+001  0.942478E+001 -0.376991E+001 -0.481457E-004  0.402615E-004  0.627615E-004  0.842899E-004 -0.704867E-004  0.109878E-003  0.110000E+002  0.200000E+001  0.100000E+001  0.500000E+000  0.300000E+000  0.200000E+001  0.100000E+001  0.100000E+001  0.772000E+002
  0.349364E+003  0.958953E+001  0.942478E+001 -0.376991E+001  0.348252E-004 -0.520186E-004  0.625998E-004 -0.609693E-004  0.910702E-004  0.109595E-003  0.110000E+002  0.200000E+001  0.100000E+001  0.500000E+000  0.300000E+000  0.200000E+001  0.100000E+001  0.100000E+001  0.776000E+002
  0.349364E+003  0.958953E+001  0.942478E+001 -0.376991E+001 -0.187826E-004  0.595469E-004  0.624389E-004  0.328831E-004 -0.104250E-003  0.109313E-003  0.110000E+002  0.200000E+001  0.100000E+001  0.500000E+000  0.300000E+000  0.200000E+001  0.100000E+001  0.100000E+001  0.780000E+002
  0.349364E+003  0.958953E+001  0.942478E+001 -0.376991E+001  0.131700E-005 -0.622654E-004  0.622794E-004 -0.230570E-005  0.109010E-003  0.109034E-003  0.110000E+002  0.200000E+001  0.100000E+001  0.500000E+000  0.300000E+000  0.200000E+001  0.100000E+001  0.100000E+001  0.784000E+002
  0.349364E+003  0.958953E+001  0.942478E+001 -0.376991E+001  0.161651E-004  0.599809E-004  0.621210E-004 -0.283007E-004 -0.105010E-003  0.108757E-003  0.110000E+002  0.200000E+001  0.100000E+001  0.500000E+000  0.300000E+000  0.200000E+001  0.100000E+001  0.100000E+001  0.788000E+002
  0.349364E+003  0.958953E+001  0.942478E+001 -0.376991E+001 -0.322636E-004 -0.529020E-004  0.619642E-004  0.564846E-004  0.926167E-004  0.108482E-003  0.110000E+002  0.200000E+001  0.100000E+001  0.500000E+000  0.300000E+000  0.200000E+001  0.100000E+001  0.100000E+001  0.792000E+002
  0.349364E+003  0.958953E+001  0.942478E+001 -0.376991E+001  0.456955E-004  0.416194E-004  0.618082E-004 -0.800002E-004 -0.728640E-004  0.108209E-003  0.110000E+002  0.200000E+001  0.100000E+001  0.500000E+000  0.300000E+000  0.200000E+001  0.100000E+001  0.100000E+001  0.796000E+002
  0.349364E+003  0.958953E+001  0.942478E+001 -0.376991E+001 -0.553984E-004 -0.270583E-004  0.616534E-004  0.969873E-004  0.473717E-004  0.107938E-003  0.110000E+002  0.200000E+001  0.100000E+001  0.500000E+000  0.300000E+000  0.200000E+001  0.100000E+001  0.100000E+001  0.800000E+002
  0.349364E+003  0.958953E+001  0.942478E+001 -0.376991E+001  0.606137E-004  0.104017E-004  0.614997E-004 -0.106118E-003 -0.182106E-004  0.107669E-003  0.110000E+002  0.200000E+001  0.100000E+001  0.500000E+000  0.300000E+000  0.200000E+001  0.100000E+001  0.100000E+001  0.804000E+002
  0.349364E+003  0.958953E+001  0.942478E+001 -0.376991E+001 -0.609462E-004  0.700572E-005  0.613476E-004  0.106700E-003 -0.122651E-004  0.107403E-003  0.110000E+002  0.200000E+001  0.100000E+001  0.500000E+000  0.300000E+000  0.200000E+001  0.100000E+001  0.100000E+001  0.808000E+002
  0.349364E+003  0.958953E+001  0.942478E+001 -0.376991E+001  0.563929E-004 -0.237658E-004  0.611962E-004 -0.987284E-004  0.416074E-004  0.107138E-003  0.110000E+002  0.200000E+001  0.100000E+001  0.500000E+000  0.300000E+000  0.200000E+001  0.100000E+001  0.100000E+001  0.812000E+002
  0.349364E+003  0.958953E+001  0.942478E+001 -0.376991E+001 -0.473429E-004  0.385390E-004  0.610459E-004  0.828843E-004 -0.674712E-004  0.106875E-003  0.110000E+002  0.200000E+001  0.100000E+001  0.500000E+000  0.300000E+000  0.200000E+001  0.100000E+001  0.100000E+001  0.816000E+002
  0.349364E+003  0.958953E+001  0.942478E+001 -0.376991E+001  0.345434E-004 -0.501518E-004  0.608971E-004 -0.604760E-004  0.878020E-004  0.106614E-003  0.110000E+002  0.200000E+001  0.100000E+001  0.500000E+000  0.300000E+000  0.200000E+001  0.100000E+001  0.100000E+001  0.820000E+002
  0.349364E+003  0.958953E+001  0.942478E+001 -0.376991E+001 -0.190378E-004  0.576888E-004  0.607490E-004  0.333299E-004 -0.100997E-003  0.106355E-003  0.110000E+002  0.200000E+001  0.100000E+001  0.500000E+000  0.300000E+000  0.200000E+001  0.100000E+001  0.100000E+001  0.824000E+002
  0.349364E+003  0.958953E+001  0.942478E+001 -0.376991E+001  0.208166E-005 -0.605662E-004  0.606020E-004 -0.364442E-005  0.106035E-003  0.106097E-003  0.110000E+002  0.200000E+001  0.100000E+001  0.500000E+000  0.300000E+000  0.200000E+001  0.100000E+001  0.100000E+001  0.828000E+002
  0.349364E+003  0.958953E+001  0.942478E+001 -0.376991E+001  0.149595E-004  0.585760E-004  0.604561E-004 -0.261900E-004 -0.102550E-003  0.105842E-003  0.110000E+002  0.200000E+001  0.100000E+001  0.500000E+000  0.300000E+000  0.200000E+001  0.100000E+001  0.100000E+001  0.832000E+002
  0.349364E+003  0.958953E+001  0.942478E+001 -0.376991E+001 -0.307202E-004 -0.519013E-004  0.603115E-004  0.537826E-004  0.908648E-004  0.105589E-003  0.110000E+002  0.200000E+001  0.100000E+001  0.500000E+000  0.300000E+000  0.200000E+001  0.100000E+001  0.100000E+001  0.836000E+002
  0.349364E+003  0.958953E+001  0.942478E+001 -0.376991E+001  0.439436E-004  0.410987E-004  0.601676E-004 -0.769331E-004 -0.719524E-004  0.105337E-003  0.110000E+002  0.200000E+001  0.100000E+001  0.500000E+000  0.300000E+000  0.200000E+001  0.100000E+001  0.100000E+001  0.840000E+002
  0.349364E+003  0.958953E+001  0.942478E+001 -0.376991E+001 -0.535824E-004 -0.270537E-004  0.600248E-004  0.938080E-004  0.473635E-004  0.105087E-003  0.110000E+002  0.200000E+001  0.100000E+001  0.500000E+000  0.300000E+000  0.200000E+001  0.100000E+001  0.100000E+001  0.844000E+002
  0.349364E+003  0.958953E+001  0.942478E+001 -0.376991E+001  0.588813E-004  0.109069E-004  0.598830E-004 -0.103085E-003 -0.190950E-004  0.104839E-003  0.110000E+002  0.200000E+001  0.100000E+001  0.500000E+000  0.300000E+000  0.200000E+001  0.100000E+001  0.100000E+001  0.848000E+002
  0.349364E+003  0.958953E+001  0.942478E+001 -0.376991E+001 -0.594366E-004  0.603792E-005  0.597425E-004  0.104057E-003 -0.105707E-004  0.104593E-003  0.110000E+002  0.200000E+001  0.100000E+001  0.500000E+000  0.300000E+000  0.200000E+001  0.100000E+001  0.100000E+001  0.852000E+002
  0.349364E+003  0.958953E+001  0.942478E+001 -0.376991E+001  0.552253E-004 -0.224195E-004  0.596026E-004 -0.966843E-004  0.392504E-004  0.104348E-003  0.110000E+002  0.200000E+001  0.100000E+001  0.500000E+000  0.300000E+000  0.200000E+001  0.100000E+001  0.100000E+001  0.856000E+002
  0.349364E+003  0.958953E+001  0.942478E+001 -0.376991E+001 -0.466077E-004  0.369278E-004  0.594638E-004  0.815971E-004 -0.646504E-004  0.104105E-003  0.110000E+002  0.200000E+001  0.100000E+001  0.500000E+000  0.300000E+000  0.200000E+001  0.100000E+001  0.100000E+001  0.860000E+002
  0.349364E+003  0.958953E+001  0.942478E+001 -0.376991E+001  0.342947E-004 -0.484094E-004  0.593262E-004 -0.600406E-004  0.847514E-004  0.103864E-003  0.110000E+002  0.200000E+001  0.100000E+001  0.500000E+000  0.300000E+000  0.200000E+001  0.100000E+001  0.100000E+001  0.864000E+002
  0.349364E+003  0.958953E+001  0.942478E+001 -0.376991E+001 -0.192898E-004  0.559578E-004  0.591892E-004  0.337710E-004 -0.979666E-004  0.103624E-003  0.110000E+002  0.200000E+001  0.100000E+001  0.500000E+000  0.300000E+000  0.200000E+001  0.100000E+001  0.100000E+001  0.868000E+002
  0.349364E+003  0.958953E+001  0.942478E+001 -0.376991E+001  0.280780E-005 -0.589865E-004  0.590532E-004 -0.491568E-005  0.103269E-003  0.103386E-003  0.110000E+002  0.200000E+001  0.100000E+001  0.500000E+000  0.300000E+000  0.200000E+001  0.100000E+001  0.100000E+001  0.872000E+002
  0.349364E+003  0.958953E+001  0.942478E+001 -0.376991E+001  0.138237E-004  0.572735E-004  0.589182E-004 -0.242015E-004 -0.100270E-003  0.103149E-003  0.110000E+002  0.200000E+001  0.100000E+001  0.500000E+000  0.300000E+000  0.200000E+001  0.100000E+001  0.100000E+001  0.876000E+002
  0.349364E+003  0.958953E+001  0.942478E+001 -0.376991E+001 -0.292716E-004 -0.509781E-004  0.587843E-004  0.512465E-004  0.892486E-004  0.102915E-003  0.110000E+002  0.200000E+001  0.100000E+001  0.500000E+000  0.300000E+000  0.200000E+001  0.100000E+001  0.100000E+001  0.880000E+002
  0.349364E+003  0.958953E+001  0.942478E+001 -0.376991E+001  0.423032E-004  0.406251E-004  0.586511E-004 -0.740611E-004 -0.711233E-004  0.102682E-003  0.110000E+002  0.200000E+001  0.100000E+001  0.500000E+000  0.300000E+000  0.200000E+001  0.100000E+001  0.100000E+001  0.884000E+002
  0.349364E+003  0.958953E+001  0.942478E+001 -0.376991E+001 -0.518851E-004 -0.270626E-004  0.585188E-004  0.908365E-004  0.473791E-004  0.102450E-003  0.110000E+002  0.200000E+001  0.100000E+001  0.500000E+000  0.300000E+000  0.200000E+001  0.100000E+001  0.100000E+001  0.888000E+002
  0.349364E+003  0.958953E+001  0.942478E+001 -0.376991E+001  0.572655E-004  0.113919E-004  0.583876E-004 -0.100256E-003 -0.199441E-004  0.102221E-003  0.110000E+002  0.200000E+001  0.100000E+001  0.500000E+000  0.300000E+000  0.200000E+001  0.100000E+001  0.100000E+001  0.892000E+002
  0.349364E+003  0.958953E+001  0.942478E+001 -0.376991E+001 -0.580315E-004  0.512177E-005  0.582571E-004  0.101597E-003 -0.896680E-005  0.101992E-003  0.110000E+002  0.200000E+001  0.100000E+001  0.500000E+000  0.300000E+000  0.200000E+001  0.100000E+001  0.100000E+001  0.896000E+002
  0.349364E+003  0.958953E+001  0.942478E+001 -0.376991E+001  0.541426E-004 -0.211513E-004  0.581274E-004 -0.947886E-004  0.370301E-004  0.101765E-003  0.110000E+002  0.200000E+001  0.100000E+001  0.500000E+000  0.300000E+000  0.200000E+001  0.100000E+001  0.100000E+001  0.900000E+002
  0.349364E+003  0.958953E+001  0.942478E+001 -0.376991E+001 -0.459310E-004  0.354144E-004  0.579986E-004  0.804125E-004 -0.620008E-004  0.101539E-003  0.110000E+002  0.200000E+001  0.100000E+001  0.500000E+000  0.300000E+000  0.200000E+001  0.100000E+001  0.100000E+001  0.904000E+002
  0.349364E+003  0.958953E+001  0.942478E+001 -0.376991E+001  0.340742E-004 -0.467759E-004  0.578709E-004 -0.596546E-004  0.818917E-004  0.101316E-003  0.110000E+002  0.200000E+001  0.100000E+001  0.500000E+000  0.300000E+000  0.200000E+001  0.100000E+001  0.100000E+001  0.908000E+002
  0.349364E+003  0.958953E+001  0.942478E+001 -0.376991E+001 -0.195381E-004  0.543379E-004  0.577438E-004  0.342058E-004 -0.951306E-004  0.101093E-003  0.110000E+002  0.200000E+001  0.100000E+001  0.500000E+000  0.300000E+000  0.200000E+001  0.100000E+001  0.100000E+001  0.912000E+002
  0.349364E+003  0.958953E+001  0.942478E+001 -0.376991E+001  0.349944E-005 -0.575111E-004  0.576175E-004 -0.612655E-005  0.100686E-003  0.100872E-003  0.110000E+002  0.200000E+001  0.100000E+001  0.500000E+000  0.300000E+000  0.200000E+001  0.100000E+001  0.100000E+001  0.916000E+002
  0.349364E+003  0.958953E+001  0.942478E+001 -0.376991E+001  0.127498E-004  0.560604E-004  0.574920E-004 -0.223214E-004 -0.981464E-004  0.100653E-003  0.110000E+002  0.200000E+001  0.100000E+001  0.500000E+000  0.300000E+000  0.200000E+001  0.100000E+001  0.100000E+001  0.920000E+002
  0.349364E+003  0.958953E+001  0.942478E+001 -0.376991E+001 -0.279066E-004 -0.501225E-004  0.573676E-004  0.488567E-004  0.877507E-004  0.100435E-003  0.110000E+002  0.200000E+001  0.100000E+001  0.500000E+000  0.300000E+000  0.200000E+001  0.100000E+001  0.100000E+001  0.924000E+002
  0.349364E+003  0.958953E+001  0.942478E+001 -0.376991E+001  0.407608E-004  0.401921E-004  0.572438E-004 -0.713609E-004 -0.703653E-004  0.100218E-003  0.110000E+002  0.200000E+001  0.100000E+001  0.500000E+000  0.300000E+000  0.200000E+001  0.100000E+001  0.100000E+001  0.928000E+002
  0.349364E+003  0.958953E+001  0.942478E+001 -0.376991E+001 -0.502922E-004 -0.270826E-004  0.571207E-004  0.880478E-004  0.474142E-004  0.100003E-003  0.110000E+002  0.200000E+001  0.100000E+001  0.500000E+000  0.300000E+000  0.200000E+001  0.100000E+001  0.100000E+001  0.932000E+002
  0.349364E+003  0.958953E+001  0.942478E+001 -0.376991E+001  0.557516E-004  0.118583E-004  0.569987E-004 -0.976056E-004 -0.207607E-004  0.997891E-004  0.110000E+002  0.200000E+001  0.100000E+001  0.500000E+000  0.300000E+000  0.200000E+001  0.100000E+001  0.100000E+001  0.936000E+002
  0.349364E+003  0.958953E+001  0.942478E+001 -0.376991E+001 -0.567181E-004  0.425170E-005  0.568773E-004  0.992978E-004 -0.744356E-005  0.995764E-004  0.110000E+002  0.200000E+001  0.100000E+001  0.500000E+000  0.300000E+000  0.200000E+001  0.100000E+001  0.100000E+001  0.940000E+002
  0.349364E+003  0.958953E+001  0.942478E+001 -0.376991E+001  0.531339E-004 -0.199525E-004  0.567566E-004 -0.930227E-004  0.349313E-004  0.993651E-004  0.110000E+002  0.200000E+001  0.100000E+001  0.500000E+000  0.300000E+000  0.200000E+001  0.100000E+001  0.100000E+001  0.944000E+002
  0.349364E+003  0.958953E+001  0.942478E+001 -0.376991E+001 -0.453053E-004  0.339873E-004  0.566366E-004  0.793170E-004 -0.595024E-004  0.991551E-004  0.110000E+002  0.200000E+001  0.100000E+001  0.500000E+000  0.300000E+000  0.200000E+001  0.100000E+001  0.100000E+001  0.948000E+002
  0.349364E+003  0.958953E+001  0.942478E+001 -0.376991E+001  0.338779E-004 -0.452387E-004  0.565177E-004 -0.593109E-004  0.792004E-004  0.989469E-004  0.110000E+002  0.200000E+001  0.100000E+001  0.500000E+000  0.300000E+000  0.200000E+001  0.100000E+001  0.100000E+001  0.952000E+002
  0.349364E+003  0.958953E+001  0.942478E+001 -0.376991E+001 -0.197825E-004  0.528160E-004  0.563993E-004  0.346336E-004 -0.924663E-004  0.987395E-004  0.110000E+002  0.200000E+001  0.100000E+001  0.500000E+000  0.300000E+000  0.200000E+001  0.100000E+001  0.100000E+001  0.956000E+002
  0.349364E+003  0.958953E+001  0.942478E+001 -0.376991E+001  0.415999E-005 -0.561276E-004  0.562816E-004 -0.728300E-005  0.982640E-004  0.985335E-004  0.110000E+002  0.200000E+001  0.100000E+001  0.500000E+000  0.300000E+000  0.200000E+001  0.100000E+001  0.100000E+001  0.960000E+002
  0.349364E+003  0.958953E+001  0.942478E+001 -0.376991E+001  0.117310E-004  0.549258E-004  0.561646E-004 -0.205377E-004 -0.961600E-004  0.983287E-004  0.110000E+002  0.200000E+001  0.100000E+001  0.500000E+000  0.300000E+000  0.200000E+001  0.100000E+001  0.100000E+001  0.964000E+002
  0.349364E+003  0.958953E+001  0.942478E+001 -0.376991E+001 -0.266158E-004 -0.493260E-004  0.560486E-004  0.465969E-004  0.863561E-004  0.981257E-004  0.110000E+002  0.200000E+001  0.100000E+001  0.500000E+000  0.300000E+000  0.200000E+001  0.100000E+001  0.100000E+001  0.968000E+002
  0.349364E+003  0.958953E+001  0.942478E+001 -0.376991E+001  0.393054E-004  0.397945E-004  0.559331E-004 -0.688128E-004 -0.696692E-004  0.979235E-004  0.110000E+002  0.200000E+001  0.100000E+001  0.500000E+000  0.300000E+000  0.200000E+001  0.100000E+001  0.100000E+001  0.972000E+002
  0.349364E+003  0.958953E+001  0.942478E+001 -0.376991E+001 -0.487917E-004 -0.271119E-004  0.558183E-004  0.854208E-004  0.474655E-004  0.977225E-004  0.110000E+002  0.200000E+001  0.100000E+001  0.500000E+000  0.300000E+000  0.200000E+001  0.100000E+001  0.100000E+001  0.976000E+002
  0.349364E+003  0.958953E+001  0.942478E+001 -0.376991E+001  0.543278E-004  0.123077E-004  0.557045E-004 -0.951129E-004 -0.215474E-004  0.975231E-004  0.110000E+002  0.200000E+001  0.100000E+001  0.500000E+000  0.300000E+000  0.200000E+001  0.100000E+001  0.100000E+001  0.980000E+002
  0.349364E+003  0.958953E+001  0.942478E+001 -0.376991E+001 -0.554856E-004  0.342301E-005  0.555911E-004  0.971399E-004 -0.599274E-005  0.973246E-004  0.110000E+002  0.200000E+001  0.100000E+001  0.500000E+000  0.300000E+000  0.200000E+001  0.100000E+001  0.100000E+001  0.984000E+002
  0.349364E+003  0.958953E+001  0.942478E+001 -0.376991E+001  0.521903E-004 -0.188154E-004  0.554784E-004 -0.913708E-004  0.329406E-004  0.971273E-004  0.110000E+002  0.200000E+001  0.100000E+001  0.500000E+000  0.300000E+000  0.200000E+001  0.100000E+001  0.100000E+001  0.988000E+002
  0.349364E+003  0.958953E+001  0.942478E+001 -0.376991E+001 -0.447241E-004  0.326372E-004  0.553663E-004  0.782995E-004 -0.571386E-004  0.969311E-004  0.110000E+002  0.200000E+001  0.100000E+001  0.500000E+000  0.300000E+000  0.200000E+001  0.100000E+001  0.100000E+001  0.992000E+002
  0.349364E+003  0.958953E+001  0.942478E+001 -0.376991E+001  0.337024E-004 -0.437868E-004  0.552552E-004 -0.590037E-004  0.766586E-004  0.967366E-004  0.110000E+002  0.200000E+001  0.100000E+001  0.500000E+000  0.300000E+000  0.200000E+001  0.100000E+001  0.100000E+001  0.996000E+002
