 % the field is pps
% Dinn5 settings , t1, t2, t3, t4, tm, tp, eps, step, IntLimit
%   0.249000E+002  0.249000E+002  0.249000E+002  0.278880E+003  0.200000E-001  0.000000E+000  0.100000E-005  0.100000E-001  0.100000E+006
% 1)psi, 2) R, 3) x, 4) z, 5) re(u), 6) im(u), 7) abs(u), 8) re(w), 9) im(w), 10) abs(w), 11) fieldCode, 12) cp(1), 13) cp(2), 14) cs(1), 15) cs(2), 16) rho(1), 17) rho(2), 18) h, 19) w
  0.349364E+003  0.958953E+001  0.942478E+001 -0.376991E+001  0.121617E-003  0.746308E-002  0.746407E-002 -0.193023E-003 -0.255466E-002  0.256194E-002  0.120000E+002  0.200000E+001  0.100000E+001  0.500000E+000  0.300000E+000  0.200000E+001  0.100000E+001  0.100000E+001  0.100000E+002
  0.349364E+003  0.958953E+001  0.942478E+001 -0.376991E+001  0.725934E-002 -0.747788E-003  0.729775E-002 -0.245889E-002  0.408099E-003  0.249253E-002  0.120000E+002  0.200000E+001  0.100000E+001  0.500000E+000  0.300000E+000  0.200000E+001  0.100000E+001  0.100000E+001  0.104000E+002
  0.349364E+003  0.958953E+001  0.942478E+001 -0.376991E+001 -0.133287E-002 -0.701099E-002  0.713656E-002  0.597160E-003  0.234408E-002  0.241895E-002  0.120000E+002  0.200000E+001  0.100000E+001  0.500000E+000  0.300000E+000  0.200000E+001  0.100000E+001  0.100000E+001  0.108000E+002
  0.349364E+003  0.958953E+001  0.942478E+001 -0.376991E+001 -0.673014E-002  0.187547E-002  0.698657E-002  0.222660E-002 -0.760481E-003  0.235289E-002  0.120000E+002  0.200000E+001  0.100000E+001  0.500000E+000  0.300000E+000  0.200000E+001  0.100000E+001  0.100000E+001  0.112000E+002
  0.349364E+003  0.958953E+001  0.942478E+001 -0.376991E+001  0.238202E-002  0.642405E-002  0.685145E-002 -0.911097E-003 -0.211391E-002  0.230190E-002  0.120000E+002  0.200000E+001  0.100000E+001  0.500000E+000  0.300000E+000  0.200000E+001  0.100000E+001  0.100000E+001  0.116000E+002
  0.349364E+003  0.958953E+001  0.942478E+001 -0.376991E+001  0.609144E-002 -0.285824E-002  0.672869E-002 -0.199887E-002  0.106014E-002  0.226261E-002  0.120000E+002  0.200000E+001  0.100000E+001  0.500000E+000  0.300000E+000  0.200000E+001  0.100000E+001  0.100000E+001  0.120000E+002
  0.349364E+003  0.958953E+001  0.942478E+001 -0.376991E+001 -0.330264E-002 -0.572783E-002  0.661177E-002  0.120573E-002  0.186944E-002  0.222454E-002  0.120000E+002  0.200000E+001  0.100000E+001  0.500000E+000  0.300000E+000  0.200000E+001  0.100000E+001  0.100000E+001  0.124000E+002
  0.349364E+003  0.958953E+001  0.942478E+001 -0.376991E+001 -0.533359E-002  0.370780E-002  0.649577E-002  0.172244E-002 -0.133608E-002  0.217989E-002  0.120000E+002  0.200000E+001  0.100000E+001  0.500000E+000  0.300000E+000  0.200000E+001  0.100000E+001  0.100000E+001  0.128000E+002
  0.349364E+003  0.958953E+001  0.942478E+001 -0.376991E+001  0.406797E-002  0.491622E-002  0.638104E-002 -0.144257E-002 -0.156687E-002  0.212981E-002  0.120000E+002  0.200000E+001  0.100000E+001  0.500000E+000  0.300000E+000  0.200000E+001  0.100000E+001  0.100000E+001  0.132000E+002
  0.349364E+003  0.958953E+001  0.942478E+001 -0.376991E+001  0.448503E-002 -0.438427E-002  0.627194E-002 -0.141447E-002  0.152831E-002  0.208241E-002  0.120000E+002  0.200000E+001  0.100000E+001  0.500000E+000  0.300000E+000  0.200000E+001  0.100000E+001  0.100000E+001  0.136000E+002
  0.349364E+003  0.958953E+001  0.942478E+001 -0.376991E+001 -0.466243E-002 -0.404450E-002  0.617221E-002  0.160387E-002  0.126832E-002  0.204475E-002  0.120000E+002  0.200000E+001  0.100000E+001  0.500000E+000  0.300000E+000  0.200000E+001  0.100000E+001  0.100000E+001  0.140000E+002
  0.349364E+003  0.958953E+001  0.942478E+001 -0.376991E+001 -0.359317E-002  0.490622E-002  0.608127E-002  0.112134E-002 -0.167583E-002  0.201638E-002  0.120000E+002  0.200000E+001  0.100000E+001  0.500000E+000  0.300000E+000  0.200000E+001  0.100000E+001  0.100000E+001  0.144000E+002
  0.349364E+003  0.958953E+001  0.942478E+001 -0.376991E+001  0.511363E-002  0.312863E-002  0.599479E-002 -0.174043E-002 -0.965338E-003  0.199022E-002  0.120000E+002  0.200000E+001  0.100000E+001  0.500000E+000  0.300000E+000  0.200000E+001  0.100000E+001  0.100000E+001  0.148000E+002
  0.349364E+003  0.958953E+001  0.942478E+001 -0.376991E+001  0.265319E-002 -0.527938E-002  0.590858E-002 -0.800498E-003  0.178839E-002  0.195938E-002  0.120000E+002  0.200000E+001  0.100000E+001  0.500000E+000  0.300000E+000  0.200000E+001  0.100000E+001  0.100000E+001  0.152000E+002
  0.349364E+003  0.958953E+001  0.942478E+001 -0.376991E+001 -0.540091E-002 -0.217406E-002  0.582206E-002  0.181516E-002  0.635381E-003  0.192315E-002  0.120000E+002  0.200000E+001  0.100000E+001  0.500000E+000  0.300000E+000  0.200000E+001  0.100000E+001  0.100000E+001  0.156000E+002
  0.349364E+003  0.958953E+001  0.942478E+001 -0.376991E+001 -0.169844E-002  0.548115E-002  0.573827E-002  0.478291E-003 -0.182544E-002  0.188706E-002  0.120000E+002  0.200000E+001  0.100000E+001  0.500000E+000  0.300000E+000  0.200000E+001  0.100000E+001  0.100000E+001  0.160000E+002
  0.349364E+003  0.958953E+001  0.942478E+001 -0.376991E+001  0.552561E-002  0.122892E-002  0.566062E-002 -0.182787E-002 -0.329548E-003  0.185734E-002  0.120000E+002  0.200000E+001  0.100000E+001  0.500000E+000  0.300000E+000  0.200000E+001  0.100000E+001  0.100000E+001  0.164000E+002
  0.349364E+003  0.958953E+001  0.942478E+001 -0.376991E+001  0.764013E-003 -0.553715E-002  0.558961E-002 -0.182585E-003  0.182609E-002  0.183520E-002  0.120000E+002  0.200000E+001  0.100000E+001  0.500000E+000  0.300000E+000  0.200000E+001  0.100000E+001  0.100000E+001  0.168000E+002
  0.349364E+003  0.958953E+001  0.942478E+001 -0.376991E+001 -0.551407E-002 -0.302685E-003  0.552237E-002  0.181563E-002  0.320803E-004  0.181591E-002  0.120000E+002  0.200000E+001  0.100000E+001  0.500000E+000  0.300000E+000  0.200000E+001  0.100000E+001  0.100000E+001  0.172000E+002
  0.349364E+003  0.958953E+001  0.942478E+001 -0.376991E+001  0.151884E-003  0.545324E-002  0.545536E-002 -0.119799E-003 -0.178954E-002  0.179355E-002  0.120000E+002  0.200000E+001  0.100000E+001  0.500000E+000  0.300000E+000  0.200000E+001  0.100000E+001  0.100000E+001  0.176000E+002
  0.349364E+003  0.958953E+001  0.942478E+001 -0.376991E+001  0.535465E-002 -0.593393E-003  0.538743E-002 -0.174623E-002  0.265424E-003  0.176629E-002  0.120000E+002  0.200000E+001  0.100000E+001  0.500000E+000  0.300000E+000  0.200000E+001  0.100000E+001  0.100000E+001  0.180000E+002
  0.349364E+003  0.958953E+001  0.942478E+001 -0.376991E+001 -0.101663E-002 -0.522255E-002  0.532058E-002  0.399261E-003  0.169126E-002  0.173775E-002  0.120000E+002  0.200000E+001  0.100000E+001  0.500000E+000  0.300000E+000  0.200000E+001  0.100000E+001  0.100000E+001  0.184000E+002
  0.349364E+003  0.958953E+001  0.942478E+001 -0.376991E+001 -0.506225E-002  0.142060E-002  0.525780E-002  0.163155E-002 -0.522854E-003  0.171328E-002  0.120000E+002  0.200000E+001  0.100000E+001  0.500000E+000  0.300000E+000  0.200000E+001  0.100000E+001  0.100000E+001  0.188000E+002
  0.349364E+003  0.958953E+001  0.942478E+001 -0.376991E+001  0.180701E-002  0.487614E-002  0.520019E-002 -0.642084E-003 -0.156869E-002  0.169501E-002  0.120000E+002  0.200000E+001  0.100000E+001  0.500000E+000  0.300000E+000  0.200000E+001  0.100000E+001  0.100000E+001  0.192000E+002
  0.349364E+003  0.958953E+001  0.942478E+001 -0.376991E+001  0.466311E-002 -0.217626E-002  0.514594E-002 -0.149814E-002  0.760161E-003  0.167996E-002  0.120000E+002  0.200000E+001  0.100000E+001  0.500000E+000  0.300000E+000  0.200000E+001  0.100000E+001  0.100000E+001  0.196000E+002
  0.349364E+003  0.958953E+001  0.942478E+001 -0.376991E+001 -0.252511E-002 -0.442189E-002  0.509208E-002  0.873841E-003  0.141506E-002  0.166313E-002  0.120000E+002  0.200000E+001  0.100000E+001  0.500000E+000  0.300000E+000  0.200000E+001  0.100000E+001  0.100000E+001  0.200000E+002
  0.349364E+003  0.958953E+001  0.942478E+001 -0.376991E+001 -0.415435E-002  0.284854E-002  0.503714E-002  0.132001E-002 -0.976722E-003  0.164208E-002  0.120000E+002  0.200000E+001  0.100000E+001  0.500000E+000  0.300000E+000  0.200000E+001  0.100000E+001  0.100000E+001  0.204000E+002
  0.349364E+003  0.958953E+001  0.942478E+001 -0.376991E+001  0.314347E-002  0.386550E-002  0.498232E-002 -0.106566E-002 -0.121875E-002  0.161894E-002  0.120000E+002  0.200000E+001  0.100000E+001  0.500000E+000  0.300000E+000  0.200000E+001  0.100000E+001  0.100000E+001  0.208000E+002
  0.349364E+003  0.958953E+001  0.942478E+001 -0.376991E+001  0.356022E-002 -0.341045E-002  0.493015E-002 -0.111662E-002  0.114345E-002  0.159823E-002  0.120000E+002  0.200000E+001  0.100000E+001  0.500000E+000  0.300000E+000  0.200000E+001  0.100000E+001  0.100000E+001  0.212000E+002
  0.349364E+003  0.958953E+001  0.942478E+001 -0.376991E+001 -0.365149E-002 -0.324051E-002  0.488204E-002  0.121522E-002  0.101373E-002  0.158253E-002  0.120000E+002  0.200000E+001  0.100000E+001  0.500000E+000  0.300000E+000  0.200000E+001  0.100000E+001  0.100000E+001  0.216000E+002
  0.349364E+003  0.958953E+001  0.942478E+001 -0.376991E+001 -0.290584E-002  0.386685E-002  0.483699E-002  0.905853E-003 -0.128259E-002  0.157022E-002  0.120000E+002  0.200000E+001  0.100000E+001  0.500000E+000  0.300000E+000  0.200000E+001  0.100000E+001  0.100000E+001  0.220000E+002
  0.349364E+003  0.958953E+001  0.942478E+001 -0.376991E+001  0.405387E-002  0.255630E-002  0.479255E-002 -0.134193E-002 -0.789908E-003  0.155715E-002  0.120000E+002  0.200000E+001  0.100000E+001  0.500000E+000  0.300000E+000  0.200000E+001  0.100000E+001  0.100000E+001  0.224000E+002
  0.349364E+003  0.958953E+001  0.942478E+001 -0.376991E+001  0.219491E-002 -0.420919E-002  0.474710E-002 -0.667907E-003  0.138826E-002  0.154058E-002  0.120000E+002  0.200000E+001  0.100000E+001  0.500000E+000  0.300000E+000  0.200000E+001  0.100000E+001  0.100000E+001  0.228000E+002
  0.349364E+003  0.958953E+001  0.942478E+001 -0.376991E+001 -0.433178E-002 -0.182672E-002  0.470119E-002  0.142044E-002  0.545335E-003  0.152153E-002  0.120000E+002  0.200000E+001  0.100000E+001  0.500000E+000  0.300000E+000  0.200000E+001  0.100000E+001  0.100000E+001  0.232000E+002
  0.349364E+003  0.958953E+001  0.942478E+001 -0.376991E+001 -0.145608E-002  0.442344E-002  0.465693E-002  0.426064E-003 -0.144204E-002  0.150366E-002  0.120000E+002  0.200000E+001  0.100000E+001  0.500000E+000  0.300000E+000  0.200000E+001  0.100000E+001  0.100000E+001  0.236000E+002
  0.349364E+003  0.958953E+001  0.942478E+001 -0.376991E+001  0.448670E-002  0.108428E-002  0.461586E-002 -0.145739E-002 -0.309042E-003  0.148980E-002  0.120000E+002  0.200000E+001  0.100000E+001  0.500000E+000  0.300000E+000  0.200000E+001  0.100000E+001  0.100000E+001  0.240000E+002
  0.349364E+003  0.958953E+001  0.942478E+001 -0.376991E+001  0.711146E-003 -0.452199E-002  0.457757E-002 -0.190537E-003  0.146698E-002  0.147930E-002  0.120000E+002  0.200000E+001  0.100000E+001  0.500000E+000  0.300000E+000  0.200000E+001  0.100000E+001  0.100000E+001  0.244000E+002
  0.349364E+003  0.958953E+001  0.942478E+001 -0.376991E+001 -0.452755E-002 -0.337578E-003  0.454011E-002  0.146724E-002  0.689082E-004  0.146886E-002  0.120000E+002  0.200000E+001  0.100000E+001  0.500000E+000  0.300000E+000  0.200000E+001  0.100000E+001  0.100000E+001  0.248000E+002
  0.349364E+003  0.958953E+001  0.942478E+001 -0.376991E+001  0.329616E-004  0.450170E-002  0.450182E-002 -0.529892E-004 -0.145465E-002  0.145562E-002  0.120000E+002  0.200000E+001  0.100000E+001  0.500000E+000  0.300000E+000  0.200000E+001  0.100000E+001  0.100000E+001  0.252000E+002
  0.349364E+003  0.958953E+001  0.942478E+001 -0.376991E+001  0.444517E-002 -0.395849E-003  0.446276E-002 -0.142966E-002  0.170286E-003  0.143976E-002  0.120000E+002  0.200000E+001  0.100000E+001  0.500000E+000  0.300000E+000  0.200000E+001  0.100000E+001  0.100000E+001  0.256000E+002
  0.349364E+003  0.958953E+001  0.942478E+001 -0.376991E+001 -0.747920E-003 -0.436093E-002  0.442460E-002  0.280613E-003  0.139626E-002  0.142418E-002  0.120000E+002  0.200000E+001  0.100000E+001  0.500000E+000  0.300000E+000  0.200000E+001  0.100000E+001  0.100000E+001  0.260000E+002
  0.349364E+003  0.958953E+001  0.942478E+001 -0.376991E+001 -0.425180E-002  0.108851E-002  0.438892E-002  0.135795E-002 -0.385790E-003  0.141169E-002  0.120000E+002  0.200000E+001  0.100000E+001  0.500000E+000  0.300000E+000  0.200000E+001  0.100000E+001  0.100000E+001  0.264000E+002
  0.349364E+003  0.958953E+001  0.942478E+001 -0.376991E+001  0.141793E-002  0.411852E-002  0.435577E-002 -0.489071E-003 -0.131439E-002  0.140243E-002  0.120000E+002  0.200000E+001  0.100000E+001  0.500000E+000  0.300000E+000  0.200000E+001  0.100000E+001  0.100000E+001  0.268000E+002
  0.349364E+003  0.958953E+001  0.942478E+001 -0.376991E+001  0.396028E-002 -0.173492E-002  0.432363E-002 -0.126236E-002  0.590965E-003  0.139384E-002  0.120000E+002  0.200000E+001  0.100000E+001  0.500000E+000  0.300000E+000  0.200000E+001  0.100000E+001  0.100000E+001  0.272000E+002
  0.349364E+003  0.958953E+001  0.942478E+001 -0.376991E+001 -0.203633E-002 -0.377689E-002  0.429087E-002  0.688307E-003  0.119971E-002  0.138314E-002  0.120000E+002  0.200000E+001  0.100000E+001  0.500000E+000  0.300000E+000  0.200000E+001  0.100000E+001  0.100000E+001  0.276000E+002
  0.349364E+003  0.958953E+001  0.942478E+001 -0.376991E+001 -0.357051E-002  0.231848E-002  0.425722E-002  0.112809E-002 -0.777125E-003  0.136986E-002  0.120000E+002  0.200000E+001  0.100000E+001  0.500000E+000  0.300000E+000  0.200000E+001  0.100000E+001  0.100000E+001  0.280000E+002
  0.349364E+003  0.958953E+001  0.942478E+001 -0.376991E+001  0.257952E-002  0.334477E-002  0.422391E-002 -0.856408E-003 -0.105154E-002  0.135616E-002  0.120000E+002  0.200000E+001  0.100000E+001  0.500000E+000  0.300000E+000  0.200000E+001  0.100000E+001  0.100000E+001  0.284000E+002
  0.349364E+003  0.958953E+001  0.942478E+001 -0.376991E+001  0.310261E-002 -0.281970E-002  0.419249E-002 -0.972706E-003  0.928562E-003  0.134476E-002  0.120000E+002  0.200000E+001  0.100000E+001  0.500000E+000  0.300000E+000  0.200000E+001  0.100000E+001  0.100000E+001  0.288000E+002
  0.349364E+003  0.958953E+001  0.942478E+001 -0.376991E+001 -0.303962E-002 -0.284499E-002  0.416332E-002  0.996299E-003  0.890652E-003  0.133637E-002  0.120000E+002  0.200000E+001  0.100000E+001  0.500000E+000  0.300000E+000  0.200000E+001  0.100000E+001  0.100000E+001  0.292000E+002
  0.349364E+003  0.958953E+001  0.942478E+001 -0.376991E+001 -0.257180E-002  0.323831E-002  0.413531E-002  0.802624E-003 -0.105939E-002  0.132910E-002  0.120000E+002  0.200000E+001  0.100000E+001  0.500000E+000  0.300000E+000  0.200000E+001  0.100000E+001  0.100000E+001  0.296000E+002
  0.349364E+003  0.958953E+001  0.942478E+001 -0.376991E+001  0.341317E-002  0.228411E-002  0.410693E-002 -0.111468E-002 -0.707693E-003  0.132035E-002  0.120000E+002  0.200000E+001  0.100000E+001  0.500000E+000  0.300000E+000  0.200000E+001  0.100000E+001  0.100000E+001  0.300000E+002
  0.349364E+003  0.958953E+001  0.942478E+001 -0.376991E+001  0.198484E-002 -0.356195E-002  0.407763E-002 -0.608266E-003  0.115929E-002  0.130918E-002  0.120000E+002  0.200000E+001  0.100000E+001  0.500000E+000  0.300000E+000  0.200000E+001  0.100000E+001  0.100000E+001  0.304000E+002
  0.349364E+003  0.958953E+001  0.942478E+001 -0.376991E+001 -0.368418E-002 -0.167789E-002  0.404827E-002  0.119342E-002  0.508144E-003  0.129710E-002  0.120000E+002  0.200000E+001  0.100000E+001  0.500000E+000  0.300000E+000  0.200000E+001  0.100000E+001  0.100000E+001  0.308000E+002
  0.349364E+003  0.958953E+001  0.942478E+001 -0.376991E+001 -0.136590E-002  0.378115E-002  0.402029E-002  0.409048E-003 -0.121986E-002  0.128661E-002  0.120000E+002  0.200000E+001  0.100000E+001  0.500000E+000  0.300000E+000  0.200000E+001  0.100000E+001  0.100000E+001  0.312000E+002
  0.349364E+003  0.958953E+001  0.942478E+001 -0.376991E+001  0.385387E-002  0.104981E-002  0.399430E-002 -0.124078E-002 -0.309626E-003  0.127883E-002  0.120000E+002  0.200000E+001  0.100000E+001  0.500000E+000  0.300000E+000  0.200000E+001  0.100000E+001  0.100000E+001  0.316000E+002
  0.349364E+003  0.958953E+001  0.942478E+001 -0.376991E+001  0.730034E-003 -0.390186E-002  0.396956E-002 -0.207651E-003  0.125545E-002  0.127251E-002  0.120000E+002  0.200000E+001  0.100000E+001  0.500000E+000  0.300000E+000  0.200000E+001  0.100000E+001  0.100000E+001  0.320000E+002
  0.349364E+003  0.958953E+001  0.942478E+001 -0.376991E+001 -0.392352E-002 -0.408203E-003  0.394469E-002  0.126106E-002  0.103119E-003  0.126526E-002  0.120000E+002  0.200000E+001  0.100000E+001  0.500000E+000  0.300000E+000  0.200000E+001  0.100000E+001  0.100000E+001  0.324000E+002
  0.349364E+003  0.958953E+001  0.942478E+001 -0.376991E+001 -0.875502E-004  0.391797E-002  0.391895E-002 -0.116538E-005 -0.125584E-002  0.125584E-002  0.120000E+002  0.200000E+001  0.100000E+001  0.500000E+000  0.300000E+000  0.200000E+001  0.100000E+001  0.100000E+001  0.328000E+002
  0.349364E+003  0.958953E+001  0.942478E+001 -0.376991E+001  0.388617E-002 -0.228337E-003  0.389288E-002 -0.124099E-002  0.101949E-003  0.124517E-002  0.120000E+002  0.200000E+001  0.100000E+001  0.500000E+000  0.300000E+000  0.200000E+001  0.100000E+001  0.100000E+001  0.332000E+002
  0.349364E+003  0.958953E+001  0.942478E+001 -0.376991E+001 -0.537425E-003 -0.383022E-002  0.386774E-002  0.198404E-003  0.121945E-002  0.123548E-002  0.120000E+002  0.200000E+001  0.100000E+001  0.500000E+000  0.300000E+000  0.200000E+001  0.100000E+001  0.100000E+001  0.336000E+002
  0.349364E+003  0.958953E+001  0.942478E+001 -0.376991E+001 -0.375165E-002  0.839051E-003  0.384433E-002  0.119290E-002 -0.292198E-003  0.122816E-002  0.120000E+002  0.200000E+001  0.100000E+001  0.500000E+000  0.300000E+000  0.200000E+001  0.100000E+001  0.100000E+001  0.340000E+002
  0.349364E+003  0.958953E+001  0.942478E+001 -0.376991E+001  0.113281E-002  0.365049E-002  0.382222E-002 -0.385088E-003 -0.116026E-002  0.122250E-002  0.120000E+002  0.200000E+001  0.100000E+001  0.500000E+000  0.300000E+000  0.200000E+001  0.100000E+001  0.100000E+001  0.344000E+002
  0.349364E+003  0.958953E+001  0.942478E+001 -0.376991E+001  0.352620E-002 -0.141683E-002  0.380020E-002 -0.111926E-002  0.476383E-003  0.121642E-002  0.120000E+002  0.200000E+001  0.100000E+001  0.500000E+000  0.300000E+000  0.200000E+001  0.100000E+001  0.100000E+001  0.348000E+002
  0.349364E+003  0.958953E+001  0.942478E+001 -0.376991E+001 -0.168820E-002 -0.337917E-002  0.377741E-002  0.563258E-003  0.106916E-002  0.120845E-002  0.120000E+002  0.200000E+001  0.100000E+001  0.500000E+000  0.300000E+000  0.200000E+001  0.100000E+001  0.100000E+001  0.352000E+002
  0.349364E+003  0.958953E+001  0.942478E+001 -0.376991E+001 -0.321146E-002  0.194418E-002  0.375410E-002  0.101190E-002 -0.643241E-003  0.119904E-002  0.120000E+002  0.200000E+001  0.100000E+001  0.500000E+000  0.300000E+000  0.200000E+001  0.100000E+001  0.100000E+001  0.356000E+002
  0.349364E+003  0.958953E+001  0.942478E+001 -0.376991E+001  0.218350E-002  0.302580E-002  0.373137E-002 -0.716321E-003 -0.950356E-003  0.119008E-002  0.120000E+002  0.200000E+001  0.100000E+001  0.500000E+000  0.300000E+000  0.200000E+001  0.100000E+001  0.100000E+001  0.360000E+002
  0.349364E+003  0.958953E+001  0.942478E+001 -0.376991E+001  0.282399E-002 -0.240622E-002  0.371010E-002 -0.885672E-003  0.784444E-003  0.118312E-002  0.120000E+002  0.200000E+001  0.100000E+001  0.500000E+000  0.300000E+000  0.200000E+001  0.100000E+001  0.100000E+001  0.364000E+002
  0.349364E+003  0.958953E+001  0.942478E+001 -0.376991E+001 -0.261205E-002 -0.260657E-002  0.369012E-002  0.848888E-003  0.816621E-003  0.117791E-002  0.120000E+002  0.200000E+001  0.100000E+001  0.500000E+000  0.300000E+000  0.200000E+001  0.100000E+001  0.100000E+001  0.368000E+002
  0.349364E+003  0.958953E+001  0.942478E+001 -0.376991E+001 -0.237377E-002  0.279953E-002  0.367044E-002  0.741454E-003 -0.908591E-003  0.117273E-002  0.120000E+002  0.200000E+001  0.100000E+001  0.500000E+000  0.300000E+000  0.200000E+001  0.100000E+001  0.100000E+001  0.372000E+002
  0.349364E+003  0.958953E+001  0.942478E+001 -0.376991E+001  0.296632E-002  0.212705E-002  0.365012E-002 -0.960954E-003 -0.660359E-003  0.116598E-002  0.120000E+002  0.200000E+001  0.100000E+001  0.500000E+000  0.300000E+000  0.200000E+001  0.100000E+001  0.100000E+001  0.376000E+002
  0.349364E+003  0.958953E+001  0.942478E+001 -0.376991E+001  0.186911E-002 -0.311084E-002  0.362918E-002 -0.575704E-003  0.100439E-002  0.115769E-002  0.120000E+002  0.200000E+001  0.100000E+001  0.500000E+000  0.300000E+000  0.200000E+001  0.100000E+001  0.100000E+001  0.380000E+002
  0.349364E+003  0.958953E+001  0.942478E+001 -0.376991E+001 -0.323294E-002 -0.160295E-002  0.360851E-002  0.103969E-002  0.490082E-003  0.114941E-002  0.120000E+002  0.200000E+001  0.100000E+001  0.500000E+000  0.300000E+000  0.200000E+001  0.100000E+001  0.100000E+001  0.384000E+002
  0.349364E+003  0.958953E+001  0.942478E+001 -0.376991E+001 -0.133027E-002  0.333340E-002  0.358903E-002  0.404065E-003 -0.106892E-002  0.114274E-002  0.120000E+002  0.200000E+001  0.100000E+001  0.500000E+000  0.300000E+000  0.200000E+001  0.100000E+001  0.100000E+001  0.388000E+002
  0.349364E+003  0.958953E+001  0.942478E+001 -0.376991E+001  0.341235E-002  0.105197E-002  0.357082E-002 -0.109299E-002 -0.316373E-003  0.113785E-002  0.120000E+002  0.200000E+001  0.100000E+001  0.500000E+000  0.300000E+000  0.200000E+001  0.100000E+001  0.100000E+001  0.392000E+002
  0.349364E+003  0.958953E+001  0.942478E+001 -0.376991E+001  0.768737E-003 -0.346891E-002  0.355307E-002 -0.225777E-003  0.111063E-002  0.113335E-002  0.120000E+002  0.200000E+001  0.100000E+001  0.500000E+000  0.300000E+000  0.200000E+001  0.100000E+001  0.100000E+001  0.396000E+002
  0.349364E+003  0.958953E+001  0.942478E+001 -0.376991E+001 -0.350175E-002 -0.482543E-003  0.353484E-002  0.111973E-002  0.133111E-003  0.112761E-002  0.120000E+002  0.200000E+001  0.100000E+001  0.500000E+000  0.300000E+000  0.200000E+001  0.100000E+001  0.100000E+001  0.400000E+002
  0.349364E+003  0.958953E+001  0.942478E+001 -0.376991E+001 -0.196403E-003  0.351045E-002  0.351594E-002  0.409228E-004 -0.111958E-002  0.112033E-002  0.120000E+002  0.200000E+001  0.100000E+001  0.500000E+000  0.300000E+000  0.200000E+001  0.100000E+001  0.100000E+001  0.404000E+002
  0.349364E+003  0.958953E+001  0.942478E+001 -0.376991E+001  0.349598E-002 -0.870357E-004  0.349707E-002 -0.111163E-002  0.487127E-004  0.111269E-002  0.120000E+002  0.200000E+001  0.100000E+001  0.500000E+000  0.300000E+000  0.200000E+001  0.100000E+001  0.100000E+001  0.408000E+002
  0.349364E+003  0.958953E+001  0.942478E+001 -0.376991E+001 -0.366266E-003 -0.345979E-002  0.347913E-002  0.135747E-003  0.109794E-002  0.110630E-002  0.120000E+002  0.200000E+001  0.100000E+001  0.500000E+000  0.300000E+000  0.200000E+001  0.100000E+001  0.100000E+001  0.412000E+002
  0.349364E+003  0.958953E+001  0.942478E+001 -0.376991E+001 -0.340263E-002  0.640539E-003  0.346239E-002  0.107912E-002 -0.221534E-003  0.110162E-002  0.120000E+002  0.200000E+001  0.100000E+001  0.500000E+000  0.300000E+000  0.200000E+001  0.100000E+001  0.100000E+001  0.416000E+002
  0.349364E+003  0.958953E+001  0.942478E+001 -0.376991E+001  0.909066E-003  0.332418E-002  0.344624E-002 -0.306859E-003 -0.105385E-002  0.109761E-002  0.120000E+002  0.200000E+001  0.100000E+001  0.500000E+000  0.300000E+000  0.200000E+001  0.100000E+001  0.100000E+001  0.420000E+002
  0.349364E+003  0.958953E+001  0.942478E+001 -0.376991E+001  0.322417E-002 -0.116968E-002  0.342978E-002 -0.102059E-002  0.390428E-003  0.109272E-002  0.120000E+002  0.200000E+001  0.100000E+001  0.500000E+000  0.300000E+000  0.200000E+001  0.100000E+001  0.100000E+001  0.424000E+002
  0.349364E+003  0.958953E+001  0.942478E+001 -0.376991E+001 -0.141976E-002 -0.310331E-002  0.341266E-002  0.469870E-003  0.979465E-003  0.108634E-002  0.120000E+002  0.200000E+001  0.100000E+001  0.500000E+000  0.300000E+000  0.200000E+001  0.100000E+001  0.100000E+001  0.428000E+002
  0.349364E+003  0.958953E+001  0.942478E+001 -0.376991E+001 -0.296349E-002  0.165718E-002  0.339537E-002  0.932382E-003 -0.543705E-003  0.107933E-002  0.120000E+002  0.200000E+001  0.100000E+001  0.500000E+000  0.300000E+000  0.200000E+001  0.100000E+001  0.100000E+001  0.432000E+002
  0.349364E+003  0.958953E+001  0.942478E+001 -0.376991E+001  0.188111E-002  0.280669E-002  0.337877E-002 -0.612453E-003 -0.881277E-003  0.107319E-002  0.120000E+002  0.200000E+001  0.100000E+001  0.500000E+000  0.300000E+000  0.200000E+001  0.100000E+001  0.100000E+001  0.436000E+002
  0.349364E+003  0.958953E+001  0.942478E+001 -0.376991E+001  0.263406E-002 -0.209126E-002  0.336328E-002 -0.826439E-003  0.677518E-003  0.106866E-002  0.120000E+002  0.200000E+001  0.100000E+001  0.500000E+000  0.300000E+000  0.200000E+001  0.100000E+001  0.100000E+001  0.440000E+002
  0.349364E+003  0.958953E+001  0.942478E+001 -0.376991E+001 -0.228689E-002 -0.244590E-002  0.334848E-002  0.739282E-003  0.766624E-003  0.106501E-002  0.120000E+002  0.200000E+001  0.100000E+001  0.500000E+000  0.300000E+000  0.200000E+001  0.100000E+001  0.100000E+001  0.444000E+002
  0.349364E+003  0.958953E+001  0.942478E+001 -0.376991E+001 -0.224278E-002  0.246623E-002  0.333353E-002  0.700884E-003 -0.796290E-003  0.106081E-002  0.120000E+002  0.200000E+001  0.100000E+001  0.500000E+000  0.300000E+000  0.200000E+001  0.100000E+001  0.100000E+001  0.448000E+002
  0.349364E+003  0.958953E+001  0.942478E+001 -0.376991E+001  0.262736E-002  0.202628E-002  0.331795E-002 -0.846532E-003 -0.630001E-003  0.105523E-002  0.120000E+002  0.200000E+001  0.100000E+001  0.500000E+000  0.300000E+000  0.200000E+001  0.100000E+001  0.100000E+001  0.452000E+002
  0.349364E+003  0.958953E+001  0.942478E+001 -0.376991E+001  0.179887E-002 -0.276906E-002  0.330207E-002 -0.556125E-003  0.889247E-003  0.104883E-002  0.120000E+002  0.200000E+001  0.100000E+001  0.500000E+000  0.300000E+000  0.200000E+001  0.100000E+001  0.100000E+001  0.456000E+002
  0.349364E+003  0.958953E+001  0.942478E+001 -0.376991E+001 -0.289137E-002 -0.156272E-002  0.328666E-002  0.925464E-003  0.480903E-003  0.104295E-002  0.120000E+002  0.200000E+001  0.100000E+001  0.500000E+000  0.300000E+000  0.200000E+001  0.100000E+001  0.100000E+001  0.460000E+002
  0.349364E+003  0.958953E+001  0.942478E+001 -0.376991E+001 -0.131920E-002  0.299453E-002  0.327223E-002  0.404326E-003 -0.956575E-003  0.103852E-002  0.120000E+002  0.200000E+001  0.100000E+001  0.500000E+000  0.300000E+000  0.200000E+001  0.100000E+001  0.100000E+001  0.464000E+002
  0.349364E+003  0.958953E+001  0.942478E+001 -0.376991E+001  0.307823E-002  0.106901E-002  0.325857E-002 -0.982686E-003 -0.325268E-003  0.103512E-002  0.120000E+002  0.200000E+001  0.100000E+001  0.500000E+000  0.300000E+000  0.200000E+001  0.100000E+001  0.100000E+001  0.468000E+002
  0.349364E+003  0.958953E+001  0.942478E+001 -0.376991E+001  0.813234E-003 -0.314135E-002  0.324490E-002 -0.243294E-003  0.100237E-002  0.103147E-002  0.120000E+002  0.200000E+001  0.100000E+001  0.500000E+000  0.300000E+000  0.200000E+001  0.100000E+001  0.100000E+001  0.472000E+002
  0.349364E+003  0.958953E+001  0.942478E+001 -0.376991E+001 -0.318286E-002 -0.553874E-003  0.323069E-002  0.101413E-002  0.159637E-003  0.102661E-002  0.120000E+002  0.200000E+001  0.100000E+001  0.500000E+000  0.300000E+000  0.200000E+001  0.100000E+001  0.100000E+001  0.476000E+002
  0.349364E+003  0.958953E+001  0.942478E+001 -0.376991E+001 -0.293627E-003  0.320263E-002  0.321606E-002  0.764563E-004 -0.101792E-002  0.102079E-002  0.120000E+002  0.200000E+001  0.100000E+001  0.500000E+000  0.300000E+000  0.200000E+001  0.100000E+001  0.100000E+001  0.480000E+002
  0.349364E+003  0.958953E+001  0.942478E+001 -0.376991E+001  0.320153E-002  0.346017E-004  0.320172E-002 -0.101517E-002  0.497884E-005  0.101519E-002  0.120000E+002  0.200000E+001  0.100000E+001  0.500000E+000  0.300000E+000  0.200000E+001  0.100000E+001  0.100000E+001  0.484000E+002
  0.349364E+003  0.958953E+001  0.942478E+001 -0.376991E+001 -0.222140E-003 -0.318047E-002  0.318822E-002  0.850641E-004  0.100724E-002  0.101082E-002  0.120000E+002  0.200000E+001  0.100000E+001  0.500000E+000  0.300000E+000  0.200000E+001  0.100000E+001  0.100000E+001  0.488000E+002
  0.349364E+003  0.958953E+001  0.942478E+001 -0.376991E+001 -0.313968E-002  0.475757E-003  0.317552E-002  0.994025E-003 -0.164785E-003  0.100759E-002  0.120000E+002  0.200000E+001  0.100000E+001  0.500000E+000  0.300000E+000  0.200000E+001  0.100000E+001  0.100000E+001  0.492000E+002
  0.349364E+003  0.958953E+001  0.942478E+001 -0.376991E+001  0.724966E-003  0.307876E-002  0.316296E-002 -0.244164E-003 -0.974255E-003  0.100438E-002  0.120000E+002  0.200000E+001  0.100000E+001  0.500000E+000  0.300000E+000  0.200000E+001  0.100000E+001  0.100000E+001  0.496000E+002
  0.349364E+003  0.958953E+001  0.942478E+001 -0.376991E+001  0.299763E-002 -0.967638E-003  0.314994E-002 -0.947009E-003  0.321698E-003  0.100016E-002  0.120000E+002  0.200000E+001  0.100000E+001  0.500000E+000  0.300000E+000  0.200000E+001  0.100000E+001  0.100000E+001  0.500000E+002
  0.349364E+003  0.958953E+001  0.942478E+001 -0.376991E+001 -0.120153E-002 -0.289718E-002  0.313645E-002  0.395513E-003  0.912891E-003  0.994888E-003  0.120000E+002  0.200000E+001  0.100000E+001  0.500000E+000  0.300000E+000  0.200000E+001  0.100000E+001  0.100000E+001  0.504000E+002
  0.349364E+003  0.958953E+001  0.942478E+001 -0.376991E+001 -0.277903E-002  0.142495E-002  0.312306E-002  0.873605E-003 -0.464827E-003  0.989571E-003  0.120000E+002  0.200000E+001  0.100000E+001  0.500000E+000  0.300000E+000  0.200000E+001  0.100000E+001  0.100000E+001  0.508000E+002
  0.349364E+003  0.958953E+001  0.942478E+001 -0.376991E+001  0.163718E-002  0.264465E-002  0.311039E-002 -0.530337E-003 -0.830367E-003  0.985275E-003  0.120000E+002  0.200000E+001  0.100000E+001  0.500000E+000  0.300000E+000  0.200000E+001  0.100000E+001  0.100000E+001  0.512000E+002
  0.349364E+003  0.958953E+001  0.942478E+001 -0.376991E+001  0.249471E-002 -0.183771E-002  0.309851E-002 -0.782940E-003  0.592966E-003  0.982142E-003  0.120000E+002  0.200000E+001  0.100000E+001  0.500000E+000  0.300000E+000  0.200000E+001  0.100000E+001  0.100000E+001  0.516000E+002
  0.349364E+003  0.958953E+001  0.942478E+001 -0.376991E+001 -0.202549E-002 -0.232944E-002  0.308689E-002  0.652474E-003  0.730244E-003  0.979275E-003  0.120000E+002  0.200000E+001  0.100000E+001  0.500000E+000  0.300000E+000  0.200000E+001  0.100000E+001  0.100000E+001  0.520000E+002
  0.349364E+003  0.958953E+001  0.942478E+001 -0.376991E+001 -0.214965E-002  0.219868E-002  0.307493E-002  0.671943E-003 -0.707307E-003  0.975598E-003  0.120000E+002  0.200000E+001  0.100000E+001  0.500000E+000  0.300000E+000  0.200000E+001  0.100000E+001  0.100000E+001  0.524000E+002
  0.349364E+003  0.958953E+001  0.942478E+001 -0.376991E+001  0.235560E-002  0.195700E-002  0.306247E-002 -0.755975E-003 -0.609153E-003  0.970859E-003  0.120000E+002  0.200000E+001  0.100000E+001  0.500000E+000  0.300000E+000  0.200000E+001  0.100000E+001  0.100000E+001  0.528000E+002
  0.349364E+003  0.958953E+001  0.942478E+001 -0.376991E+001  0.175354E-002 -0.249546E-002  0.304996E-002 -0.543644E-003  0.798311E-003  0.965841E-003  0.120000E+002  0.200000E+001  0.100000E+001  0.500000E+000  0.300000E+000  0.200000E+001  0.100000E+001  0.100000E+001  0.532000E+002
  0.349364E+003  0.958953E+001  0.942478E+001 -0.376991E+001 -0.261815E-002 -0.154105E-002  0.303802E-002  0.835300E-003  0.476423E-003  0.961616E-003  0.120000E+002  0.200000E+001  0.100000E+001  0.500000E+000  0.300000E+000  0.200000E+001  0.100000E+001  0.100000E+001  0.536000E+002
  0.349364E+003  0.958953E+001  0.942478E+001 -0.376991E+001 -0.132050E-002  0.272361E-002  0.302684E-002  0.407109E-003 -0.867785E-003  0.958535E-003  0.120000E+002  0.200000E+001  0.100000E+001  0.500000E+000  0.300000E+000  0.200000E+001  0.100000E+001  0.100000E+001  0.540000E+002
  0.349364E+003  0.958953E+001  0.942478E+001 -0.376991E+001  0.281117E-002  0.109262E-002  0.301604E-002 -0.895343E-003 -0.334877E-003  0.955919E-003  0.120000E+002  0.200000E+001  0.100000E+001  0.500000E+000  0.300000E+000  0.200000E+001  0.100000E+001  0.100000E+001  0.544000E+002
  0.349364E+003  0.958953E+001  0.942478E+001 -0.376991E+001  0.858637E-003 -0.287972E-002  0.300500E-002 -0.259828E-003  0.916598E-003  0.952713E-003  0.120000E+002  0.200000E+001  0.100000E+001  0.500000E+000  0.300000E+000  0.200000E+001  0.100000E+001  0.100000E+001  0.548000E+002
  0.349364E+003  0.958953E+001  0.942478E+001 -0.376991E+001 -0.292841E-002 -0.620705E-003  0.299347E-002  0.930572E-003  0.183414E-003  0.948475E-003  0.120000E+002  0.200000E+001  0.100000E+001  0.500000E+000  0.300000E+000  0.200000E+001  0.100000E+001  0.100000E+001  0.552000E+002
  0.349364E+003  0.958953E+001  0.942478E+001 -0.376991E+001 -0.381074E-003  0.295732E-002  0.298177E-002  0.107334E-003 -0.937647E-003  0.943771E-003  0.120000E+002  0.200000E+001  0.100000E+001  0.500000E+000  0.300000E+000  0.200000E+001  0.100000E+001  0.100000E+001  0.556000E+002
  0.349364E+003  0.958953E+001  0.942478E+001 -0.376991E+001  0.296713E-002  0.141334E-003  0.297050E-002 -0.939074E-003 -0.322289E-004  0.939627E-003  0.120000E+002  0.200000E+001  0.100000E+001  0.500000E+000  0.300000E+000  0.200000E+001  0.100000E+001  0.100000E+001  0.560000E+002
  0.349364E+003  0.958953E+001  0.942478E+001 -0.376991E+001 -0.974812E-004 -0.295834E-002  0.295994E-002  0.424129E-004  0.935606E-003  0.936567E-003  0.120000E+002  0.200000E+001  0.100000E+001  0.500000E+000  0.300000E+000  0.200000E+001  0.100000E+001  0.100000E+001  0.564000E+002
  0.349364E+003  0.958953E+001  0.942478E+001 -0.376991E+001 -0.293082E-002  0.334478E-003  0.294984E-002  0.926746E-003 -0.117210E-003  0.934128E-003  0.120000E+002  0.200000E+001  0.100000E+001  0.500000E+000  0.300000E+000  0.200000E+001  0.100000E+001  0.100000E+001  0.568000E+002
  0.349364E+003  0.958953E+001  0.942478E+001 -0.376991E+001  0.568160E-003  0.288419E-002  0.293961E-002 -0.191690E-003 -0.911378E-003  0.931319E-003  0.120000E+002  0.200000E+001  0.100000E+001  0.500000E+000  0.300000E+000  0.200000E+001  0.100000E+001  0.100000E+001  0.572000E+002
  0.349364E+003  0.958953E+001  0.942478E+001 -0.376991E+001  0.281854E-002 -0.796508E-003  0.292893E-002 -0.889084E-003  0.264338E-003  0.927548E-003  0.120000E+002  0.200000E+001  0.100000E+001  0.500000E+000  0.300000E+000  0.200000E+001  0.100000E+001  0.100000E+001  0.576000E+002
  0.349364E+003  0.958953E+001  0.942478E+001 -0.376991E+001 -0.101746E-002 -0.273484E-002  0.291798E-002  0.333704E-003  0.860744E-003  0.923168E-003  0.120000E+002  0.200000E+001  0.100000E+001  0.500000E+000  0.300000E+000  0.200000E+001  0.100000E+001  0.100000E+001  0.580000E+002
  0.349364E+003  0.958953E+001  0.942478E+001 -0.376991E+001 -0.263443E-002  0.122973E-002  0.290731E-002  0.827751E-003 -0.399522E-003  0.919124E-003  0.120000E+002  0.200000E+001  0.100000E+001  0.500000E+000  0.300000E+000  0.200000E+001  0.100000E+001  0.100000E+001  0.584000E+002
  0.349364E+003  0.958953E+001  0.942478E+001 -0.376991E+001  0.143270E-002  0.251828E-002  0.289730E-002 -0.462512E-003 -0.790733E-003  0.916066E-003  0.120000E+002  0.200000E+001  0.100000E+001  0.500000E+000  0.300000E+000  0.200000E+001  0.100000E+001  0.100000E+001  0.588000E+002
  0.349364E+003  0.958953E+001  0.942478E+001 -0.376991E+001  0.238681E-002 -0.162558E-002  0.288780E-002 -0.749184E-003  0.523116E-003  0.913743E-003  0.120000E+002  0.200000E+001  0.100000E+001  0.500000E+000  0.300000E+000  0.200000E+001  0.100000E+001  0.100000E+001  0.592000E+002
  0.349364E+003  0.958953E+001  0.942478E+001 -0.376991E+001 -0.180702E-002 -0.224036E-002  0.287829E-002  0.580659E-003  0.702303E-003  0.911260E-003  0.120000E+002  0.200000E+001  0.100000E+001  0.500000E+000  0.300000E+000  0.200000E+001  0.100000E+001  0.100000E+001  0.596000E+002
  0.349364E+003  0.958953E+001  0.942478E+001 -0.376991E+001 -0.207983E-002  0.197530E-002  0.286836E-002  0.650197E-003 -0.633689E-003  0.907919E-003  0.120000E+002  0.200000E+001  0.100000E+001  0.500000E+000  0.300000E+000  0.200000E+001  0.100000E+001  0.100000E+001  0.600000E+002
  0.349364E+003  0.958953E+001  0.942478E+001 -0.376991E+001  0.212907E-002  0.190680E-002  0.285811E-002 -0.681206E-003 -0.594087E-003  0.903870E-003  0.120000E+002  0.200000E+001  0.100000E+001  0.500000E+000  0.300000E+000  0.200000E+001  0.100000E+001  0.100000E+001  0.604000E+002
  0.349364E+003  0.958953E+001  0.942478E+001 -0.376991E+001  0.172310E-002 -0.226762E-002  0.284801E-002 -0.535391E-003  0.723366E-003  0.899946E-003  0.120000E+002  0.200000E+001  0.100000E+001  0.500000E+000  0.300000E+000  0.200000E+001  0.100000E+001  0.100000E+001  0.608000E+002
  0.349364E+003  0.958953E+001  0.942478E+001 -0.376991E+001 -0.239082E-002 -0.153003E-002  0.283849E-002  0.761032E-003  0.474582E-003  0.896883E-003  0.120000E+002  0.200000E+001  0.100000E+001  0.500000E+000  0.300000E+000  0.200000E+001  0.100000E+001  0.100000E+001  0.612000E+002
  0.349364E+003  0.958953E+001  0.942478E+001 -0.376991E+001 -0.132837E-002  0.249831E-002  0.282951E-002  0.411138E-003 -0.794558E-003  0.894627E-003  0.120000E+002  0.200000E+001  0.100000E+001  0.500000E+000  0.300000E+000  0.200000E+001  0.100000E+001  0.100000E+001  0.616000E+002
  0.349364E+003  0.958953E+001  0.942478E+001 -0.376991E+001  0.258921E-002  0.111889E-002  0.282063E-002 -0.823209E-003 -0.344546E-003  0.892404E-003  0.120000E+002  0.200000E+001  0.100000E+001  0.500000E+000  0.300000E+000  0.200000E+001  0.100000E+001  0.100000E+001  0.620000E+002
  0.349364E+003  0.958953E+001  0.942478E+001 -0.376991E+001  0.903077E-003 -0.266240E-002  0.281139E-002 -0.275346E-003  0.845761E-003  0.889454E-003  0.120000E+002  0.200000E+001  0.100000E+001  0.500000E+000  0.300000E+000  0.200000E+001  0.100000E+001  0.100000E+001  0.624000E+002
  0.349364E+003  0.958953E+001  0.942478E+001 -0.376991E+001 -0.271729E-002 -0.682915E-003  0.280179E-002  0.861695E-003  0.204967E-003  0.885737E-003  0.120000E+002  0.200000E+001  0.100000E+001  0.500000E+000  0.300000E+000  0.200000E+001  0.100000E+001  0.100000E+001  0.628000E+002
  0.349364E+003  0.958953E+001  0.942478E+001 -0.376991E+001 -0.460262E-003  0.275403E-002  0.279222E-002  0.134659E-003 -0.871615E-003  0.881955E-003  0.120000E+002  0.200000E+001  0.100000E+001  0.500000E+000  0.300000E+000  0.200000E+001  0.100000E+001  0.100000E+001  0.632000E+002
  0.349364E+003  0.958953E+001  0.942478E+001 -0.376991E+001  0.277308E-002  0.236508E-003  0.278314E-002 -0.876505E-003 -0.646799E-004  0.878888E-003  0.120000E+002  0.200000E+001  0.100000E+001  0.500000E+000  0.300000E+000  0.200000E+001  0.100000E+001  0.100000E+001  0.636000E+002
  0.349364E+003  0.958953E+001  0.942478E+001 -0.376991E+001  0.125334E-004 -0.277459E-002  0.277462E-002  0.551066E-005  0.876643E-003  0.876660E-003  0.120000E+002  0.200000E+001  0.100000E+001  0.500000E+000  0.300000E+000  0.200000E+001  0.100000E+001  0.100000E+001  0.640000E+002
  0.349364E+003  0.958953E+001  0.942478E+001 -0.376991E+001 -0.275824E-002  0.210683E-003  0.276627E-002  0.871315E-003 -0.761703E-004  0.874638E-003  0.120000E+002  0.200000E+001  0.100000E+001  0.500000E+000  0.300000E+000  0.200000E+001  0.100000E+001  0.100000E+001  0.644000E+002
  0.349364E+003  0.958953E+001  0.942478E+001 -0.376991E+001  0.431398E-003  0.272371E-002  0.275766E-002 -0.146465E-003 -0.859647E-003  0.872035E-003  0.120000E+002  0.200000E+001  0.100000E+001  0.500000E+000  0.300000E+000  0.200000E+001  0.100000E+001  0.100000E+001  0.648000E+002
  0.349364E+003  0.958953E+001  0.942478E+001 -0.376991E+001  0.267125E-002 -0.647757E-003  0.274867E-002 -0.841621E-003  0.214995E-003  0.868648E-003  0.120000E+002  0.200000E+001  0.100000E+001  0.500000E+000  0.300000E+000  0.200000E+001  0.100000E+001  0.100000E+001  0.652000E+002
  0.349364E+003  0.958953E+001  0.942478E+001 -0.376991E+001 -0.858060E-003 -0.260176E-002  0.273960E-002  0.280766E-003  0.818198E-003  0.865030E-003  0.120000E+002  0.200000E+001  0.100000E+001  0.500000E+000  0.300000E+000  0.200000E+001  0.100000E+001  0.100000E+001  0.656000E+002
  0.349364E+003  0.958953E+001  0.942478E+001 -0.376991E+001 -0.251634E-002  0.106114E-002  0.273093E-002  0.790441E-003 -0.343791E-003  0.861969E-003  0.120000E+002  0.200000E+001  0.100000E+001  0.500000E+000  0.300000E+000  0.200000E+001  0.100000E+001  0.100000E+001  0.660000E+002
  0.349364E+003  0.958953E+001  0.942478E+001 -0.376991E+001  0.125640E-002  0.241559E-002  0.272280E-002 -0.404688E-003 -0.758539E-003  0.859740E-003  0.120000E+002  0.200000E+001  0.100000E+001  0.500000E+000  0.300000E+000  0.200000E+001  0.100000E+001  0.100000E+001  0.664000E+002
  0.349364E+003  0.958953E+001  0.942478E+001 -0.376991E+001  0.229983E-002 -0.144280E-002  0.271493E-002 -0.721884E-003  0.463482E-003  0.857865E-003  0.120000E+002  0.200000E+001  0.100000E+001  0.500000E+000  0.300000E+000  0.200000E+001  0.100000E+001  0.100000E+001  0.668000E+002
  0.349364E+003  0.958953E+001  0.942478E+001 -0.376991E+001 -0.161905E-002 -0.216931E-002  0.270688E-002  0.519316E-003  0.679929E-003  0.855566E-003  0.120000E+002  0.200000E+001  0.100000E+001  0.500000E+000  0.300000E+000  0.200000E+001  0.100000E+001  0.100000E+001  0.672000E+002
  0.349364E+003  0.958953E+001  0.942478E+001 -0.376991E+001 -0.202516E-002  0.178335E-002  0.269845E-002  0.633150E-003 -0.570856E-003  0.852500E-003  0.120000E+002  0.200000E+001  0.100000E+001  0.500000E+000  0.300000E+000  0.200000E+001  0.100000E+001  0.100000E+001  0.676000E+002
  0.349364E+003  0.958953E+001  0.942478E+001 -0.376991E+001  0.193456E-002  0.186892E-002  0.268986E-002 -0.617494E-003 -0.582764E-003  0.849066E-003  0.120000E+002  0.200000E+001  0.100000E+001  0.500000E+000  0.300000E+000  0.200000E+001  0.100000E+001  0.100000E+001  0.680000E+002
  0.349364E+003  0.958953E+001  0.942478E+001 -0.376991E+001  0.170198E-002 -0.207221E-002  0.268157E-002 -0.529767E-003  0.659624E-003  0.846024E-003  0.120000E+002  0.200000E+001  0.100000E+001  0.500000E+000  0.300000E+000  0.200000E+001  0.100000E+001  0.100000E+001  0.684000E+002
  0.349364E+003  0.958953E+001  0.942478E+001 -0.376991E+001 -0.219602E-002 -0.152533E-002  0.267379E-002  0.697883E-003  0.474256E-003  0.843777E-003  0.120000E+002  0.200000E+001  0.100000E+001  0.500000E+000  0.300000E+000  0.200000E+001  0.100000E+001  0.100000E+001  0.688000E+002
  0.349364E+003  0.958953E+001  0.942478E+001 -0.376991E+001 -0.133974E-002  0.230530E-002  0.266633E-002  0.415741E-003 -0.732206E-003  0.842001E-003  0.120000E+002  0.200000E+001  0.100000E+001  0.500000E+000  0.300000E+000  0.200000E+001  0.100000E+001  0.100000E+001  0.692000E+002
  0.349364E+003  0.958953E+001  0.942478E+001 -0.376991E+001  0.239911E-002  0.114604E-002  0.265878E-002 -0.761710E-003 -0.354024E-003  0.839961E-003  0.120000E+002  0.200000E+001  0.100000E+001  0.500000E+000  0.300000E+000  0.200000E+001  0.100000E+001  0.100000E+001  0.696000E+002
  0.349364E+003  0.958953E+001  0.942478E+001 -0.376991E+001  0.945736E-003 -0.247643E-002  0.265087E-002 -0.289884E-003  0.785414E-003  0.837202E-003  0.120000E+002  0.200000E+001  0.100000E+001  0.500000E+000  0.300000E+000  0.200000E+001  0.100000E+001  0.100000E+001  0.700000E+002
  0.349364E+003  0.958953E+001  0.942478E+001 -0.376991E+001 -0.253681E-002 -0.740757E-003  0.264275E-002  0.803138E-003  0.224665E-003  0.833969E-003  0.120000E+002  0.200000E+001  0.100000E+001  0.500000E+000  0.300000E+000  0.200000E+001  0.100000E+001  0.100000E+001  0.704000E+002
  0.349364E+003  0.958953E+001  0.942478E+001 -0.376991E+001 -0.532618E-003  0.258041E-002  0.263481E-002  0.159211E-003 -0.815570E-003  0.830965E-003  0.120000E+002  0.200000E+001  0.100000E+001  0.500000E+000  0.300000E+000  0.200000E+001  0.100000E+001  0.100000E+001  0.708000E+002
  0.349364E+003  0.958953E+001  0.942478E+001 -0.376991E+001  0.260748E-002  0.322414E-003  0.262734E-002 -0.823400E-003 -0.934809E-004  0.828689E-003  0.120000E+002  0.200000E+001  0.100000E+001  0.500000E+000  0.300000E+000  0.200000E+001  0.100000E+001  0.100000E+001  0.712000E+002
  0.349364E+003  0.958953E+001  0.942478E+001 -0.376991E+001  0.111117E-003 -0.261789E-002  0.262025E-002 -0.270712E-004  0.826529E-003  0.826973E-003  0.120000E+002  0.200000E+001  0.100000E+001  0.500000E+000  0.300000E+000  0.200000E+001  0.100000E+001  0.100000E+001  0.716000E+002
  0.349364E+003  0.958953E+001  0.942478E+001 -0.376991E+001 -0.261122E-002  0.100204E-003  0.261314E-002  0.824180E-003 -0.399517E-004  0.825147E-003  0.120000E+002  0.200000E+001  0.100000E+001  0.500000E+000  0.300000E+000  0.200000E+001  0.100000E+001  0.100000E+001  0.720000E+002
  0.349364E+003  0.958953E+001  0.942478E+001 -0.376991E+001  0.309872E-003  0.258723E-002  0.260572E-002 -0.106607E-003 -0.815741E-003  0.822678E-003  0.120000E+002  0.200000E+001  0.100000E+001  0.500000E+000  0.300000E+000  0.200000E+001  0.100000E+001  0.100000E+001  0.724000E+002
  0.349364E+003  0.958953E+001  0.942478E+001 -0.376991E+001  0.254628E-002 -0.515971E-003  0.259803E-002 -0.801492E-003  0.171614E-003  0.819659E-003  0.120000E+002  0.200000E+001  0.100000E+001  0.500000E+000  0.300000E+000  0.200000E+001  0.100000E+001  0.100000E+001  0.728000E+002
  0.349364E+003  0.958953E+001  0.942478E+001 -0.376991E+001 -0.717067E-003 -0.248920E-002  0.259043E-002  0.234351E-003  0.782368E-003  0.816713E-003  0.120000E+002  0.200000E+001  0.100000E+001  0.500000E+000  0.300000E+000  0.200000E+001  0.100000E+001  0.100000E+001  0.732000E+002
  0.349364E+003  0.958953E+001  0.942478E+001 -0.376991E+001 -0.241674E-002  0.912435E-003  0.258325E-002  0.759060E-003 -0.295100E-003  0.814405E-003  0.120000E+002  0.200000E+001  0.100000E+001  0.500000E+000  0.300000E+000  0.200000E+001  0.100000E+001  0.100000E+001  0.736000E+002
  0.349364E+003  0.958953E+001  0.942478E+001 -0.376991E+001  0.110111E-002  0.232933E-002  0.257647E-002 -0.354194E-003 -0.731472E-003  0.812715E-003  0.120000E+002  0.200000E+001  0.100000E+001  0.500000E+000  0.300000E+000  0.200000E+001  0.100000E+001  0.100000E+001  0.740000E+002
  0.349364E+003  0.958953E+001  0.942478E+001 -0.376991E+001  0.222711E-002 -0.128205E-002  0.256976E-002 -0.698985E-003  0.411388E-003  0.811061E-003  0.120000E+002  0.200000E+001  0.100000E+001  0.500000E+000  0.300000E+000  0.200000E+001  0.100000E+001  0.100000E+001  0.744000E+002
  0.349364E+003  0.958953E+001  0.942478E+001 -0.376991E+001 -0.145367E-002 -0.211061E-002  0.256278E-002  0.465630E-003  0.661394E-003  0.808860E-003  0.120000E+002  0.200000E+001  0.100000E+001  0.500000E+000  0.300000E+000  0.200000E+001  0.100000E+001  0.100000E+001  0.748000E+002
  0.349364E+003  0.958953E+001  0.942478E+001 -0.376991E+001 -0.198083E-002  0.161459E-002  0.255550E-002  0.619336E-003 -0.515906E-003  0.806062E-003  0.120000E+002  0.200000E+001  0.100000E+001  0.500000E+000  0.300000E+000  0.200000E+001  0.100000E+001  0.100000E+001  0.752000E+002
  0.349364E+003  0.958953E+001  0.942478E+001 -0.376991E+001  0.176383E-002  0.183913E-002  0.254823E-002 -0.561927E-003 -0.573900E-003  0.803196E-003  0.120000E+002  0.200000E+001  0.100000E+001  0.500000E+000  0.300000E+000  0.200000E+001  0.100000E+001  0.100000E+001  0.756000E+002
  0.349364E+003  0.958953E+001  0.942478E+001 -0.376991E+001  0.168675E-002 -0.190083E-002  0.254132E-002 -0.525769E-003  0.604107E-003  0.800861E-003  0.120000E+002  0.200000E+001  0.100000E+001  0.500000E+000  0.300000E+000  0.200000E+001  0.100000E+001  0.100000E+001  0.760000E+002
  0.349364E+003  0.958953E+001  0.942478E+001 -0.376991E+001 -0.202520E-002 -0.152441E-002  0.253481E-002  0.642848E-003  0.474783E-003  0.799170E-003  0.120000E+002  0.200000E+001  0.100000E+001  0.500000E+000  0.300000E+000  0.200000E+001  0.100000E+001  0.100000E+001  0.764000E+002
  0.349364E+003  0.958953E+001  0.942478E+001 -0.376991E+001 -0.135284E-002  0.213610E-002  0.252845E-002  0.420542E-003 -0.677781E-003  0.797648E-003  0.120000E+002  0.200000E+001  0.100000E+001  0.500000E+000  0.300000E+000  0.200000E+001  0.100000E+001  0.100000E+001  0.768000E+002
  0.349364E+003  0.958953E+001  0.942478E+001 -0.376991E+001  0.223254E-002  0.117289E-002  0.252188E-002 -0.708000E-003 -0.363118E-003  0.795688E-003  0.120000E+002  0.200000E+001  0.100000E+001  0.500000E+000  0.300000E+000  0.200000E+001  0.100000E+001  0.100000E+001  0.772000E+002
  0.349364E+003  0.958953E+001  0.942478E+001 -0.376991E+001  0.986223E-003 -0.231356E-002  0.251500E-002 -0.303480E-003  0.732757E-003  0.793116E-003  0.120000E+002  0.200000E+001  0.100000E+001  0.500000E+000  0.300000E+000  0.200000E+001  0.100000E+001  0.100000E+001  0.776000E+002
  0.349364E+003  0.958953E+001  0.942478E+001 -0.376991E+001 -0.237888E-002 -0.794514E-003  0.250805E-002  0.752146E-003  0.242756E-003  0.790350E-003  0.120000E+002  0.200000E+001  0.100000E+001  0.500000E+000  0.300000E+000  0.200000E+001  0.100000E+001  0.100000E+001  0.780000E+002
  0.349364E+003  0.958953E+001  0.942478E+001 -0.376991E+001 -0.599022E-003  0.242859E-002  0.250138E-002  0.181451E-003 -0.766821E-003  0.787997E-003  0.120000E+002  0.200000E+001  0.100000E+001  0.500000E+000  0.300000E+000  0.200000E+001  0.100000E+001  0.100000E+001  0.784000E+002
  0.349364E+003  0.958953E+001  0.942478E+001 -0.376991E+001  0.246274E-002  0.400685E-003  0.249512E-002 -0.777172E-003 -0.119374E-003  0.786286E-003  0.120000E+002  0.200000E+001  0.100000E+001  0.500000E+000  0.300000E+000  0.200000E+001  0.100000E+001  0.100000E+001  0.788000E+002
  0.349364E+003  0.958953E+001  0.942478E+001 -0.376991E+001  0.200495E-003 -0.248098E-002  0.248906E-002 -0.562815E-004  0.782838E-003  0.784858E-003  0.120000E+002  0.200000E+001  0.100000E+001  0.500000E+000  0.300000E+000  0.200000E+001  0.100000E+001  0.100000E+001  0.792000E+002
  0.349364E+003  0.958953E+001  0.942478E+001 -0.376991E+001 -0.248286E-002  0.356046E-006  0.248286E-002  0.783076E-003 -0.747570E-005  0.783111E-003  0.120000E+002  0.200000E+001  0.100000E+001  0.500000E+000  0.300000E+000  0.200000E+001  0.100000E+001  0.100000E+001  0.796000E+002
  0.349364E+003  0.958953E+001  0.942478E+001 -0.376991E+001  0.200205E-003  0.246825E-002  0.247636E-002 -0.708499E-004 -0.777544E-003  0.780765E-003  0.120000E+002  0.200000E+001  0.100000E+001  0.500000E+000  0.300000E+000  0.200000E+001  0.100000E+001  0.100000E+001  0.800000E+002
  0.349364E+003  0.958953E+001  0.942478E+001 -0.376991E+001  0.243754E-002 -0.397327E-003  0.246971E-002 -0.766703E-003  0.132797E-003  0.778119E-003  0.120000E+002  0.200000E+001  0.100000E+001  0.500000E+000  0.300000E+000  0.200000E+001  0.100000E+001  0.100000E+001  0.804000E+002
  0.349364E+003  0.958953E+001  0.942478E+001 -0.376991E+001 -0.590586E-003 -0.239143E-002  0.246328E-002  0.193018E-003  0.751365E-003  0.775761E-003  0.120000E+002  0.200000E+001  0.100000E+001  0.500000E+000  0.300000E+000  0.200000E+001  0.100000E+001  0.100000E+001  0.808000E+002
  0.349364E+003  0.958953E+001  0.942478E+001 -0.376991E+001 -0.233044E-002  0.779133E-003  0.245724E-002  0.731916E-003 -0.251796E-003  0.774017E-003  0.120000E+002  0.200000E+001  0.100000E+001  0.500000E+000  0.300000E+000  0.200000E+001  0.100000E+001  0.100000E+001  0.812000E+002
  0.349364E+003  0.958953E+001  0.942478E+001 -0.376991E+001  0.962008E-003  0.225481E-002  0.245145E-002 -0.309273E-003 -0.708052E-003  0.772650E-003  0.120000E+002  0.200000E+001  0.100000E+001  0.500000E+000  0.300000E+000  0.200000E+001  0.100000E+001  0.100000E+001  0.816000E+002
  0.349364E+003  0.958953E+001  0.942478E+001 -0.376991E+001  0.216466E-002 -0.113805E-002  0.244559E-002 -0.679253E-003  0.364950E-003  0.771086E-003  0.120000E+002  0.200000E+001  0.100000E+001  0.500000E+000  0.300000E+000  0.200000E+001  0.100000E+001  0.100000E+001  0.820000E+002
  0.349364E+003  0.958953E+001  0.942478E+001 -0.376991E+001 -0.130576E-002 -0.206054E-002  0.243943E-002  0.417798E-003  0.645557E-003  0.768960E-003  0.120000E+002  0.200000E+001  0.100000E+001  0.500000E+000  0.300000E+000  0.200000E+001  0.100000E+001  0.100000E+001  0.824000E+002
  0.349364E+003  0.958953E+001  0.942478E+001 -0.376991E+001 -0.194354E-002  0.146376E-002  0.243309E-002  0.607741E-003 -0.467007E-003  0.766450E-003  0.120000E+002  0.200000E+001  0.100000E+001  0.500000E+000  0.300000E+000  0.200000E+001  0.100000E+001  0.100000E+001  0.828000E+002
  0.349364E+003  0.958953E+001  0.942478E+001 -0.376991E+001  0.161122E-002  0.181487E-002  0.242689E-002 -0.512531E-003 -0.566714E-003  0.764103E-003  0.120000E+002  0.200000E+001  0.100000E+001  0.500000E+000  0.300000E+000  0.200000E+001  0.100000E+001  0.100000E+001  0.832000E+002
  0.349364E+003  0.958953E+001  0.942478E+001 -0.376991E+001  0.167533E-002 -0.174777E-002  0.242104E-002 -0.522796E-003  0.554813E-003  0.762320E-003  0.120000E+002  0.200000E+001  0.100000E+001  0.500000E+000  0.300000E+000  0.200000E+001  0.100000E+001  0.100000E+001  0.836000E+002
  0.349364E+003  0.958953E+001  0.942478E+001 -0.376991E+001 -0.187267E-002 -0.152568E-002  0.241549E-002  0.593932E-003  0.475753E-003  0.760984E-003  0.120000E+002  0.200000E+001  0.100000E+001  0.500000E+000  0.300000E+000  0.200000E+001  0.100000E+001  0.100000E+001  0.840000E+002
  0.349364E+003  0.958953E+001  0.942478E+001 -0.376991E+001 -0.136652E-002  0.198504E-002  0.240992E-002  0.425296E-003 -0.629344E-003  0.759573E-003  0.120000E+002  0.200000E+001  0.100000E+001  0.500000E+000  0.300000E+000  0.200000E+001  0.100000E+001  0.100000E+001  0.844000E+002
  0.349364E+003  0.958953E+001  0.942478E+001 -0.376991E+001  0.208377E-002  0.119900E-002  0.240410E-002 -0.660154E-003 -0.371808E-003  0.757657E-003  0.120000E+002  0.200000E+001  0.100000E+001  0.500000E+000  0.300000E+000  0.200000E+001  0.100000E+001  0.100000E+001  0.848000E+002
  0.349364E+003  0.958953E+001  0.942478E+001 -0.376991E+001  0.102452E-002 -0.216819E-002  0.239806E-002 -0.316226E-003  0.685911E-003  0.755296E-003  0.120000E+002  0.200000E+001  0.100000E+001  0.500000E+000  0.300000E+000  0.200000E+001  0.100000E+001  0.100000E+001  0.852000E+002
  0.349364E+003  0.958953E+001  0.942478E+001 -0.376991E+001 -0.223802E-002 -0.844555E-003  0.239207E-002  0.706869E-003  0.259446E-003  0.752978E-003  0.120000E+002  0.200000E+001  0.100000E+001  0.500000E+000  0.300000E+000  0.200000E+001  0.100000E+001  0.100000E+001  0.856000E+002
  0.349364E+003  0.958953E+001  0.942478E+001 -0.376991E+001 -0.660293E-003  0.229324E-002  0.238641E-002  0.201753E-003 -0.723555E-003  0.751157E-003  0.120000E+002  0.200000E+001  0.100000E+001  0.500000E+000  0.300000E+000  0.200000E+001  0.100000E+001  0.100000E+001  0.860000E+002
  0.349364E+003  0.958953E+001  0.942478E+001 -0.376991E+001  0.233370E-002  0.472516E-003  0.238106E-002 -0.736088E-003 -0.142881E-003  0.749827E-003  0.120000E+002  0.200000E+001  0.100000E+001  0.500000E+000  0.300000E+000  0.200000E+001  0.100000E+001  0.100000E+001  0.864000E+002
  0.349364E+003  0.958953E+001  0.942478E+001 -0.376991E+001  0.282264E-003 -0.235894E-002  0.237576E-002 -0.827801E-004  0.743946E-003  0.748538E-003  0.120000E+002  0.200000E+001  0.100000E+001  0.500000E+000  0.300000E+000  0.200000E+001  0.100000E+001  0.100000E+001  0.868000E+002
  0.349364E+003  0.958953E+001  0.942478E+001 -0.376991E+001 -0.236852E-002 -0.907325E-004  0.237025E-002  0.746494E-003  0.219898E-004  0.746818E-003  0.120000E+002  0.200000E+001  0.100000E+001  0.500000E+000  0.300000E+000  0.200000E+001  0.100000E+001  0.100000E+001  0.872000E+002
  0.349364E+003  0.958953E+001  0.942478E+001 -0.376991E+001  0.100320E-003  0.236237E-002  0.236449E-002 -0.384183E-004 -0.743625E-003  0.744617E-003  0.120000E+002  0.200000E+001  0.100000E+001  0.500000E+000  0.300000E+000  0.200000E+001  0.100000E+001  0.100000E+001  0.876000E+002
  0.349364E+003  0.958953E+001  0.942478E+001 -0.376991E+001  0.234090E-002 -0.289440E-003  0.235873E-002 -0.735894E-003  0.976738E-004  0.742347E-003  0.120000E+002  0.200000E+001  0.100000E+001  0.500000E+000  0.300000E+000  0.200000E+001  0.100000E+001  0.100000E+001  0.880000E+002
  0.349364E+003  0.958953E+001  0.942478E+001 -0.376991E+001 -0.475646E-003 -0.230466E-002  0.235323E-002  0.155694E-003  0.723937E-003  0.740490E-003  0.120000E+002  0.200000E+001  0.100000E+001  0.500000E+000  0.300000E+000  0.200000E+001  0.100000E+001  0.100000E+001  0.884000E+002
  0.349364E+003  0.958953E+001  0.942478E+001 -0.376991E+001 -0.225395E-002  0.658106E-003  0.234806E-002  0.707873E-003 -0.212735E-003  0.739148E-003  0.120000E+002  0.200000E+001  0.100000E+001  0.500000E+000  0.300000E+000  0.200000E+001  0.100000E+001  0.100000E+001  0.888000E+002
  0.349364E+003  0.958953E+001  0.942478E+001 -0.376991E+001  0.835766E-003  0.218888E-002  0.234301E-002 -0.268713E-003 -0.687287E-003  0.737950E-003  0.120000E+002  0.200000E+001  0.100000E+001  0.500000E+000  0.300000E+000  0.200000E+001  0.100000E+001  0.100000E+001  0.892000E+002
  0.349364E+003  0.958953E+001  0.942478E+001 -0.376991E+001  0.210960E-002 -0.100738E-002  0.233778E-002 -0.661814E-003  0.322956E-003  0.736409E-003  0.120000E+002  0.200000E+001  0.100000E+001  0.500000E+000  0.300000E+000  0.200000E+001  0.100000E+001  0.100000E+001  0.896000E+002
  0.349364E+003  0.958953E+001  0.942478E+001 -0.376991E+001 -0.117150E-002 -0.201673E-002  0.233230E-002  0.374513E-003  0.631701E-003  0.734375E-003  0.120000E+002  0.200000E+001  0.100000E+001  0.500000E+000  0.300000E+000  0.200000E+001  0.100000E+001  0.100000E+001  0.900000E+002
  0.349364E+003  0.958953E+001  0.942478E+001 -0.376991E+001 -0.191129E-002  0.132693E-002  0.232675E-002  0.597743E-003 -0.422821E-003  0.732171E-003  0.120000E+002  0.200000E+001  0.100000E+001  0.500000E+000  0.300000E+000  0.200000E+001  0.100000E+001  0.100000E+001  0.904000E+002
  0.349364E+003  0.958953E+001  0.942478E+001 -0.376991E+001  0.147303E-002  0.179420E-002  0.232142E-002 -0.468020E-003 -0.560604E-003  0.730287E-003  0.120000E+002  0.200000E+001  0.100000E+001  0.500000E+000  0.300000E+000  0.200000E+001  0.100000E+001  0.100000E+001  0.908000E+002
  0.349364E+003  0.958953E+001  0.942478E+001 -0.376991E+001  0.166637E-002 -0.160902E-002  0.231641E-002 -0.520451E-003  0.510345E-003  0.728918E-003  0.120000E+002  0.200000E+001  0.100000E+001  0.500000E+000  0.300000E+000  0.200000E+001  0.100000E+001  0.100000E+001  0.912000E+002
  0.349364E+003  0.958953E+001  0.942478E+001 -0.376991E+001 -0.173447E-002 -0.152804E-002  0.231156E-002  0.549773E-003  0.476885E-003  0.727784E-003  0.120000E+002  0.200000E+001  0.100000E+001  0.500000E+000  0.300000E+000  0.200000E+001  0.100000E+001  0.100000E+001  0.916000E+002
  0.349364E+003  0.958953E+001  0.942478E+001 -0.376991E+001 -0.138024E-002  0.184806E-002  0.230660E-002  0.429913E-003 -0.585521E-003  0.726402E-003  0.120000E+002  0.200000E+001  0.100000E+001  0.500000E+000  0.300000E+000  0.200000E+001  0.100000E+001  0.100000E+001  0.920000E+002
  0.349364E+003  0.958953E+001  0.942478E+001 -0.376991E+001  0.194897E-002  0.122387E-002  0.230138E-002 -0.616887E-003 -0.380004E-003  0.724536E-003  0.120000E+002  0.200000E+001  0.100000E+001  0.500000E+000  0.300000E+000  0.200000E+001  0.100000E+001  0.100000E+001  0.924000E+002
  0.349364E+003  0.958953E+001  0.942478E+001 -0.376991E+001  0.106044E-002 -0.203649E-002  0.229605E-002 -0.328111E-003  0.643605E-003  0.722416E-003  0.120000E+002  0.200000E+001  0.100000E+001  0.500000E+000  0.300000E+000  0.200000E+001  0.100000E+001  0.100000E+001  0.928000E+002
  0.349364E+003  0.958953E+001  0.942478E+001 -0.376991E+001 -0.211041E-002 -0.891214E-003  0.229087E-002  0.666016E-003  0.274894E-003  0.720516E-003  0.120000E+002  0.200000E+001  0.100000E+001  0.500000E+000  0.300000E+000  0.200000E+001  0.100000E+001  0.100000E+001  0.932000E+002
  0.349364E+003  0.958953E+001  0.942478E+001 -0.376991E+001 -0.717021E-003  0.217064E-002  0.228600E-002  0.220377E-003 -0.684510E-003  0.719110E-003  0.120000E+002  0.200000E+001  0.100000E+001  0.500000E+000  0.300000E+000  0.200000E+001  0.100000E+001  0.100000E+001  0.936000E+002
  0.349364E+003  0.958953E+001  0.942478E+001 -0.376991E+001  0.221680E-002  0.538805E-003  0.228134E-002 -0.698945E-003 -0.164383E-003  0.718015E-003  0.120000E+002  0.200000E+001  0.100000E+001  0.500000E+000  0.300000E+000  0.200000E+001  0.100000E+001  0.100000E+001  0.940000E+002
  0.349364E+003  0.958953E+001  0.942478E+001 -0.376991E+001  0.357596E-003 -0.224835E-002  0.227661E-002 -0.107041E-003  0.708732E-003  0.716770E-003  0.120000E+002  0.200000E+001  0.100000E+001  0.500000E+000  0.300000E+000  0.200000E+001  0.100000E+001  0.100000E+001  0.944000E+002
  0.349364E+003  0.958953E+001  0.942478E+001 -0.376991E+001 -0.226493E-002 -0.174643E-003  0.227165E-002  0.713387E-003  0.490316E-004  0.715070E-003  0.120000E+002  0.200000E+001  0.100000E+001  0.500000E+000  0.300000E+000  0.200000E+001  0.100000E+001  0.100000E+001  0.948000E+002
  0.349364E+003  0.958953E+001  0.942478E+001 -0.376991E+001  0.841178E-005  0.226652E-002  0.226653E-002 -0.867329E-005 -0.712996E-003  0.713049E-003  0.120000E+002  0.200000E+001  0.100000E+001  0.500000E+000  0.300000E+000  0.200000E+001  0.100000E+001  0.100000E+001  0.952000E+002
  0.349364E+003  0.958953E+001  0.942478E+001 -0.376991E+001  0.225349E-002 -0.190289E-003  0.226151E-002 -0.708122E-003  0.655386E-004  0.711148E-003  0.120000E+002  0.200000E+001  0.100000E+001  0.500000E+000  0.300000E+000  0.200000E+001  0.100000E+001  0.100000E+001  0.956000E+002
  0.349364E+003  0.958953E+001  0.942478E+001 -0.376991E+001 -0.370178E-003 -0.222620E-002  0.225677E-002  0.121639E-003  0.699200E-003  0.709701E-003  0.120000E+002  0.200000E+001  0.100000E+001  0.500000E+000  0.300000E+000  0.200000E+001  0.100000E+001  0.100000E+001  0.960000E+002
  0.349364E+003  0.958953E+001  0.942478E+001 -0.376991E+001 -0.218481E-002  0.547096E-003  0.225227E-002  0.686135E-003 -0.177099E-003  0.708622E-003  0.120000E+002  0.200000E+001  0.100000E+001  0.500000E+000  0.300000E+000  0.200000E+001  0.100000E+001  0.100000E+001  0.964000E+002
  0.349364E+003  0.958953E+001  0.942478E+001 -0.376991E+001  0.719967E-003  0.212933E-002  0.224776E-002 -0.231651E-003 -0.668492E-003  0.707491E-003  0.120000E+002  0.200000E+001  0.100000E+001  0.500000E+000  0.300000E+000  0.200000E+001  0.100000E+001  0.100000E+001  0.968000E+002
  0.349364E+003  0.958953E+001  0.942478E+001 -0.376991E+001  0.205996E-002 -0.887562E-003  0.224304E-002 -0.646065E-003  0.284546E-003  0.705951E-003  0.120000E+002  0.200000E+001  0.100000E+001  0.500000E+000  0.300000E+000  0.200000E+001  0.100000E+001  0.100000E+001  0.972000E+002
  0.349364E+003  0.958953E+001  0.942478E+001 -0.376991E+001 -0.104842E-002 -0.197738E-002  0.223813E-002  0.334925E-003  0.619274E-003  0.704042E-003  0.120000E+002  0.200000E+001  0.100000E+001  0.500000E+000  0.300000E+000  0.200000E+001  0.100000E+001  0.100000E+001  0.976000E+002
  0.349364E+003  0.958953E+001  0.942478E+001 -0.376991E+001 -0.188250E-002  0.120151E-002  0.223326E-002  0.588849E-003 -0.382464E-003  0.702156E-003  0.120000E+002  0.200000E+001  0.100000E+001  0.500000E+000  0.300000E+000  0.200000E+001  0.100000E+001  0.100000E+001  0.980000E+002
  0.349364E+003  0.958953E+001  0.942478E+001 -0.376991E+001  0.134627E-002  0.177606E-002  0.222864E-002 -0.427372E-003 -0.555238E-003  0.700668E-003  0.120000E+002  0.200000E+001  0.100000E+001  0.500000E+000  0.300000E+000  0.200000E+001  0.100000E+001  0.100000E+001  0.984000E+002
  0.349364E+003  0.958953E+001  0.942478E+001 -0.376991E+001  0.165878E-002 -0.148185E-002  0.222428E-002 -0.518419E-003  0.469746E-003  0.699586E-003  0.120000E+002  0.200000E+001  0.100000E+001  0.500000E+000  0.300000E+000  0.200000E+001  0.100000E+001  0.100000E+001  0.988000E+002
  0.349364E+003  0.958953E+001  0.942478E+001 -0.376991E+001 -0.160765E-002 -0.153091E-002  0.221996E-002  0.509352E-003  0.478043E-003  0.698545E-003  0.120000E+002  0.200000E+001  0.100000E+001  0.500000E+000  0.300000E+000  0.200000E+001  0.100000E+001  0.100000E+001  0.992000E+002
  0.349364E+003  0.958953E+001  0.942478E+001 -0.376991E+001 -0.139347E-002  0.172236E-002  0.221547E-002  0.434280E-003 -0.545369E-003  0.697156E-003  0.120000E+002  0.200000E+001  0.100000E+001  0.500000E+000  0.300000E+000  0.200000E+001  0.100000E+001  0.100000E+001  0.996000E+002
