 % the field is pps
% Dinn5 settings , t1, t2, t3, t4, tm, tp, eps, step, IntLimit
%   0.249000E+002  0.249000E+002  0.249000E+002  0.278880E+003  0.200000E-001  0.000000E+000  0.100000E-005  0.100000E-001  0.100000E+006
%psi, R, x, z, re(u), im(u), abs(u), re(w), im(w), abs(w), fieldCode, cp(1), cp(2), cs(1), cs(2), rho(1), rho(2), h, w
  0.349364E+003  0.958953E+001  0.942478E+001 -0.376991E+001  0.886270E-003  0.688344E-002  0.694027E-002 -0.276403E-003 -0.214675E-002  0.216447E-002  0.120000E+002  0.200000E+001  0.100000E+001  0.500000E+000  0.300000E+000  0.200000E+001  0.100000E+001  0.100000E+001  0.100000E+002
  0.349364E+003  0.958953E+001  0.942478E+001 -0.376991E+001  0.665791E-002 -0.140960E-002  0.680549E-002 -0.207641E-002  0.439613E-003  0.212244E-002  0.120000E+002  0.200000E+001  0.100000E+001  0.500000E+000  0.300000E+000  0.200000E+001  0.100000E+001  0.100000E+001  0.104000E+002
  0.349364E+003  0.958953E+001  0.942478E+001 -0.376991E+001 -0.190470E-002 -0.640090E-002  0.667827E-002  0.594021E-003  0.199626E-002  0.208276E-002  0.120000E+002  0.200000E+001  0.100000E+001  0.500000E+000  0.300000E+000  0.200000E+001  0.100000E+001  0.100000E+001  0.108000E+002
  0.349364E+003  0.958953E+001  0.942478E+001 -0.376991E+001 -0.611459E-002  0.237030E-002  0.655794E-002  0.190697E-002 -0.739228E-003  0.204523E-002  0.120000E+002  0.200000E+001  0.100000E+001  0.500000E+000  0.300000E+000  0.200000E+001  0.100000E+001  0.100000E+001  0.112000E+002
  0.349364E+003  0.958953E+001  0.942478E+001 -0.376991E+001  0.280517E-002  0.580125E-002  0.644387E-002 -0.874854E-003 -0.180925E-002  0.200966E-002  0.120000E+002  0.200000E+001  0.100000E+001  0.500000E+000  0.300000E+000  0.200000E+001  0.100000E+001  0.100000E+001  0.116000E+002
  0.349364E+003  0.958953E+001  0.942478E+001 -0.376991E+001  0.546321E-002 -0.320823E-002  0.633557E-002 -0.170382E-002  0.100055E-002  0.197588E-002  0.120000E+002  0.200000E+001  0.100000E+001  0.500000E+000  0.300000E+000  0.200000E+001  0.100000E+001  0.100000E+001  0.120000E+002
  0.349364E+003  0.958953E+001  0.942478E+001 -0.376991E+001 -0.357845E-002 -0.510287E-002  0.623254E-002  0.111602E-002  0.159144E-002  0.194375E-002  0.120000E+002  0.200000E+001  0.100000E+001  0.500000E+000  0.300000E+000  0.200000E+001  0.100000E+001  0.100000E+001  0.124000E+002
  0.349364E+003  0.958953E+001  0.942478E+001 -0.376991E+001 -0.472268E-002  0.391497E-002  0.613439E-002  0.147287E-002 -0.122097E-002  0.191314E-002  0.120000E+002  0.200000E+001  0.100000E+001  0.500000E+000  0.300000E+000  0.200000E+001  0.100000E+001  0.100000E+001  0.128000E+002
  0.349364E+003  0.958953E+001  0.942478E+001 -0.376991E+001  0.421706E-002  0.432514E-002  0.604073E-002 -0.131518E-002 -0.134889E-002  0.188393E-002  0.120000E+002  0.200000E+001  0.100000E+001  0.500000E+000  0.300000E+000  0.200000E+001  0.100000E+001  0.100000E+001  0.132000E+002
  0.349364E+003  0.958953E+001  0.942478E+001 -0.376991E+001  0.391278E-002 -0.448411E-002  0.595123E-002 -0.122029E-002  0.139847E-002  0.185602E-002  0.120000E+002  0.200000E+001  0.100000E+001  0.500000E+000  0.300000E+000  0.200000E+001  0.100000E+001  0.100000E+001  0.136000E+002
  0.349364E+003  0.958953E+001  0.942478E+001 -0.376991E+001 -0.471569E-002 -0.348819E-002  0.586560E-002  0.147069E-002  0.108787E-002  0.182931E-002  0.120000E+002  0.200000E+001  0.100000E+001  0.500000E+000  0.300000E+000  0.200000E+001  0.100000E+001  0.100000E+001  0.140000E+002
  0.349364E+003  0.958953E+001  0.942478E+001 -0.376991E+001 -0.305394E-002  0.491152E-002  0.578356E-002  0.952435E-003 -0.153176E-002  0.180373E-002  0.120000E+002  0.200000E+001  0.100000E+001  0.500000E+000  0.300000E+000  0.200000E+001  0.100000E+001  0.100000E+001  0.144000E+002
  0.349364E+003  0.958953E+001  0.942478E+001 -0.376991E+001  0.507146E-002  0.261261E-002  0.570486E-002 -0.158165E-002 -0.814799E-003  0.177918E-002  0.120000E+002  0.200000E+001  0.100000E+001  0.500000E+000  0.300000E+000  0.200000E+001  0.100000E+001  0.100000E+001  0.148000E+002
  0.349364E+003  0.958953E+001  0.942478E+001 -0.376991E+001  0.216679E-002 -0.519558E-002  0.562930E-002 -0.675761E-003  0.162035E-002  0.175562E-002  0.120000E+002  0.200000E+001  0.100000E+001  0.500000E+000  0.300000E+000  0.200000E+001  0.100000E+001  0.100000E+001  0.152000E+002
  0.349364E+003  0.958953E+001  0.942478E+001 -0.376991E+001 -0.528407E-002 -0.171905E-002  0.555666E-002  0.164795E-002  0.536122E-003  0.173296E-002  0.120000E+002  0.200000E+001  0.100000E+001  0.500000E+000  0.300000E+000  0.200000E+001  0.100000E+001  0.100000E+001  0.156000E+002
  0.349364E+003  0.958953E+001  0.942478E+001 -0.376991E+001 -0.127190E-002  0.533731E-002  0.548676E-002  0.396668E-003 -0.166455E-002  0.171116E-002  0.120000E+002  0.200000E+001  0.100000E+001  0.500000E+000  0.300000E+000  0.200000E+001  0.100000E+001  0.100000E+001  0.160000E+002
  0.349364E+003  0.958953E+001  0.942478E+001 -0.376991E+001  0.535584E-002  0.827832E-003  0.541944E-002 -0.167033E-002 -0.258177E-003  0.169017E-002  0.120000E+002  0.200000E+001  0.100000E+001  0.500000E+000  0.300000E+000  0.200000E+001  0.100000E+001  0.100000E+001  0.164000E+002
  0.349364E+003  0.958953E+001  0.942478E+001 -0.376991E+001  0.389284E-003 -0.534036E-002  0.535453E-002 -0.121407E-003  0.166551E-002  0.166993E-002  0.120000E+002  0.200000E+001  0.100000E+001  0.500000E+000  0.300000E+000  0.200000E+001  0.100000E+001  0.100000E+001  0.168000E+002
  0.349364E+003  0.958953E+001  0.942478E+001 -0.376991E+001 -0.529174E-002  0.413898E-004  0.529190E-002  0.165034E-002 -0.129083E-004  0.165039E-002  0.120000E+002  0.200000E+001  0.100000E+001  0.500000E+000  0.300000E+000  0.200000E+001  0.100000E+001  0.100000E+001  0.172000E+002
  0.349364E+003  0.958953E+001  0.942478E+001 -0.376991E+001  0.461901E-003  0.521099E-002  0.523142E-002 -0.144054E-003 -0.162516E-002  0.163153E-002  0.120000E+002  0.200000E+001  0.100000E+001  0.500000E+000  0.300000E+000  0.200000E+001  0.100000E+001  0.100000E+001  0.176000E+002
  0.349364E+003  0.958953E+001  0.942478E+001 -0.376991E+001  0.509928E-002 -0.870056E-003  0.517297E-002 -0.159032E-002  0.271346E-003  0.161330E-002  0.120000E+002  0.200000E+001  0.100000E+001  0.500000E+000  0.300000E+000  0.200000E+001  0.100000E+001  0.100000E+001  0.180000E+002
  0.349364E+003  0.958953E+001  0.942478E+001 -0.376991E+001 -0.126376E-002 -0.495790E-002  0.511643E-002  0.394130E-003  0.154623E-002  0.159567E-002  0.120000E+002  0.200000E+001  0.100000E+001  0.500000E+000  0.300000E+000  0.200000E+001  0.100000E+001  0.100000E+001  0.184000E+002
  0.349364E+003  0.958953E+001  0.942478E+001 -0.376991E+001 -0.478831E-002  0.164103E-002  0.506171E-002  0.149334E-002 -0.511789E-003  0.157860E-002  0.120000E+002  0.200000E+001  0.100000E+001  0.500000E+000  0.300000E+000  0.200000E+001  0.100000E+001  0.100000E+001  0.188000E+002
  0.349364E+003  0.958953E+001  0.942478E+001 -0.376991E+001  0.199999E-002  0.459208E-002  0.500871E-002 -0.623741E-003 -0.143214E-002  0.156207E-002  0.120000E+002  0.200000E+001  0.100000E+001  0.500000E+000  0.300000E+000  0.200000E+001  0.100000E+001  0.100000E+001  0.192000E+002
  0.349364E+003  0.958953E+001  0.942478E+001 -0.376991E+001  0.437088E-002 -0.233893E-002  0.495733E-002 -0.136315E-002  0.729445E-003  0.154605E-002  0.120000E+002  0.200000E+001  0.100000E+001  0.500000E+000  0.300000E+000  0.200000E+001  0.100000E+001  0.100000E+001  0.196000E+002
  0.349364E+003  0.958953E+001  0.942478E+001 -0.376991E+001 -0.265622E-002 -0.412651E-002  0.490751E-002  0.828401E-003  0.128694E-002  0.153051E-002  0.120000E+002  0.200000E+001  0.100000E+001  0.500000E+000  0.300000E+000  0.200000E+001  0.100000E+001  0.100000E+001  0.200000E+002
  0.349364E+003  0.958953E+001  0.942478E+001 -0.376991E+001 -0.386088E-002  0.295043E-002  0.485916E-002  0.120410E-002 -0.920155E-003  0.151543E-002  0.120000E+002  0.200000E+001  0.100000E+001  0.500000E+000  0.300000E+000  0.200000E+001  0.100000E+001  0.100000E+001  0.204000E+002
  0.349364E+003  0.958953E+001  0.942478E+001 -0.376991E+001  0.322024E-002  0.357595E-002  0.481221E-002 -0.100430E-002 -0.111524E-002  0.150079E-002  0.120000E+002  0.200000E+001  0.100000E+001  0.500000E+000  0.300000E+000  0.200000E+001  0.100000E+001  0.100000E+001  0.208000E+002
  0.349364E+003  0.958953E+001  0.942478E+001 -0.376991E+001  0.327379E-002 -0.346450E-002  0.476660E-002 -0.102100E-002  0.108048E-002  0.148656E-002  0.120000E+002  0.200000E+001  0.100000E+001  0.500000E+000  0.300000E+000  0.200000E+001  0.100000E+001  0.100000E+001  0.212000E+002
  0.349364E+003  0.958953E+001  0.942478E+001 -0.376991E+001 -0.368222E-002 -0.295651E-002  0.472225E-002  0.114838E-002  0.922052E-003  0.147274E-002  0.120000E+002  0.200000E+001  0.100000E+001  0.500000E+000  0.300000E+000  0.200000E+001  0.100000E+001  0.100000E+001  0.216000E+002
  0.349364E+003  0.958953E+001  0.942478E+001 -0.376991E+001 -0.262629E-002  0.387257E-002  0.467913E-002  0.819066E-003 -0.120775E-002  0.145929E-002  0.120000E+002  0.200000E+001  0.100000E+001  0.500000E+000  0.300000E+000  0.200000E+001  0.100000E+001  0.100000E+001  0.220000E+002
  0.349364E+003  0.958953E+001  0.942478E+001 -0.376991E+001  0.403491E-002  0.228534E-002  0.463716E-002 -0.125837E-002 -0.712734E-003  0.144620E-002  0.120000E+002  0.200000E+001  0.100000E+001  0.500000E+000  0.300000E+000  0.200000E+001  0.100000E+001  0.100000E+001  0.224000E+002
  0.349364E+003  0.958953E+001  0.942478E+001 -0.376991E+001  0.193591E-002 -0.416873E-002  0.459630E-002 -0.603755E-003  0.130011E-002  0.143346E-002  0.120000E+002  0.200000E+001  0.100000E+001  0.500000E+000  0.300000E+000  0.200000E+001  0.100000E+001  0.100000E+001  0.228000E+002
  0.349364E+003  0.958953E+001  0.942478E+001 -0.376991E+001 -0.427371E-002 -0.158024E-002  0.455651E-002  0.133285E-002  0.492833E-003  0.142105E-002  0.120000E+002  0.200000E+001  0.100000E+001  0.500000E+000  0.300000E+000  0.200000E+001  0.100000E+001  0.100000E+001  0.232000E+002
  0.349364E+003  0.958953E+001  0.942478E+001 -0.376991E+001 -0.122060E-002  0.434971E-002  0.451773E-002  0.380672E-003 -0.135655E-002  0.140895E-002  0.120000E+002  0.200000E+001  0.100000E+001  0.500000E+000  0.300000E+000  0.200000E+001  0.100000E+001  0.100000E+001  0.236000E+002
  0.349364E+003  0.958953E+001  0.942478E+001 -0.376991E+001  0.439675E-002  0.859239E-003  0.447992E-002 -0.137122E-002 -0.267972E-003  0.139716E-002  0.120000E+002  0.200000E+001  0.100000E+001  0.500000E+000  0.300000E+000  0.200000E+001  0.100000E+001  0.100000E+001  0.240000E+002
  0.349364E+003  0.958953E+001  0.942478E+001 -0.376991E+001  0.498376E-003 -0.441501E-002  0.444305E-002 -0.155429E-003  0.137692E-002  0.138566E-002  0.120000E+002  0.200000E+001  0.100000E+001  0.500000E+000  0.300000E+000  0.200000E+001  0.100000E+001  0.100000E+001  0.244000E+002
  0.349364E+003  0.958953E+001  0.942478E+001 -0.376991E+001 -0.440484E-002 -0.140208E-003  0.440707E-002  0.137375E-002  0.437269E-004  0.137444E-002  0.120000E+002  0.200000E+001  0.100000E+001  0.500000E+000  0.300000E+000  0.200000E+001  0.100000E+001  0.100000E+001  0.248000E+002
  0.349364E+003  0.958953E+001  0.942478E+001 -0.376991E+001  0.213125E-003  0.436676E-002  0.437196E-002 -0.664677E-004 -0.136187E-002  0.136349E-002  0.120000E+002  0.200000E+001  0.100000E+001  0.500000E+000  0.300000E+000  0.200000E+001  0.100000E+001  0.100000E+001  0.252000E+002
  0.349364E+003  0.958953E+001  0.942478E+001 -0.376991E+001  0.430143E-002 -0.559535E-003  0.433767E-002 -0.134149E-002  0.174503E-003  0.135279E-002  0.120000E+002  0.200000E+001  0.100000E+001  0.500000E+000  0.300000E+000  0.200000E+001  0.100000E+001  0.100000E+001  0.256000E+002
  0.349364E+003  0.958953E+001  0.942478E+001 -0.376991E+001 -0.897003E-003 -0.420966E-002  0.430417E-002  0.279750E-003  0.131287E-002  0.134235E-002  0.120000E+002  0.200000E+001  0.100000E+001  0.500000E+000  0.300000E+000  0.200000E+001  0.100000E+001  0.100000E+001  0.260000E+002
  0.349364E+003  0.958953E+001  0.942478E+001 -0.376991E+001 -0.409243E-002  0.122359E-002  0.427144E-002  0.127631E-002 -0.381604E-003  0.133214E-002  0.120000E+002  0.200000E+001  0.100000E+001  0.500000E+000  0.300000E+000  0.200000E+001  0.100000E+001  0.100000E+001  0.264000E+002
  0.349364E+003  0.958953E+001  0.942478E+001 -0.376991E+001  0.153746E-002  0.395083E-002  0.423944E-002 -0.479490E-003 -0.123215E-002  0.132216E-002  0.120000E+002  0.200000E+001  0.100000E+001  0.500000E+000  0.300000E+000  0.200000E+001  0.100000E+001  0.100000E+001  0.268000E+002
  0.349364E+003  0.958953E+001  0.942478E+001 -0.376991E+001  0.378610E-002 -0.183685E-002  0.420815E-002 -0.118078E-002  0.572862E-003  0.131240E-002  0.120000E+002  0.200000E+001  0.100000E+001  0.500000E+000  0.300000E+000  0.200000E+001  0.100000E+001  0.100000E+001  0.272000E+002
  0.349364E+003  0.958953E+001  0.942478E+001 -0.376991E+001 -0.212014E-002 -0.359957E-002  0.417755E-002  0.661212E-003  0.112260E-002  0.130286E-002  0.120000E+002  0.200000E+001  0.100000E+001  0.500000E+000  0.300000E+000  0.200000E+001  0.100000E+001  0.100000E+001  0.276000E+002
  0.349364E+003  0.958953E+001  0.942478E+001 -0.376991E+001 -0.339272E-002  0.238580E-002  0.414760E-002  0.105809E-002 -0.744063E-003  0.129352E-002  0.120000E+002  0.200000E+001  0.100000E+001  0.500000E+000  0.300000E+000  0.200000E+001  0.100000E+001  0.100000E+001  0.280000E+002
  0.349364E+003  0.958953E+001  0.942478E+001 -0.376991E+001  0.263243E-002  0.316711E-002  0.411829E-002 -0.820981E-003 -0.987733E-003  0.128438E-002  0.120000E+002  0.200000E+001  0.100000E+001  0.500000E+000  0.300000E+000  0.200000E+001  0.100000E+001  0.100000E+001  0.284000E+002
  0.349364E+003  0.958953E+001  0.942478E+001 -0.376991E+001  0.292440E-002 -0.285878E-002  0.408959E-002 -0.912038E-003  0.891572E-003  0.127543E-002  0.120000E+002  0.200000E+001  0.100000E+001  0.500000E+000  0.300000E+000  0.200000E+001  0.100000E+001  0.100000E+001  0.288000E+002
  0.349364E+003  0.958953E+001  0.942478E+001 -0.376991E+001 -0.306372E-002 -0.266633E-002  0.406148E-002  0.955485E-003  0.831551E-003  0.126666E-002  0.120000E+002  0.200000E+001  0.100000E+001  0.500000E+000  0.300000E+000  0.200000E+001  0.100000E+001  0.100000E+001  0.292000E+002
  0.349364E+003  0.958953E+001  0.942478E+001 -0.376991E+001 -0.239470E-002  0.324625E-002  0.403395E-002  0.746839E-003 -0.101241E-002  0.125807E-002  0.120000E+002  0.200000E+001  0.100000E+001  0.500000E+000  0.300000E+000  0.200000E+001  0.100000E+001  0.100000E+001  0.296000E+002
  0.349364E+003  0.958953E+001  0.942478E+001 -0.376991E+001  0.340556E-002  0.211139E-002  0.400696E-002 -0.106210E-002 -0.658481E-003  0.124966E-002  0.120000E+002  0.200000E+001  0.100000E+001  0.500000E+000  0.300000E+000  0.200000E+001  0.100000E+001  0.100000E+001  0.300000E+002
  0.349364E+003  0.958953E+001  0.942478E+001 -0.376991E+001  0.181830E-002 -0.354094E-002  0.398052E-002 -0.567077E-003  0.110432E-002  0.124141E-002  0.120000E+002  0.200000E+001  0.100000E+001  0.500000E+000  0.300000E+000  0.200000E+001  0.100000E+001  0.100000E+001  0.304000E+002
  0.349364E+003  0.958953E+001  0.942478E+001 -0.376991E+001 -0.365188E-002 -0.151741E-002  0.395458E-002  0.113892E-002  0.473237E-003  0.123332E-002  0.120000E+002  0.200000E+001  0.100000E+001  0.500000E+000  0.300000E+000  0.200000E+001  0.100000E+001  0.100000E+001  0.308000E+002
  0.349364E+003  0.958953E+001  0.942478E+001 -0.376991E+001 -0.121067E-002  0.373798E-002  0.392915E-002  0.377574E-003 -0.116577E-002  0.122539E-002  0.120000E+002  0.200000E+001  0.100000E+001  0.500000E+000  0.300000E+000  0.200000E+001  0.100000E+001  0.100000E+001  0.312000E+002
  0.349364E+003  0.958953E+001  0.942478E+001 -0.376991E+001  0.379903E-002  0.900084E-003  0.390420E-002 -0.118481E-002 -0.280710E-003  0.121761E-002  0.120000E+002  0.200000E+001  0.100000E+001  0.500000E+000  0.300000E+000  0.200000E+001  0.100000E+001  0.100000E+001  0.316000E+002
  0.349364E+003  0.958953E+001  0.942478E+001 -0.376991E+001  0.587632E-003 -0.383497E-002  0.387973E-002 -0.183266E-003  0.119602E-002  0.120998E-002  0.120000E+002  0.200000E+001  0.100000E+001  0.500000E+000  0.300000E+000  0.200000E+001  0.100000E+001  0.100000E+001  0.320000E+002
  0.349364E+003  0.958953E+001  0.942478E+001 -0.376991E+001 -0.384586E-002 -0.275297E-003  0.385570E-002  0.119942E-002  0.858573E-004  0.120248E-002  0.120000E+002  0.200000E+001  0.100000E+001  0.500000E+000  0.300000E+000  0.200000E+001  0.100000E+001  0.100000E+001  0.324000E+002
  0.349364E+003  0.958953E+001  0.942478E+001 -0.376991E+001  0.349735E-004  0.383196E-002  0.383212E-002 -0.109072E-004 -0.119508E-002  0.119513E-002  0.120000E+002  0.200000E+001  0.100000E+001  0.500000E+000  0.300000E+000  0.200000E+001  0.100000E+001  0.100000E+001  0.328000E+002
  0.349364E+003  0.958953E+001  0.942478E+001 -0.376991E+001  0.379365E-002 -0.341258E-003  0.380897E-002 -0.118313E-002  0.106429E-003  0.118791E-002  0.120000E+002  0.200000E+001  0.100000E+001  0.500000E+000  0.300000E+000  0.200000E+001  0.100000E+001  0.100000E+001  0.332000E+002
  0.349364E+003  0.958953E+001  0.942478E+001 -0.376991E+001 -0.641684E-003 -0.373145E-002  0.378623E-002  0.200123E-003  0.116373E-002  0.118082E-002  0.120000E+002  0.200000E+001  0.100000E+001  0.500000E+000  0.300000E+000  0.200000E+001  0.100000E+001  0.100000E+001  0.336000E+002
  0.349364E+003  0.958953E+001  0.942478E+001 -0.376991E+001 -0.364605E-002  0.934440E-003  0.376389E-002  0.113710E-002 -0.291425E-003  0.117385E-002  0.120000E+002  0.200000E+001  0.100000E+001  0.500000E+000  0.300000E+000  0.200000E+001  0.100000E+001  0.100000E+001  0.340000E+002
  0.349364E+003  0.958953E+001  0.942478E+001 -0.376991E+001  0.121777E-002  0.353824E-002  0.374194E-002 -0.379788E-003 -0.110348E-002  0.116701E-002  0.120000E+002  0.200000E+001  0.100000E+001  0.500000E+000  0.300000E+000  0.200000E+001  0.100000E+001  0.100000E+001  0.344000E+002
  0.349364E+003  0.958953E+001  0.942478E+001 -0.376991E+001  0.340897E-002 -0.149001E-002  0.372037E-002 -0.106316E-002  0.464691E-003  0.116028E-002  0.120000E+002  0.200000E+001  0.100000E+001  0.500000E+000  0.300000E+000  0.200000E+001  0.100000E+001  0.100000E+001  0.348000E+002
  0.349364E+003  0.958953E+001  0.942478E+001 -0.376991E+001 -0.174957E-002 -0.325928E-002  0.369917E-002  0.545641E-003  0.101648E-002  0.115367E-002  0.120000E+002  0.200000E+001  0.100000E+001  0.500000E+000  0.300000E+000  0.200000E+001  0.100000E+001  0.100000E+001  0.352000E+002
  0.349364E+003  0.958953E+001  0.942478E+001 -0.376991E+001 -0.309035E-002  0.199496E-002  0.367833E-002  0.963793E-003 -0.622171E-003  0.114717E-002  0.120000E+002  0.200000E+001  0.100000E+001  0.500000E+000  0.300000E+000  0.200000E+001  0.100000E+001  0.100000E+001  0.356000E+002
  0.349364E+003  0.958953E+001  0.942478E+001 -0.376991E+001  0.222480E-002  0.290346E-002  0.365784E-002 -0.693850E-003 -0.905507E-003  0.114078E-002  0.120000E+002  0.200000E+001  0.100000E+001  0.500000E+000  0.300000E+000  0.200000E+001  0.100000E+001  0.100000E+001  0.360000E+002
  0.349364E+003  0.958953E+001  0.942478E+001 -0.376991E+001  0.269999E-002 -0.243780E-002  0.363769E-002 -0.842049E-003  0.760279E-003  0.113449E-002  0.120000E+002  0.200000E+001  0.100000E+001  0.500000E+000  0.300000E+000  0.200000E+001  0.100000E+001  0.100000E+001  0.364000E+002
  0.349364E+003  0.958953E+001  0.942478E+001 -0.376991E+001 -0.263281E-002 -0.248138E-002  0.361786E-002  0.821098E-003  0.773874E-003  0.112831E-002  0.120000E+002  0.200000E+001  0.100000E+001  0.500000E+000  0.300000E+000  0.200000E+001  0.100000E+001  0.100000E+001  0.368000E+002
  0.349364E+003  0.958953E+001  0.942478E+001 -0.376991E+001 -0.224920E-002  0.280879E-002  0.359836E-002  0.701461E-003 -0.875982E-003  0.112223E-002  0.120000E+002  0.200000E+001  0.100000E+001  0.500000E+000  0.300000E+000  0.200000E+001  0.100000E+001  0.100000E+001  0.372000E+002
  0.349364E+003  0.958953E+001  0.942478E+001 -0.376991E+001  0.296484E-002  0.200504E-002  0.357917E-002 -0.924648E-003 -0.625316E-003  0.111624E-002  0.120000E+002  0.200000E+001  0.100000E+001  0.500000E+000  0.300000E+000  0.200000E+001  0.100000E+001  0.100000E+001  0.376000E+002
  0.349364E+003  0.958953E+001  0.942478E+001 -0.376991E+001  0.175058E-002 -0.310017E-002  0.356028E-002 -0.545956E-003  0.966856E-003  0.111035E-002  0.120000E+002  0.200000E+001  0.100000E+001  0.500000E+000  0.300000E+000  0.200000E+001  0.100000E+001  0.100000E+001  0.380000E+002
  0.349364E+003  0.958953E+001  0.942478E+001 -0.376991E+001 -0.321416E-002 -0.148752E-002  0.354169E-002  0.100241E-002  0.463916E-003  0.110455E-002  0.120000E+002  0.200000E+001  0.100000E+001  0.500000E+000  0.300000E+000  0.200000E+001  0.100000E+001  0.100000E+001  0.384000E+002
  0.349364E+003  0.958953E+001  0.942478E+001 -0.376991E+001 -0.121763E-002  0.330630E-002  0.352339E-002  0.379745E-003 -0.103114E-002  0.109884E-002  0.120000E+002  0.200000E+001  0.100000E+001  0.500000E+000  0.300000E+000  0.200000E+001  0.100000E+001  0.100000E+001  0.388000E+002
  0.349364E+003  0.958953E+001  0.942478E+001 -0.376991E+001  0.337623E-002  0.942676E-003  0.350536E-002 -0.105295E-002 -0.293994E-003  0.109322E-002  0.120000E+002  0.200000E+001  0.100000E+001  0.500000E+000  0.300000E+000  0.200000E+001  0.100000E+001  0.100000E+001  0.392000E+002
  0.349364E+003  0.958953E+001  0.942478E+001 -0.376991E+001  0.664449E-003 -0.342374E-002  0.348762E-002 -0.207223E-003  0.106777E-002  0.108769E-002  0.120000E+002  0.200000E+001  0.100000E+001  0.500000E+000  0.300000E+000  0.200000E+001  0.100000E+001  0.100000E+001  0.396000E+002
  0.349364E+003  0.958953E+001  0.942478E+001 -0.376991E+001 -0.344874E-002 -0.384745E-003  0.347013E-002  0.107556E-002  0.119991E-003  0.108224E-002  0.120000E+002  0.200000E+001  0.100000E+001  0.500000E+000  0.300000E+000  0.200000E+001  0.100000E+001  0.100000E+001  0.400000E+002
  0.349364E+003  0.958953E+001  0.942478E+001 -0.376991E+001 -0.105346E-003  0.345130E-002  0.345291E-002  0.328545E-004 -0.107636E-002  0.107686E-002  0.120000E+002  0.200000E+001  0.100000E+001  0.500000E+000  0.300000E+000  0.200000E+001  0.100000E+001  0.100000E+001  0.404000E+002
  0.349364E+003  0.958953E+001  0.942478E+001 -0.376991E+001  0.343164E-002 -0.171975E-003  0.343594E-002 -0.107023E-002  0.536341E-004  0.107157E-002  0.120000E+002  0.200000E+001  0.100000E+001  0.500000E+000  0.300000E+000  0.200000E+001  0.100000E+001  0.100000E+001  0.408000E+002
  0.349364E+003  0.958953E+001  0.942478E+001 -0.376991E+001 -0.445484E-003 -0.339008E-002  0.341922E-002  0.138934E-003  0.105727E-002  0.106636E-002  0.120000E+002  0.200000E+001  0.100000E+001  0.500000E+000  0.300000E+000  0.200000E+001  0.100000E+001  0.100000E+001  0.412000E+002
  0.349364E+003  0.958953E+001  0.942478E+001 -0.376991E+001 -0.332710E-002  0.713486E-003  0.340275E-002  0.103763E-002 -0.222516E-003  0.106122E-002  0.120000E+002  0.200000E+001  0.100000E+001  0.500000E+000  0.300000E+000  0.200000E+001  0.100000E+001  0.100000E+001  0.416000E+002
  0.349364E+003  0.958953E+001  0.942478E+001 -0.376991E+001  0.974328E-003  0.324331E-002  0.338650E-002 -0.303865E-003 -0.101150E-002  0.105615E-002  0.120000E+002  0.200000E+001  0.100000E+001  0.500000E+000  0.300000E+000  0.200000E+001  0.100000E+001  0.100000E+001  0.420000E+002
  0.349364E+003  0.958953E+001  0.942478E+001 -0.376991E+001  0.313944E-002 -0.122643E-002  0.337049E-002 -0.979102E-003  0.382488E-003  0.105116E-002  0.120000E+002  0.200000E+001  0.100000E+001  0.500000E+000  0.300000E+000  0.200000E+001  0.100000E+001  0.100000E+001  0.424000E+002
  0.349364E+003  0.958953E+001  0.942478E+001 -0.376991E+001 -0.146826E-002 -0.301633E-002  0.335470E-002  0.457909E-003  0.940708E-003  0.104624E-002  0.120000E+002  0.200000E+001  0.100000E+001  0.500000E+000  0.300000E+000  0.200000E+001  0.100000E+001  0.100000E+001  0.428000E+002
  0.349364E+003  0.958953E+001  0.942478E+001 -0.376991E+001 -0.287494E-002  0.169839E-002  0.333914E-002  0.896613E-003 -0.529680E-003  0.104138E-002  0.120000E+002  0.200000E+001  0.100000E+001  0.500000E+000  0.300000E+000  0.200000E+001  0.100000E+001  0.100000E+001  0.432000E+002
  0.349364E+003  0.958953E+001  0.942478E+001 -0.376991E+001  0.191547E-002  0.271635E-002  0.332379E-002 -0.597380E-003 -0.847151E-003  0.103659E-002  0.120000E+002  0.200000E+001  0.100000E+001  0.500000E+000  0.300000E+000  0.200000E+001  0.100000E+001  0.100000E+001  0.436000E+002
  0.349364E+003  0.958953E+001  0.942478E+001 -0.376991E+001  0.254170E-002 -0.211822E-002  0.330864E-002 -0.792685E-003  0.660613E-003  0.103187E-002  0.120000E+002  0.200000E+001  0.100000E+001  0.500000E+000  0.300000E+000  0.200000E+001  0.100000E+001  0.100000E+001  0.440000E+002
  0.349364E+003  0.958953E+001  0.942478E+001 -0.376991E+001 -0.230550E-002 -0.235227E-002  0.329370E-002  0.719019E-003  0.733606E-003  0.102721E-002  0.120000E+002  0.200000E+001  0.100000E+001  0.500000E+000  0.300000E+000  0.200000E+001  0.100000E+001  0.100000E+001  0.444000E+002
  0.349364E+003  0.958953E+001  0.942478E+001 -0.376991E+001 -0.214938E-002  0.247624E-002  0.327897E-002  0.670331E-003 -0.772270E-003  0.102262E-002  0.120000E+002  0.200000E+001  0.100000E+001  0.500000E+000  0.300000E+000  0.200000E+001  0.100000E+001  0.100000E+001  0.448000E+002
  0.349364E+003  0.958953E+001  0.942478E+001 -0.376991E+001  0.262952E-002  0.193445E-002  0.326443E-002 -0.820072E-003 -0.603301E-003  0.101808E-002  0.120000E+002  0.200000E+001  0.100000E+001  0.500000E+000  0.300000E+000  0.200000E+001  0.100000E+001  0.100000E+001  0.452000E+002
  0.349364E+003  0.958953E+001  0.942478E+001 -0.376991E+001  0.170895E-002 -0.276450E-002  0.325008E-002 -0.532974E-003  0.862170E-003  0.101361E-002  0.120000E+002  0.200000E+001  0.100000E+001  0.500000E+000  0.300000E+000  0.200000E+001  0.100000E+001  0.100000E+001  0.456000E+002
  0.349364E+003  0.958953E+001  0.942478E+001 -0.376991E+001 -0.288050E-002 -0.147441E-002  0.323592E-002  0.898345E-003  0.459827E-003  0.100919E-002  0.120000E+002  0.200000E+001  0.100000E+001  0.500000E+000  0.300000E+000  0.200000E+001  0.100000E+001  0.100000E+001  0.460000E+002
  0.349364E+003  0.958953E+001  0.942478E+001 -0.376991E+001 -0.123240E-002  0.297692E-002  0.322194E-002  0.384351E-003 -0.928418E-003  0.100483E-002  0.120000E+002  0.200000E+001  0.100000E+001  0.500000E+000  0.300000E+000  0.200000E+001  0.100000E+001  0.100000E+001  0.464000E+002
  0.349364E+003  0.958953E+001  0.942478E+001 -0.376991E+001  0.305334E-002  0.984524E-003  0.320814E-002 -0.952249E-003 -0.307045E-003  0.100053E-002  0.120000E+002  0.200000E+001  0.100000E+001  0.500000E+000  0.300000E+000  0.200000E+001  0.100000E+001  0.100000E+001  0.468000E+002
  0.349364E+003  0.958953E+001  0.942478E+001 -0.376991E+001  0.732413E-003 -0.310942E-002  0.319452E-002 -0.228419E-003  0.969740E-003  0.996279E-003  0.120000E+002  0.200000E+001  0.100000E+001  0.500000E+000  0.300000E+000  0.200000E+001  0.100000E+001  0.100000E+001  0.472000E+002
  0.349364E+003  0.958953E+001  0.942478E+001 -0.376991E+001 -0.314499E-002 -0.477709E-003  0.318107E-002  0.980834E-003  0.148984E-003  0.992084E-003  0.120000E+002  0.200000E+001  0.100000E+001  0.500000E+000  0.300000E+000  0.200000E+001  0.100000E+001  0.100000E+001  0.476000E+002
  0.349364E+003  0.958953E+001  0.942478E+001 -0.376991E+001 -0.222054E-003  0.315999E-002  0.316778E-002  0.692525E-004 -0.985511E-003  0.987942E-003  0.120000E+002  0.200000E+001  0.100000E+001  0.500000E+000  0.300000E+000  0.200000E+001  0.100000E+001  0.100000E+001  0.480000E+002
  0.349364E+003  0.958953E+001  0.942478E+001 -0.376991E+001  0.315449E-002 -0.329078E-004  0.315467E-002 -0.983797E-003  0.102630E-004  0.983851E-003  0.120000E+002  0.200000E+001  0.100000E+001  0.500000E+000  0.300000E+000  0.200000E+001  0.100000E+001  0.100000E+001  0.484000E+002
  0.349364E+003  0.958953E+001  0.942478E+001 -0.376991E+001 -0.285561E-003 -0.312871E-002  0.314171E-002  0.890584E-004  0.975754E-003  0.979810E-003  0.120000E+002  0.200000E+001  0.100000E+001  0.500000E+000  0.300000E+000  0.200000E+001  0.100000E+001  0.100000E+001  0.488000E+002
  0.349364E+003  0.958953E+001  0.942478E+001 -0.376991E+001 -0.308296E-002  0.534309E-003  0.312891E-002  0.961486E-003 -0.166636E-003  0.975819E-003  0.120000E+002  0.200000E+001  0.100000E+001  0.500000E+000  0.300000E+000  0.200000E+001  0.100000E+001  0.100000E+001  0.492000E+002
  0.349364E+003  0.958953E+001  0.942478E+001 -0.376991E+001  0.777597E-003  0.301770E-002  0.311627E-002 -0.242511E-003 -0.941134E-003  0.971877E-003  0.120000E+002  0.200000E+001  0.100000E+001  0.500000E+000  0.300000E+000  0.200000E+001  0.100000E+001  0.100000E+001  0.496000E+002
  0.349364E+003  0.958953E+001  0.942478E+001 -0.376991E+001  0.293350E-002 -0.101392E-002  0.310378E-002 -0.914875E-003  0.316212E-003  0.967981E-003  0.120000E+002  0.200000E+001  0.100000E+001  0.500000E+000  0.300000E+000  0.200000E+001  0.100000E+001  0.100000E+001  0.500000E+002
  0.349364E+003  0.958953E+001  0.942478E+001 -0.376991E+001 -0.124182E-002 -0.283106E-002  0.309144E-002  0.387287E-003  0.882927E-003  0.964132E-003  0.120000E+002  0.200000E+001  0.100000E+001  0.500000E+000  0.300000E+000  0.200000E+001  0.100000E+001  0.100000E+001  0.504000E+002
  0.349364E+003  0.958953E+001  0.942478E+001 -0.376991E+001 -0.271117E-002  0.145990E-002  0.307924E-002  0.845536E-003 -0.455303E-003  0.960329E-003  0.120000E+002  0.200000E+001  0.100000E+001  0.500000E+000  0.300000E+000  0.200000E+001  0.100000E+001  0.100000E+001  0.508000E+002
  0.349364E+003  0.958953E+001  0.942478E+001 -0.376991E+001  0.166687E-002  0.257473E-002  0.306719E-002 -0.519848E-003 -0.802985E-003  0.956570E-003  0.120000E+002  0.200000E+001  0.100000E+001  0.500000E+000  0.300000E+000  0.200000E+001  0.100000E+001  0.100000E+001  0.512000E+002
  0.349364E+003  0.958953E+001  0.942478E+001 -0.376991E+001  0.242275E-002 -0.186146E-002  0.305528E-002 -0.755585E-003  0.580538E-003  0.952856E-003  0.120000E+002  0.200000E+001  0.100000E+001  0.500000E+000  0.300000E+000  0.200000E+001  0.100000E+001  0.100000E+001  0.516000E+002
  0.349364E+003  0.958953E+001  0.942478E+001 -0.376991E+001 -0.204255E-002 -0.225631E-002  0.304351E-002  0.637014E-003  0.703677E-003  0.949183E-003  0.120000E+002  0.200000E+001  0.100000E+001  0.500000E+000  0.300000E+000  0.200000E+001  0.100000E+001  0.100000E+001  0.520000E+002
  0.349364E+003  0.958953E+001  0.942478E+001 -0.376991E+001 -0.207659E-002  0.220908E-002  0.303187E-002  0.647628E-003 -0.688948E-003  0.945554E-003  0.120000E+002  0.200000E+001  0.100000E+001  0.500000E+000  0.300000E+000  0.200000E+001  0.100000E+001  0.100000E+001  0.524000E+002
  0.349364E+003  0.958953E+001  0.942478E+001 -0.376991E+001  0.236008E-002  0.188484E-002  0.302036E-002 -0.736042E-003 -0.587827E-003  0.941966E-003  0.120000E+002  0.200000E+001  0.100000E+001  0.500000E+000  0.300000E+000  0.200000E+001  0.100000E+001  0.100000E+001  0.528000E+002
  0.349364E+003  0.958953E+001  0.942478E+001 -0.376991E+001  0.168237E-002 -0.249472E-002  0.300899E-002 -0.524684E-003  0.778032E-003  0.938417E-003  0.120000E+002  0.200000E+001  0.100000E+001  0.500000E+000  0.300000E+000  0.200000E+001  0.100000E+001  0.100000E+001  0.532000E+002
  0.349364E+003  0.958953E+001  0.942478E+001 -0.376991E+001 -0.261225E-002 -0.147057E-002  0.299774E-002  0.814687E-003  0.458629E-003  0.934909E-003  0.120000E+002  0.200000E+001  0.100000E+001  0.500000E+000  0.300000E+000  0.200000E+001  0.100000E+001  0.100000E+001  0.536000E+002
  0.349364E+003  0.958953E+001  0.942478E+001 -0.376991E+001 -0.125085E-002  0.271205E-002  0.298661E-002  0.390106E-003 -0.845813E-003  0.931440E-003  0.120000E+002  0.200000E+001  0.100000E+001  0.500000E+000  0.300000E+000  0.200000E+001  0.100000E+001  0.100000E+001  0.540000E+002
  0.349364E+003  0.958953E+001  0.942478E+001 -0.376991E+001  0.279362E-002  0.102468E-002  0.297561E-002 -0.871250E-003 -0.319570E-003  0.928009E-003  0.120000E+002  0.200000E+001  0.100000E+001  0.500000E+000  0.300000E+000  0.200000E+001  0.100000E+001  0.100000E+001  0.544000E+002
  0.349364E+003  0.958953E+001  0.942478E+001 -0.376991E+001  0.793561E-003 -0.285656E-002  0.296473E-002 -0.247489E-003  0.890879E-003  0.924617E-003  0.120000E+002  0.200000E+001  0.100000E+001  0.500000E+000  0.300000E+000  0.200000E+001  0.100000E+001  0.100000E+001  0.548000E+002
  0.349364E+003  0.958953E+001  0.942478E+001 -0.376991E+001 -0.290060E-002 -0.558996E-003  0.295397E-002  0.904615E-003  0.174335E-003  0.921260E-003  0.120000E+002  0.200000E+001  0.100000E+001  0.500000E+000  0.300000E+000  0.200000E+001  0.100000E+001  0.100000E+001  0.552000E+002
  0.349364E+003  0.958953E+001  0.942478E+001 -0.376991E+001 -0.322518E-003  0.292561E-002  0.294333E-002  0.100584E-003 -0.912413E-003  0.917940E-003  0.120000E+002  0.200000E+001  0.100000E+001  0.500000E+000  0.300000E+000  0.200000E+001  0.100000E+001  0.100000E+001  0.556000E+002
  0.349364E+003  0.958953E+001  0.942478E+001 -0.376991E+001  0.293155E-002  0.856530E-004  0.293280E-002 -0.914266E-003 -0.267128E-004  0.914656E-003  0.120000E+002  0.200000E+001  0.100000E+001  0.500000E+000  0.300000E+000  0.200000E+001  0.100000E+001  0.100000E+001  0.560000E+002
  0.349364E+003  0.958953E+001  0.942478E+001 -0.376991E+001 -0.150080E-003 -0.291852E-002  0.292238E-002  0.468057E-004  0.910204E-003  0.911407E-003  0.120000E+002  0.200000E+001  0.100000E+001  0.500000E+000  0.300000E+000  0.200000E+001  0.100000E+001  0.100000E+001  0.564000E+002
  0.349364E+003  0.958953E+001  0.942478E+001 -0.376991E+001 -0.288675E-002  0.383177E-003  0.291207E-002  0.900296E-003 -0.119502E-003  0.908192E-003  0.120000E+002  0.200000E+001  0.100000E+001  0.500000E+000  0.300000E+000  0.200000E+001  0.100000E+001  0.100000E+001  0.568000E+002
  0.349364E+003  0.958953E+001  0.942478E+001 -0.376991E+001  0.612164E-003  0.283657E-002  0.290187E-002 -0.190917E-003 -0.884645E-003  0.905011E-003  0.120000E+002  0.200000E+001  0.100000E+001  0.500000E+000  0.300000E+000  0.200000E+001  0.100000E+001  0.100000E+001  0.572000E+002
  0.349364E+003  0.958953E+001  0.942478E+001 -0.376991E+001  0.276842E-002 -0.835605E-003  0.289178E-002 -0.863391E-003  0.260602E-003  0.901863E-003  0.120000E+002  0.200000E+001  0.100000E+001  0.500000E+000  0.300000E+000  0.200000E+001  0.100000E+001  0.100000E+001  0.576000E+002
  0.349364E+003  0.958953E+001  0.942478E+001 -0.376991E+001 -0.105210E-002 -0.268287E-002  0.288179E-002  0.328121E-003  0.836710E-003  0.898748E-003  0.120000E+002  0.200000E+001  0.100000E+001  0.500000E+000  0.300000E+000  0.200000E+001  0.100000E+001  0.100000E+001  0.580000E+002
  0.349364E+003  0.958953E+001  0.942478E+001 -0.376991E+001 -0.258058E-002  0.126032E-002  0.287190E-002  0.804810E-003 -0.393059E-003  0.895665E-003  0.120000E+002  0.200000E+001  0.100000E+001  0.500000E+000  0.300000E+000  0.200000E+001  0.100000E+001  0.100000E+001  0.584000E+002
  0.349364E+003  0.958953E+001  0.942478E+001 -0.376991E+001  0.145898E-002  0.246234E-002  0.286212E-002 -0.455014E-003 -0.767932E-003  0.892613E-003  0.120000E+002  0.200000E+001  0.100000E+001  0.500000E+000  0.300000E+000  0.200000E+001  0.100000E+001  0.100000E+001  0.588000E+002
  0.349364E+003  0.958953E+001  0.942478E+001 -0.376991E+001  0.232899E-002 -0.164687E-002  0.285243E-002 -0.726345E-003  0.513612E-003  0.889592E-003  0.120000E+002  0.200000E+001  0.100000E+001  0.500000E+000  0.300000E+000  0.200000E+001  0.100000E+001  0.100000E+001  0.592000E+002
  0.349364E+003  0.958953E+001  0.942478E+001 -0.376991E+001 -0.182286E-002 -0.218150E-002  0.284284E-002  0.568499E-003  0.680347E-003  0.886602E-003  0.120000E+002  0.200000E+001  0.100000E+001  0.500000E+000  0.300000E+000  0.200000E+001  0.100000E+001  0.100000E+001  0.596000E+002
  0.349364E+003  0.958953E+001  0.942478E+001 -0.376991E+001 -0.202091E-002  0.198590E-002  0.283335E-002  0.630264E-003 -0.619347E-003  0.883642E-003  0.120000E+002  0.200000E+001  0.100000E+001  0.500000E+000  0.300000E+000  0.200000E+001  0.100000E+001  0.100000E+001  0.600000E+002
  0.349364E+003  0.958953E+001  0.942478E+001 -0.376991E+001  0.213504E-002  0.184833E-002  0.282395E-002 -0.665857E-003 -0.576443E-003  0.880711E-003  0.120000E+002  0.200000E+001  0.100000E+001  0.500000E+000  0.300000E+000  0.200000E+001  0.100000E+001  0.100000E+001  0.604000E+002
  0.349364E+003  0.958953E+001  0.942478E+001 -0.376991E+001  0.166496E-002 -0.226940E-002  0.281465E-002 -0.519254E-003  0.707760E-003  0.877809E-003  0.120000E+002  0.200000E+001  0.100000E+001  0.500000E+000  0.300000E+000  0.200000E+001  0.100000E+001  0.100000E+001  0.608000E+002
  0.349364E+003  0.958953E+001  0.942478E+001 -0.376991E+001 -0.238822E-002 -0.147204E-002  0.280544E-002  0.744817E-003  0.459087E-003  0.874936E-003  0.120000E+002  0.200000E+001  0.100000E+001  0.500000E+000  0.300000E+000  0.200000E+001  0.100000E+001  0.100000E+001  0.612000E+002
  0.349364E+003  0.958953E+001  0.942478E+001 -0.376991E+001 -0.127086E-002  0.249084E-002  0.279631E-002  0.396346E-003 -0.776822E-003  0.872091E-003  0.120000E+002  0.200000E+001  0.100000E+001  0.500000E+000  0.300000E+000  0.200000E+001  0.100000E+001  0.100000E+001  0.616000E+002
  0.349364E+003  0.958953E+001  0.942478E+001 -0.376991E+001  0.257671E-002  0.106278E-002  0.278728E-002 -0.803601E-003 -0.331451E-003  0.869273E-003  0.120000E+002  0.200000E+001  0.100000E+001  0.500000E+000  0.300000E+000  0.200000E+001  0.100000E+001  0.100000E+001  0.620000E+002
  0.349364E+003  0.958953E+001  0.942478E+001 -0.376991E+001  0.849172E-003 -0.264538E-002  0.277833E-002 -0.264833E-003  0.825018E-003  0.866482E-003  0.120000E+002  0.200000E+001  0.100000E+001  0.500000E+000  0.300000E+000  0.200000E+001  0.100000E+001  0.100000E+001  0.624000E+002
  0.349364E+003  0.958953E+001  0.942478E+001 -0.376991E+001 -0.269652E-002 -0.631442E-003  0.276947E-002  0.840968E-003  0.196929E-003  0.863718E-003  0.120000E+002  0.200000E+001  0.100000E+001  0.500000E+000  0.300000E+000  0.200000E+001  0.100000E+001  0.100000E+001  0.628000E+002
  0.349364E+003  0.958953E+001  0.942478E+001 -0.376991E+001 -0.411016E-003  0.272992E-002  0.276069E-002  0.128184E-003 -0.851385E-003  0.860981E-003  0.120000E+002  0.200000E+001  0.100000E+001  0.500000E+000  0.300000E+000  0.200000E+001  0.100000E+001  0.100000E+001  0.632000E+002
  0.349364E+003  0.958953E+001  0.942478E+001 -0.376991E+001  0.274547E-002  0.189326E-003  0.275199E-002 -0.856236E-003 -0.590455E-004  0.858269E-003  0.120000E+002  0.200000E+001  0.100000E+001  0.500000E+000  0.300000E+000  0.200000E+001  0.100000E+001  0.100000E+001  0.636000E+002
  0.349364E+003  0.958953E+001  0.942478E+001 -0.376991E+001 -0.321983E-004 -0.274319E-002  0.274338E-002  0.100417E-004  0.855524E-003  0.855582E-003  0.120000E+002  0.200000E+001  0.100000E+001  0.500000E+000  0.300000E+000  0.200000E+001  0.100000E+001  0.100000E+001  0.640000E+002
  0.349364E+003  0.958953E+001  0.942478E+001 -0.376991E+001 -0.272320E-002  0.252133E-003  0.273485E-002  0.849289E-003 -0.786332E-004  0.852921E-003  0.120000E+002  0.200000E+001  0.100000E+001  0.500000E+000  0.300000E+000  0.200000E+001  0.100000E+001  0.100000E+001  0.644000E+002
  0.349364E+003  0.958953E+001  0.942478E+001 -0.376991E+001  0.469078E-003  0.268574E-002  0.272639E-002 -0.146292E-003 -0.837606E-003  0.850285E-003  0.120000E+002  0.200000E+001  0.100000E+001  0.500000E+000  0.300000E+000  0.200000E+001  0.100000E+001  0.100000E+001  0.648000E+002
  0.349364E+003  0.958953E+001  0.942478E+001 -0.376991E+001  0.263115E-002 -0.681657E-003  0.271802E-002 -0.820582E-003  0.212589E-003  0.847672E-003  0.120000E+002  0.200000E+001  0.100000E+001  0.500000E+000  0.300000E+000  0.200000E+001  0.100000E+001  0.100000E+001  0.652000E+002
  0.349364E+003  0.958953E+001  0.942478E+001 -0.376991E+001 -0.888531E-003 -0.255990E-002  0.270972E-002  0.277107E-003  0.798360E-003  0.845084E-003  0.120000E+002  0.200000E+001  0.100000E+001  0.500000E+000  0.300000E+000  0.200000E+001  0.100000E+001  0.100000E+001  0.656000E+002
  0.349364E+003  0.958953E+001  0.942478E+001 -0.376991E+001 -0.247254E-002  0.108841E-002  0.270150E-002  0.771114E-003 -0.339443E-003  0.842519E-003  0.120000E+002  0.200000E+001  0.100000E+001  0.500000E+000  0.300000E+000  0.200000E+001  0.100000E+001  0.100000E+001  0.660000E+002
  0.349364E+003  0.958953E+001  0.942478E+001 -0.376991E+001  0.128004E-002  0.236973E-002  0.269335E-002 -0.399208E-003 -0.739051E-003  0.839978E-003  0.120000E+002  0.200000E+001  0.100000E+001  0.500000E+000  0.300000E+000  0.200000E+001  0.100000E+001  0.100000E+001  0.664000E+002
  0.349364E+003  0.958953E+001  0.942478E+001 -0.376991E+001  0.225222E-002 -0.146225E-002  0.268527E-002 -0.702404E-003  0.456034E-003  0.837459E-003  0.120000E+002  0.200000E+001  0.100000E+001  0.500000E+000  0.300000E+000  0.200000E+001  0.100000E+001  0.100000E+001  0.668000E+002
  0.349364E+003  0.958953E+001  0.942478E+001 -0.376991E+001 -0.163392E-002 -0.212086E-002  0.267727E-002  0.509574E-003  0.661436E-003  0.834963E-003  0.120000E+002  0.200000E+001  0.100000E+001  0.500000E+000  0.300000E+000  0.200000E+001  0.100000E+001  0.100000E+001  0.672000E+002
  0.349364E+003  0.958953E+001  0.942478E+001 -0.376991E+001 -0.197657E-002  0.179402E-002  0.266933E-002  0.616436E-003 -0.559503E-003  0.832489E-003  0.120000E+002  0.200000E+001  0.100000E+001  0.500000E+000  0.300000E+000  0.200000E+001  0.100000E+001  0.100000E+001  0.676000E+002
  0.349364E+003  0.958953E+001  0.942478E+001 -0.376991E+001  0.194158E-002  0.182036E-002  0.266147E-002 -0.605522E-003 -0.567719E-003  0.830037E-003  0.120000E+002  0.200000E+001  0.100000E+001  0.500000E+000  0.300000E+000  0.200000E+001  0.100000E+001  0.100000E+001  0.680000E+002
  0.349364E+003  0.958953E+001  0.942478E+001 -0.376991E+001  0.165330E-002 -0.207572E-002  0.265368E-002 -0.515618E-003  0.647357E-003  0.827606E-003  0.120000E+002  0.200000E+001  0.100000E+001  0.500000E+000  0.300000E+000  0.200000E+001  0.100000E+001  0.100000E+001  0.684000E+002
  0.349364E+003  0.958953E+001  0.942478E+001 -0.376991E+001 -0.219566E-002 -0.147653E-002  0.264595E-002  0.684764E-003  0.460488E-003  0.825197E-003  0.120000E+002  0.200000E+001  0.100000E+001  0.500000E+000  0.300000E+000  0.200000E+001  0.100000E+001  0.100000E+001  0.688000E+002
  0.349364E+003  0.958953E+001  0.942478E+001 -0.376991E+001 -0.129124E-002  0.230072E-002  0.263829E-002  0.402701E-003 -0.717528E-003  0.822809E-003  0.120000E+002  0.200000E+001  0.100000E+001  0.500000E+000  0.300000E+000  0.200000E+001  0.100000E+001  0.100000E+001  0.692000E+002
  0.349364E+003  0.958953E+001  0.942478E+001 -0.376991E+001  0.239029E-002  0.109867E-002  0.263070E-002 -0.745465E-003 -0.342644E-003  0.820441E-003  0.120000E+002  0.200000E+001  0.100000E+001  0.500000E+000  0.300000E+000  0.200000E+001  0.100000E+001  0.100000E+001  0.696000E+002
  0.349364E+003  0.958953E+001  0.942478E+001 -0.376991E+001  0.900103E-003 -0.246391E-002  0.262317E-002 -0.280716E-003  0.768424E-003  0.818093E-003  0.120000E+002  0.200000E+001  0.100000E+001  0.500000E+000  0.300000E+000  0.200000E+001  0.100000E+001  0.100000E+001  0.700000E+002
  0.349364E+003  0.958953E+001  0.942478E+001 -0.376991E+001 -0.252118E-002 -0.696849E-003  0.261571E-002  0.786284E-003  0.217327E-003  0.815766E-003  0.120000E+002  0.200000E+001  0.100000E+001  0.500000E+000  0.300000E+000  0.200000E+001  0.100000E+001  0.100000E+001  0.704000E+002
  0.349364E+003  0.958953E+001  0.942478E+001 -0.376991E+001 -0.490242E-003  0.256183E-002  0.260831E-002  0.152893E-003 -0.798961E-003  0.813458E-003  0.120000E+002  0.200000E+001  0.100000E+001  0.500000E+000  0.300000E+000  0.200000E+001  0.100000E+001  0.100000E+001  0.708000E+002
  0.349364E+003  0.958953E+001  0.942478E+001 -0.376991E+001  0.258568E-002  0.281630E-003  0.260097E-002 -0.806401E-003 -0.878325E-004  0.811170E-003  0.120000E+002  0.200000E+001  0.100000E+001  0.500000E+000  0.300000E+000  0.200000E+001  0.100000E+001  0.100000E+001  0.712000E+002
  0.349364E+003  0.958953E+001  0.942478E+001 -0.376991E+001  0.723664E-004 -0.259269E-002  0.259370E-002 -0.225690E-004  0.808586E-003  0.808901E-003  0.120000E+002  0.200000E+001  0.100000E+001  0.500000E+000  0.300000E+000  0.200000E+001  0.100000E+001  0.100000E+001  0.716000E+002
  0.349364E+003  0.958953E+001  0.942478E+001 -0.376991E+001 -0.258290E-002  0.136202E-003  0.258648E-002  0.805532E-003 -0.424774E-004  0.806651E-003  0.120000E+002  0.200000E+001  0.100000E+001  0.500000E+000  0.300000E+000  0.200000E+001  0.100000E+001  0.100000E+001  0.720000E+002
  0.349364E+003  0.958953E+001  0.942478E+001 -0.376991E+001  0.342731E-003  0.255646E-002  0.257933E-002 -0.106888E-003 -0.797286E-003  0.804419E-003  0.120000E+002  0.200000E+001  0.100000E+001  0.500000E+000  0.300000E+000  0.200000E+001  0.100000E+001  0.100000E+001  0.724000E+002
  0.349364E+003  0.958953E+001  0.942478E+001 -0.376991E+001  0.251364E-002 -0.545907E-003  0.257223E-002 -0.783932E-003  0.170253E-003  0.802207E-003  0.120000E+002  0.200000E+001  0.100000E+001  0.500000E+000  0.300000E+000  0.200000E+001  0.100000E+001  0.100000E+001  0.728000E+002
  0.349364E+003  0.958953E+001  0.942478E+001 -0.376991E+001 -0.744441E-003 -0.245480E-002  0.256520E-002  0.232170E-003  0.765582E-003  0.800012E-003  0.120000E+002  0.200000E+001  0.100000E+001  0.500000E+000  0.300000E+000  0.200000E+001  0.100000E+001  0.100000E+001  0.732000E+002
  0.349364E+003  0.958953E+001  0.942478E+001 -0.376991E+001 -0.238041E-002  0.937078E-003  0.255822E-002  0.742382E-003 -0.292248E-003  0.797835E-003  0.120000E+002  0.200000E+001  0.100000E+001  0.500000E+000  0.300000E+000  0.200000E+001  0.100000E+001  0.100000E+001  0.736000E+002
  0.349364E+003  0.958953E+001  0.942478E+001 -0.376991E+001  0.112262E-002  0.229103E-002  0.255129E-002 -0.350112E-003 -0.714508E-003  0.795675E-003  0.120000E+002  0.200000E+001  0.100000E+001  0.500000E+000  0.300000E+000  0.200000E+001  0.100000E+001  0.100000E+001  0.740000E+002
  0.349364E+003  0.958953E+001  0.942478E+001 -0.376991E+001  0.218732E-002 -0.129989E-002  0.254443E-002 -0.682164E-003  0.405399E-003  0.793534E-003  0.120000E+002  0.200000E+001  0.100000E+001  0.500000E+000  0.300000E+000  0.200000E+001  0.100000E+001  0.100000E+001  0.744000E+002
  0.349364E+003  0.958953E+001  0.942478E+001 -0.376991E+001 -0.146781E-002 -0.207003E-002  0.253761E-002  0.457768E-003  0.645582E-003  0.791409E-003  0.120000E+002  0.200000E+001  0.100000E+001  0.500000E+000  0.300000E+000  0.200000E+001  0.100000E+001  0.100000E+001  0.748000E+002
  0.349364E+003  0.958953E+001  0.942478E+001 -0.376991E+001 -0.193997E-002  0.162534E-002  0.253085E-002  0.605021E-003 -0.506899E-003  0.789302E-003  0.120000E+002  0.200000E+001  0.100000E+001  0.500000E+000  0.300000E+000  0.200000E+001  0.100000E+001  0.100000E+001  0.752000E+002
  0.349364E+003  0.958953E+001  0.942478E+001 -0.376991E+001  0.177153E-002  0.179806E-002  0.252415E-002 -0.552490E-003 -0.560763E-003  0.787211E-003  0.120000E+002  0.200000E+001  0.100000E+001  0.500000E+000  0.300000E+000  0.200000E+001  0.100000E+001  0.100000E+001  0.756000E+002
  0.349364E+003  0.958953E+001  0.942478E+001 -0.376991E+001  0.164527E-002 -0.190549E-002  0.251750E-002 -0.513112E-003  0.594269E-003  0.785137E-003  0.120000E+002  0.200000E+001  0.100000E+001  0.500000E+000  0.300000E+000  0.200000E+001  0.100000E+001  0.100000E+001  0.760000E+002
  0.349364E+003  0.958953E+001  0.942478E+001 -0.376991E+001 -0.202643E-002 -0.148264E-002  0.251090E-002  0.631984E-003  0.462393E-003  0.783078E-003  0.120000E+002  0.200000E+001  0.100000E+001  0.500000E+000  0.300000E+000  0.200000E+001  0.100000E+001  0.100000E+001  0.764000E+002
  0.349364E+003  0.958953E+001  0.942478E+001 -0.376991E+001 -0.131127E-002  0.213362E-002  0.250435E-002  0.408948E-003 -0.665416E-003  0.781036E-003  0.120000E+002  0.200000E+001  0.100000E+001  0.500000E+000  0.300000E+000  0.200000E+001  0.100000E+001  0.100000E+001  0.768000E+002
  0.349364E+003  0.958953E+001  0.942478E+001 -0.376991E+001  0.222647E-002  0.113232E-002  0.249786E-002 -0.694371E-003 -0.353137E-003  0.779010E-003  0.120000E+002  0.200000E+001  0.100000E+001  0.500000E+000  0.300000E+000  0.200000E+001  0.100000E+001  0.100000E+001  0.772000E+002
  0.349364E+003  0.958953E+001  0.942478E+001 -0.376991E+001  0.946961E-003 -0.230443E-002  0.249141E-002 -0.295330E-003  0.718686E-003  0.777000E-003  0.120000E+002  0.200000E+001  0.100000E+001  0.500000E+000  0.300000E+000  0.200000E+001  0.100000E+001  0.100000E+001  0.776000E+002
  0.349364E+003  0.958953E+001  0.942478E+001 -0.376991E+001 -0.236709E-002 -0.756434E-003  0.248501E-002  0.738227E-003  0.235910E-003  0.775005E-003  0.120000E+002  0.200000E+001  0.100000E+001  0.500000E+000  0.300000E+000  0.200000E+001  0.100000E+001  0.100000E+001  0.780000E+002
  0.349364E+003  0.958953E+001  0.942478E+001 -0.376991E+001 -0.561989E-003  0.241412E-002  0.247867E-002  0.175268E-003 -0.752894E-003  0.773025E-003  0.120000E+002  0.200000E+001  0.100000E+001  0.500000E+000  0.300000E+000  0.200000E+001  0.100000E+001  0.100000E+001  0.784000E+002
  0.349364E+003  0.958953E+001  0.942478E+001 -0.376991E+001  0.244529E-002  0.364899E-003  0.247237E-002 -0.762617E-003 -0.113802E-003  0.771061E-003  0.120000E+002  0.200000E+001  0.100000E+001  0.500000E+000  0.300000E+000  0.200000E+001  0.100000E+001  0.100000E+001  0.788000E+002
  0.349364E+003  0.958953E+001  0.942478E+001 -0.376991E+001  0.166447E-003 -0.246049E-002  0.246612E-002 -0.519102E-004  0.767358E-003  0.769111E-003  0.120000E+002  0.200000E+001  0.100000E+001  0.500000E+000  0.300000E+000  0.200000E+001  0.100000E+001  0.100000E+001  0.792000E+002
  0.349364E+003  0.958953E+001  0.942478E+001 -0.376991E+001 -0.245970E-002  0.320810E-004  0.245991E-002  0.767111E-003 -0.100051E-004  0.767177E-003  0.120000E+002  0.200000E+001  0.100000E+001  0.500000E+000  0.300000E+000  0.200000E+001  0.100000E+001  0.100000E+001  0.796000E+002
  0.349364E+003  0.958953E+001  0.942478E+001 -0.376991E+001  0.229407E-003  0.244301E-002  0.245375E-002 -0.715455E-004 -0.761905E-003  0.765256E-003  0.120000E+002  0.200000E+001  0.100000E+001  0.500000E+000  0.300000E+000  0.200000E+001  0.100000E+001  0.100000E+001  0.800000E+002
  0.349364E+003  0.958953E+001  0.942478E+001 -0.376991E+001  0.241059E-002 -0.424266E-003  0.244764E-002 -0.751795E-003  0.132317E-003  0.763350E-003  0.120000E+002  0.200000E+001  0.100000E+001  0.500000E+000  0.300000E+000  0.200000E+001  0.100000E+001  0.100000E+001  0.804000E+002
  0.349364E+003  0.958953E+001  0.942478E+001 -0.376991E+001 -0.615413E-003 -0.236275E-002  0.244158E-002  0.191930E-003  0.736873E-003  0.761458E-003  0.120000E+002  0.200000E+001  0.100000E+001  0.500000E+000  0.300000E+000  0.200000E+001  0.100000E+001  0.100000E+001  0.808000E+002
  0.349364E+003  0.958953E+001  0.942478E+001 -0.376991E+001 -0.229985E-002  0.801634E-003  0.243556E-002  0.717258E-003 -0.250007E-003  0.759581E-003  0.120000E+002  0.200000E+001  0.100000E+001  0.500000E+000  0.300000E+000  0.200000E+001  0.100000E+001  0.100000E+001  0.812000E+002
  0.349364E+003  0.958953E+001  0.942478E+001 -0.376991E+001  0.981755E-003  0.222239E-002  0.242958E-002 -0.306181E-003 -0.693100E-003  0.757717E-003  0.120000E+002  0.200000E+001  0.100000E+001  0.500000E+000  0.300000E+000  0.200000E+001  0.100000E+001  0.100000E+001  0.816000E+002
  0.349364E+003  0.958953E+001  0.942478E+001 -0.376991E+001  0.213093E-002 -0.115464E-002  0.242365E-002 -0.664576E-003  0.360101E-003  0.755866E-003  0.120000E+002  0.200000E+001  0.100000E+001  0.500000E+000  0.300000E+000  0.200000E+001  0.100000E+001  0.100000E+001  0.820000E+002
  0.349364E+003  0.958953E+001  0.942478E+001 -0.376991E+001 -0.131922E-002 -0.202613E-002  0.241776E-002  0.411428E-003  0.631892E-003  0.754030E-003  0.120000E+002  0.200000E+001  0.100000E+001  0.500000E+000  0.300000E+000  0.200000E+001  0.100000E+001  0.100000E+001  0.824000E+002
  0.349364E+003  0.958953E+001  0.942478E+001 -0.376991E+001 -0.190873E-002  0.147447E-002  0.241191E-002  0.595278E-003 -0.459845E-003  0.752206E-003  0.120000E+002  0.200000E+001  0.100000E+001  0.500000E+000  0.300000E+000  0.200000E+001  0.100000E+001  0.100000E+001  0.828000E+002
  0.349364E+003  0.958953E+001  0.942478E+001 -0.376991E+001  0.161943E-002  0.177955E-002  0.240610E-002 -0.505054E-003 -0.554990E-003  0.750395E-003  0.120000E+002  0.200000E+001  0.100000E+001  0.500000E+000  0.300000E+000  0.200000E+001  0.100000E+001  0.100000E+001  0.832000E+002
  0.349364E+003  0.958953E+001  0.942478E+001 -0.376991E+001  0.163947E-002 -0.175322E-002  0.240034E-002 -0.511304E-003  0.546779E-003  0.748598E-003  0.120000E+002  0.200000E+001  0.100000E+001  0.500000E+000  0.300000E+000  0.200000E+001  0.100000E+001  0.100000E+001  0.836000E+002
  0.349364E+003  0.958953E+001  0.942478E+001 -0.376991E+001 -0.187503E-002 -0.148946E-002  0.239462E-002  0.584767E-003  0.464519E-003  0.746814E-003  0.120000E+002  0.200000E+001  0.100000E+001  0.500000E+000  0.300000E+000  0.200000E+001  0.100000E+001  0.100000E+001  0.840000E+002
  0.349364E+003  0.958953E+001  0.942478E+001 -0.376991E+001 -0.133052E-002  0.198412E-002  0.238894E-002  0.414951E-003 -0.618792E-003  0.745042E-003  0.120000E+002  0.200000E+001  0.100000E+001  0.500000E+000  0.300000E+000  0.200000E+001  0.100000E+001  0.100000E+001  0.844000E+002
  0.349364E+003  0.958953E+001  0.942478E+001 -0.376991E+001  0.207987E-002  0.116372E-002  0.238330E-002 -0.648652E-003 -0.362932E-003  0.743282E-003  0.120000E+002  0.200000E+001  0.100000E+001  0.500000E+000  0.300000E+000  0.200000E+001  0.100000E+001  0.100000E+001  0.848000E+002
  0.349364E+003  0.958953E+001  0.942478E+001 -0.376991E+001  0.990186E-003 -0.216171E-002  0.237770E-002 -0.308811E-003  0.674174E-003  0.741536E-003  0.120000E+002  0.200000E+001  0.100000E+001  0.500000E+000  0.300000E+000  0.200000E+001  0.100000E+001  0.100000E+001  0.852000E+002
  0.349364E+003  0.958953E+001  0.942478E+001 -0.376991E+001 -0.222917E-002 -0.811054E-003  0.237213E-002  0.695216E-003  0.252945E-003  0.739801E-003  0.120000E+002  0.200000E+001  0.100000E+001  0.500000E+000  0.300000E+000  0.200000E+001  0.100000E+001  0.100000E+001  0.856000E+002
  0.349364E+003  0.958953E+001  0.942478E+001 -0.376991E+001 -0.627509E-003  0.228190E-002  0.236661E-002  0.195702E-003 -0.711661E-003  0.738079E-003  0.120000E+002  0.200000E+001  0.100000E+001  0.500000E+000  0.300000E+000  0.200000E+001  0.100000E+001  0.100000E+001  0.860000E+002
  0.349364E+003  0.958953E+001  0.942478E+001 -0.376991E+001  0.231962E-002  0.440756E-003  0.236113E-002 -0.723425E-003 -0.137459E-003  0.736368E-003  0.120000E+002  0.200000E+001  0.100000E+001  0.500000E+000  0.300000E+000  0.200000E+001  0.100000E+001  0.100000E+001  0.864000E+002
  0.349364E+003  0.958953E+001  0.942478E+001 -0.376991E+001  0.252012E-003 -0.234216E-002  0.235568E-002 -0.785954E-004  0.730453E-003  0.734669E-003  0.120000E+002  0.200000E+001  0.100000E+001  0.500000E+000  0.300000E+000  0.200000E+001  0.100000E+001  0.100000E+001  0.868000E+002
  0.349364E+003  0.958953E+001  0.942478E+001 -0.376991E+001 -0.234944E-002 -0.625070E-004  0.235027E-002  0.732723E-003  0.194942E-004  0.732982E-003  0.120000E+002  0.200000E+001  0.100000E+001  0.500000E+000  0.300000E+000  0.200000E+001  0.100000E+001  0.100000E+001  0.872000E+002
  0.349364E+003  0.958953E+001  0.942478E+001 -0.376991E+001  0.126535E-003  0.234148E-002  0.234490E-002 -0.394628E-004 -0.730242E-003  0.731307E-003  0.120000E+002  0.200000E+001  0.100000E+001  0.500000E+000  0.300000E+000  0.200000E+001  0.100000E+001  0.100000E+001  0.876000E+002
  0.349364E+003  0.958953E+001  0.942478E+001 -0.376991E+001  0.231841E-002 -0.313898E-003  0.233956E-002 -0.723046E-003  0.978958E-004  0.729643E-003  0.120000E+002  0.200000E+001  0.100000E+001  0.500000E+000  0.300000E+000  0.200000E+001  0.100000E+001  0.100000E+001  0.880000E+002
  0.349364E+003  0.958953E+001  0.942478E+001 -0.376991E+001 -0.498379E-003 -0.228044E-002  0.233426E-002  0.155430E-003  0.711205E-003  0.727991E-003  0.120000E+002  0.200000E+001  0.100000E+001  0.500000E+000  0.300000E+000  0.200000E+001  0.100000E+001  0.100000E+001  0.884000E+002
  0.349364E+003  0.958953E+001  0.942478E+001 -0.376991E+001 -0.222788E-002  0.678803E-003  0.232900E-002  0.694814E-003 -0.211699E-003  0.726349E-003  0.120000E+002  0.200000E+001  0.100000E+001  0.500000E+000  0.300000E+000  0.200000E+001  0.100000E+001  0.100000E+001  0.888000E+002
  0.349364E+003  0.958953E+001  0.942478E+001 -0.376991E+001  0.854024E-003  0.216115E-002  0.232377E-002 -0.266346E-003 -0.674001E-003  0.724719E-003  0.120000E+002  0.200000E+001  0.100000E+001  0.500000E+000  0.300000E+000  0.200000E+001  0.100000E+001  0.100000E+001  0.892000E+002
  0.349364E+003  0.958953E+001  0.942478E+001 -0.376991E+001  0.208073E-002 -0.102293E-002  0.231858E-002 -0.648919E-003  0.319024E-003  0.723099E-003  0.120000E+002  0.200000E+001  0.100000E+001  0.500000E+000  0.300000E+000  0.200000E+001  0.100000E+001  0.100000E+001  0.896000E+002
  0.349364E+003  0.958953E+001  0.942478E+001 -0.376991E+001 -0.118447E-002 -0.198720E-002  0.231342E-002  0.369403E-003  0.619750E-003  0.721491E-003  0.120000E+002  0.200000E+001  0.100000E+001  0.500000E+000  0.300000E+000  0.200000E+001  0.100000E+001  0.100000E+001  0.900000E+002
  0.349364E+003  0.958953E+001  0.942478E+001 -0.376991E+001 -0.188122E-002  0.133763E-002  0.230830E-002  0.586700E-003 -0.417168E-003  0.719893E-003  0.120000E+002  0.200000E+001  0.100000E+001  0.500000E+000  0.300000E+000  0.200000E+001  0.100000E+001  0.100000E+001  0.904000E+002
  0.349364E+003  0.958953E+001  0.942478E+001 -0.376991E+001  0.148145E-002  0.176354E-002  0.230321E-002 -0.462022E-003 -0.549998E-003  0.718305E-003  0.120000E+002  0.200000E+001  0.100000E+001  0.500000E+000  0.300000E+000  0.200000E+001  0.100000E+001  0.100000E+001  0.908000E+002
  0.349364E+003  0.958953E+001  0.942478E+001 -0.376991E+001  0.163496E-002 -0.161505E-002  0.229815E-002 -0.509898E-003  0.503689E-003  0.716728E-003  0.120000E+002  0.200000E+001  0.100000E+001  0.500000E+000  0.300000E+000  0.200000E+001  0.100000E+001  0.100000E+001  0.912000E+002
  0.349364E+003  0.958953E+001  0.942478E+001 -0.376991E+001 -0.173762E-002 -0.149637E-002  0.229313E-002  0.541914E-003  0.466674E-003  0.715161E-003  0.120000E+002  0.200000E+001  0.100000E+001  0.500000E+000  0.300000E+000  0.200000E+001  0.100000E+001  0.100000E+001  0.916000E+002
  0.349364E+003  0.958953E+001  0.942478E+001 -0.376991E+001 -0.134869E-002  0.184841E-002  0.228814E-002  0.420618E-003 -0.576465E-003  0.713605E-003  0.120000E+002  0.200000E+001  0.100000E+001  0.500000E+000  0.300000E+000  0.200000E+001  0.100000E+001  0.100000E+001  0.920000E+002
  0.349364E+003  0.958953E+001  0.942478E+001 -0.376991E+001  0.194675E-002  0.119293E-002  0.228318E-002 -0.607136E-003 -0.372040E-003  0.712059E-003  0.120000E+002  0.200000E+001  0.100000E+001  0.500000E+000  0.300000E+000  0.200000E+001  0.100000E+001  0.100000E+001  0.924000E+002
  0.349364E+003  0.958953E+001  0.942478E+001 -0.376991E+001  0.103012E-002 -0.203207E-002  0.227825E-002 -0.321264E-003  0.633745E-003  0.710523E-003  0.120000E+002  0.200000E+001  0.100000E+001  0.500000E+000  0.300000E+000  0.200000E+001  0.100000E+001  0.100000E+001  0.928000E+002
  0.349364E+003  0.958953E+001  0.942478E+001 -0.376991E+001 -0.210387E-002 -0.861337E-003  0.227336E-002  0.656137E-003  0.268627E-003  0.708996E-003  0.120000E+002  0.200000E+001  0.100000E+001  0.500000E+000  0.300000E+000  0.200000E+001  0.100000E+001  0.100000E+001  0.932000E+002
  0.349364E+003  0.958953E+001  0.942478E+001 -0.376991E+001 -0.687705E-003  0.216175E-002  0.226850E-002  0.214476E-003 -0.674187E-003  0.707480E-003  0.120000E+002  0.200000E+001  0.100000E+001  0.500000E+000  0.300000E+000  0.200000E+001  0.100000E+001  0.100000E+001  0.936000E+002
  0.349364E+003  0.958953E+001  0.942478E+001 -0.376991E+001  0.220538E-002  0.510364E-003  0.226367E-002 -0.687796E-003 -0.159168E-003  0.705973E-003  0.120000E+002  0.200000E+001  0.100000E+001  0.500000E+000  0.300000E+000  0.200000E+001  0.100000E+001  0.100000E+001  0.940000E+002
  0.349364E+003  0.958953E+001  0.942478E+001 -0.376991E+001  0.330472E-003 -0.223456E-002  0.225886E-002 -0.103065E-003  0.696896E-003  0.704476E-003  0.120000E+002  0.200000E+001  0.100000E+001  0.500000E+000  0.300000E+000  0.200000E+001  0.100000E+001  0.100000E+001  0.944000E+002
  0.349364E+003  0.958953E+001  0.942478E+001 -0.376991E+001 -0.224915E-002 -0.149202E-003  0.225409E-002  0.701446E-003  0.465320E-004  0.702988E-003  0.120000E+002  0.200000E+001  0.100000E+001  0.500000E+000  0.300000E+000  0.200000E+001  0.100000E+001  0.100000E+001  0.948000E+002
  0.349364E+003  0.958953E+001  0.942478E+001 -0.376991E+001  0.322700E-004  0.224912E-002  0.224935E-002 -0.100641E-004 -0.701437E-003  0.701509E-003  0.120000E+002  0.200000E+001  0.100000E+001  0.500000E+000  0.300000E+000  0.200000E+001  0.100000E+001  0.100000E+001  0.952000E+002
  0.349364E+003  0.958953E+001  0.942478E+001 -0.376991E+001  0.223454E-002 -0.212774E-003  0.224464E-002 -0.696888E-003  0.663581E-004  0.700040E-003  0.120000E+002  0.200000E+001  0.100000E+001  0.500000E+000  0.300000E+000  0.200000E+001  0.100000E+001  0.100000E+001  0.956000E+002
  0.349364E+003  0.958953E+001  0.942478E+001 -0.376991E+001 -0.391146E-003 -0.220555E-002  0.223996E-002  0.121987E-003  0.687847E-003  0.698580E-003  0.120000E+002  0.200000E+001  0.100000E+001  0.500000E+000  0.300000E+000  0.200000E+001  0.100000E+001  0.100000E+001  0.960000E+002
  0.349364E+003  0.958953E+001  0.942478E+001 -0.376991E+001 -0.216240E-002  0.566244E-003  0.223531E-002  0.674391E-003 -0.176595E-003  0.697129E-003  0.120000E+002  0.200000E+001  0.100000E+001  0.500000E+000  0.300000E+000  0.200000E+001  0.100000E+001  0.100000E+001  0.964000E+002
  0.349364E+003  0.958953E+001  0.942478E+001 -0.376991E+001  0.736952E-003  0.210544E-002  0.223069E-002 -0.229834E-003 -0.656626E-003  0.695688E-003  0.120000E+002  0.200000E+001  0.100000E+001  0.500000E+000  0.300000E+000  0.200000E+001  0.100000E+001  0.100000E+001  0.968000E+002
  0.349364E+003  0.958953E+001  0.942478E+001 -0.376991E+001  0.203508E-002 -0.902185E-003  0.222609E-002 -0.634683E-003  0.281366E-003  0.694255E-003  0.120000E+002  0.200000E+001  0.100000E+001  0.500000E+000  0.300000E+000  0.200000E+001  0.100000E+001  0.100000E+001  0.972000E+002
  0.349364E+003  0.958953E+001  0.942478E+001 -0.376991E+001 -0.106090E-002 -0.195184E-002  0.222153E-002  0.330865E-003  0.608722E-003  0.692830E-003  0.120000E+002  0.200000E+001  0.100000E+001  0.500000E+000  0.300000E+000  0.200000E+001  0.100000E+001  0.100000E+001  0.976000E+002
  0.349364E+003  0.958953E+001  0.942478E+001 -0.376991E+001 -0.185630E-002  0.121210E-002  0.221699E-002  0.578927E-003 -0.378019E-003  0.691415E-003  0.120000E+002  0.200000E+001  0.100000E+001  0.500000E+000  0.300000E+000  0.200000E+001  0.100000E+001  0.100000E+001  0.980000E+002
  0.349364E+003  0.958953E+001  0.942478E+001 -0.376991E+001  0.135484E-002  0.174913E-002  0.221248E-002 -0.422535E-003 -0.545505E-003  0.690008E-003  0.120000E+002  0.200000E+001  0.100000E+001  0.500000E+000  0.300000E+000  0.200000E+001  0.100000E+001  0.100000E+001  0.984000E+002
  0.349364E+003  0.958953E+001  0.942478E+001 -0.376991E+001  0.163108E-002 -0.148822E-002  0.220799E-002 -0.508688E-003  0.464134E-003  0.688610E-003  0.120000E+002  0.200000E+001  0.100000E+001  0.500000E+000  0.300000E+000  0.200000E+001  0.100000E+001  0.100000E+001  0.988000E+002
  0.349364E+003  0.958953E+001  0.942478E+001 -0.376991E+001 -0.161143E-002 -0.150295E-002  0.220354E-002  0.502561E-003  0.468727E-003  0.687221E-003  0.120000E+002  0.200000E+001  0.100000E+001  0.500000E+000  0.300000E+000  0.200000E+001  0.100000E+001  0.100000E+001  0.992000E+002
  0.349364E+003  0.958953E+001  0.942478E+001 -0.376991E+001 -0.136560E-002  0.172372E-002  0.219911E-002  0.425892E-003 -0.537579E-003  0.685839E-003  0.120000E+002  0.200000E+001  0.100000E+001  0.500000E+000  0.300000E+000  0.200000E+001  0.100000E+001  0.100000E+001  0.996000E+002
