 % the field is pss
% Dinn5 settings , t1, t2, t3, t4, tm, tp, eps, step, IntLimit
%   0.249000E+002  0.249000E+002  0.249000E+002  0.278880E+003  0.200000E-001  0.000000E+000  0.100000E-005  0.100000E-001  0.100000E+006
%psi, R, x, z, re(u), im(u), abs(u), re(w), im(w), abs(w), fieldCode, cp(1), cp(2), cs(1), cs(2), rho(1), rho(2), h, w
  0.349364E+003  0.958953E+001  0.942478E+001 -0.376991E+001  0.236904E-002 -0.382516E-002  0.449936E-002 -0.175181E-002  0.282855E-002  0.332709E-002  0.220000E+002  0.200000E+001  0.100000E+001  0.500000E+000  0.300000E+000  0.200000E+001  0.100000E+001  0.100000E+001  0.100000E+002
  0.349364E+003  0.958953E+001  0.942478E+001 -0.376991E+001 -0.438655E-002 -0.473020E-003  0.441198E-002  0.324367E-002  0.349778E-003  0.326247E-002  0.220000E+002  0.200000E+001  0.100000E+001  0.500000E+000  0.300000E+000  0.200000E+001  0.100000E+001  0.100000E+001  0.104000E+002
  0.349364E+003  0.958953E+001  0.942478E+001 -0.376991E+001  0.144250E-002  0.408212E-002  0.432950E-002 -0.106667E-002 -0.301856E-002  0.320148E-002  0.220000E+002  0.200000E+001  0.100000E+001  0.500000E+000  0.300000E+000  0.200000E+001  0.100000E+001  0.100000E+001  0.108000E+002
  0.349364E+003  0.958953E+001  0.942478E+001 -0.376991E+001  0.300212E-002 -0.301039E-002  0.425149E-002 -0.221995E-002  0.222606E-002  0.314380E-002  0.220000E+002  0.200000E+001  0.100000E+001  0.500000E+000  0.300000E+000  0.200000E+001  0.100000E+001  0.100000E+001  0.112000E+002
  0.349364E+003  0.958953E+001  0.942478E+001 -0.376991E+001 -0.394266E-002 -0.138106E-002  0.417754E-002  0.291543E-002  0.102124E-002  0.308912E-002  0.220000E+002  0.200000E+001  0.100000E+001  0.500000E+000  0.300000E+000  0.200000E+001  0.100000E+001  0.100000E+001  0.116000E+002
  0.349364E+003  0.958953E+001  0.942478E+001 -0.376991E+001  0.451580E-003  0.408244E-002  0.410734E-002 -0.333925E-003 -0.301879E-002  0.303720E-002  0.220000E+002  0.200000E+001  0.100000E+001  0.500000E+000  0.300000E+000  0.200000E+001  0.100000E+001  0.100000E+001  0.120000E+002
  0.349364E+003  0.958953E+001  0.942478E+001 -0.376991E+001  0.342923E-002 -0.213690E-002  0.404054E-002 -0.253577E-002  0.158015E-002  0.298781E-002  0.220000E+002  0.200000E+001  0.100000E+001  0.500000E+000  0.300000E+000  0.200000E+001  0.100000E+001  0.100000E+001  0.124000E+002
  0.349364E+003  0.958953E+001  0.942478E+001 -0.376991E+001 -0.335577E-002 -0.213413E-002  0.397690E-002  0.248145E-002  0.157810E-002  0.294075E-002  0.220000E+002  0.200000E+001  0.100000E+001  0.500000E+000  0.300000E+000  0.200000E+001  0.100000E+001  0.100000E+001  0.128000E+002
  0.349364E+003  0.958953E+001  0.942478E+001 -0.376991E+001 -0.466263E-003  0.388833E-002  0.391619E-002  0.344782E-003 -0.287526E-002  0.289586E-002  0.220000E+002  0.200000E+001  0.100000E+001  0.500000E+000  0.300000E+000  0.200000E+001  0.100000E+001  0.100000E+001  0.132000E+002
  0.349364E+003  0.958953E+001  0.942478E+001 -0.376991E+001  0.365279E-002 -0.124200E-002  0.385816E-002 -0.270108E-002  0.918405E-003  0.285295E-002  0.220000E+002  0.200000E+001  0.100000E+001  0.500000E+000  0.300000E+000  0.200000E+001  0.100000E+001  0.100000E+001  0.136000E+002
  0.349364E+003  0.958953E+001  0.942478E+001 -0.376991E+001 -0.266036E-002 -0.271710E-002  0.380265E-002  0.196723E-002  0.200918E-002  0.281190E-002  0.220000E+002  0.200000E+001  0.100000E+001  0.500000E+000  0.300000E+000  0.200000E+001  0.100000E+001  0.100000E+001  0.140000E+002
  0.349364E+003  0.958953E+001  0.942478E+001 -0.376991E+001 -0.128165E-002  0.352361E-002  0.374946E-002  0.947724E-003 -0.260557E-002  0.277257E-002  0.220000E+002  0.200000E+001  0.100000E+001  0.500000E+000  0.300000E+000  0.200000E+001  0.100000E+001  0.100000E+001  0.144000E+002
  0.349364E+003  0.958953E+001  0.942478E+001 -0.376991E+001  0.368061E-002 -0.362751E-003  0.369844E-002 -0.272166E-002  0.268239E-003  0.273484E-002  0.220000E+002  0.200000E+001  0.100000E+001  0.500000E+000  0.300000E+000  0.200000E+001  0.100000E+001  0.100000E+001  0.148000E+002
  0.349364E+003  0.958953E+001  0.942478E+001 -0.376991E+001 -0.189300E-002 -0.312012E-002  0.364946E-002  0.139979E-002  0.230720E-002  0.269862E-002  0.220000E+002  0.200000E+001  0.100000E+001  0.500000E+000  0.300000E+000  0.200000E+001  0.100000E+001  0.100000E+001  0.152000E+002
  0.349364E+003  0.958953E+001  0.942478E+001 -0.376991E+001 -0.196925E-002  0.301647E-002  0.360237E-002  0.145618E-002 -0.223055E-002  0.266380E-002  0.220000E+002  0.200000E+001  0.100000E+001  0.500000E+000  0.300000E+000  0.200000E+001  0.100000E+001  0.100000E+001  0.156000E+002
  0.349364E+003  0.958953E+001  0.942478E+001 -0.376991E+001  0.352644E-002  0.465597E-003  0.355705E-002 -0.260766E-002 -0.344289E-003  0.263029E-002  0.220000E+002  0.200000E+001  0.100000E+001  0.500000E+000  0.300000E+000  0.200000E+001  0.100000E+001  0.100000E+001  0.160000E+002
  0.349364E+003  0.958953E+001  0.942478E+001 -0.376991E+001 -0.109126E-002 -0.333963E-002  0.351340E-002  0.806941E-003  0.246952E-002  0.259801E-002  0.220000E+002  0.200000E+001  0.100000E+001  0.500000E+000  0.300000E+000  0.200000E+001  0.100000E+001  0.100000E+001  0.164000E+002
  0.349364E+003  0.958953E+001  0.942478E+001 -0.376991E+001 -0.250915E-002  0.239881E-002  0.347133E-002  0.185541E-002 -0.177382E-002  0.256690E-002  0.220000E+002  0.200000E+001  0.100000E+001  0.500000E+000  0.300000E+000  0.200000E+001  0.100000E+001  0.100000E+001  0.168000E+002
  0.349364E+003  0.958953E+001  0.942478E+001 -0.376991E+001  0.320987E-002  0.121106E-002  0.343073E-002 -0.237356E-002 -0.895527E-003  0.253688E-002  0.220000E+002  0.200000E+001  0.100000E+001  0.500000E+000  0.300000E+000  0.200000E+001  0.100000E+001  0.100000E+001  0.172000E+002
  0.349364E+003  0.958953E+001  0.942478E+001 -0.376991E+001 -0.292386E-003 -0.337890E-002  0.339152E-002  0.216207E-003  0.249855E-002  0.250789E-002  0.220000E+002  0.200000E+001  0.100000E+001  0.500000E+000  0.300000E+000  0.200000E+001  0.100000E+001  0.100000E+001  0.176000E+002
  0.349364E+003  0.958953E+001  0.942478E+001 -0.376991E+001 -0.288773E-002  0.170522E-002  0.335362E-002  0.213535E-002 -0.126094E-002  0.247986E-002  0.220000E+002  0.200000E+001  0.100000E+001  0.500000E+000  0.300000E+000  0.200000E+001  0.100000E+001  0.100000E+001  0.180000E+002
  0.349364E+003  0.958953E+001  0.942478E+001 -0.376991E+001  0.275567E-002  0.184623E-002  0.331697E-002 -0.203770E-002 -0.136521E-002  0.245276E-002  0.220000E+002  0.200000E+001  0.100000E+001  0.500000E+000  0.300000E+000  0.200000E+001  0.100000E+001  0.100000E+001  0.184000E+002
  0.349364E+003  0.958953E+001  0.942478E+001 -0.376991E+001  0.468283E-003 -0.324791E-002  0.328150E-002 -0.346276E-003  0.240170E-002  0.242653E-002  0.220000E+002  0.200000E+001  0.100000E+001  0.500000E+000  0.300000E+000  0.200000E+001  0.100000E+001  0.100000E+001  0.188000E+002
  0.349364E+003  0.958953E+001  0.942478E+001 -0.376991E+001 -0.309833E-002  0.971680E-003  0.324713E-002  0.229109E-002 -0.718516E-003  0.240111E-002  0.220000E+002  0.200000E+001  0.100000E+001  0.500000E+000  0.300000E+000  0.200000E+001  0.100000E+001  0.100000E+001  0.192000E+002
  0.349364E+003  0.958953E+001  0.942478E+001 -0.376991E+001  0.219301E-002  0.234934E-002  0.321382E-002 -0.162164E-002 -0.173724E-002  0.237649E-002  0.220000E+002  0.200000E+001  0.100000E+001  0.500000E+000  0.300000E+000  0.200000E+001  0.100000E+001  0.100000E+001  0.196000E+002
  0.349364E+003  0.958953E+001  0.942478E+001 -0.376991E+001  0.115851E-002 -0.296310E-002  0.318153E-002 -0.856666E-003  0.219109E-002  0.235261E-002  0.220000E+002  0.200000E+001  0.100000E+001  0.500000E+000  0.300000E+000  0.200000E+001  0.100000E+001  0.100000E+001  0.200000E+002
  0.349364E+003  0.958953E+001  0.942478E+001 -0.376991E+001 -0.314146E-002  0.234121E-003  0.315017E-002  0.232298E-002 -0.173123E-003  0.232942E-002  0.220000E+002  0.200000E+001  0.100000E+001  0.500000E+000  0.300000E+000  0.200000E+001  0.100000E+001  0.100000E+001  0.204000E+002
  0.349364E+003  0.958953E+001  0.942478E+001 -0.376991E+001  0.155416E-002  0.270507E-002  0.311974E-002 -0.114923E-002 -0.200028E-002  0.230692E-002  0.220000E+002  0.200000E+001  0.100000E+001  0.500000E+000  0.300000E+000  0.200000E+001  0.100000E+001  0.100000E+001  0.208000E+002
  0.349364E+003  0.958953E+001  0.942478E+001 -0.376991E+001  0.175049E-002 -0.254656E-002  0.309017E-002 -0.129441E-002  0.188307E-002  0.228505E-002  0.220000E+002  0.200000E+001  0.100000E+001  0.500000E+000  0.300000E+000  0.200000E+001  0.100000E+001  0.100000E+001  0.212000E+002
  0.349364E+003  0.958953E+001  0.942478E+001 -0.376991E+001 -0.302466E-002 -0.472991E-003  0.306142E-002  0.223661E-002  0.349757E-003  0.226379E-002  0.220000E+002  0.200000E+001  0.100000E+001  0.500000E+000  0.300000E+000  0.200000E+001  0.100000E+001  0.100000E+001  0.216000E+002
  0.349364E+003  0.958953E+001  0.942478E+001 -0.376991E+001  0.873163E-003  0.290508E-002  0.303346E-002 -0.645668E-003 -0.214818E-002  0.224312E-002  0.220000E+002  0.200000E+001  0.100000E+001  0.500000E+000  0.300000E+000  0.200000E+001  0.100000E+001  0.100000E+001  0.220000E+002
  0.349364E+003  0.958953E+001  0.942478E+001 -0.376991E+001  0.222191E-002 -0.202502E-002  0.300626E-002 -0.164301E-002  0.149742E-002  0.222300E-002  0.220000E+002  0.200000E+001  0.100000E+001  0.500000E+000  0.300000E+000  0.200000E+001  0.100000E+001  0.100000E+001  0.224000E+002
  0.349364E+003  0.958953E+001  0.942478E+001 -0.376991E+001 -0.276207E-002 -0.111806E-002  0.297978E-002  0.204243E-002  0.826756E-003  0.220342E-002  0.220000E+002  0.200000E+001  0.100000E+001  0.500000E+000  0.300000E+000  0.200000E+001  0.100000E+001  0.100000E+001  0.228000E+002
  0.349364E+003  0.958953E+001  0.942478E+001 -0.376991E+001  0.184397E-003  0.294821E-002  0.295397E-002 -0.136354E-003 -0.218008E-002  0.218434E-002  0.220000E+002  0.200000E+001  0.100000E+001  0.500000E+000  0.300000E+000  0.200000E+001  0.100000E+001  0.100000E+001  0.232000E+002
  0.349364E+003  0.958953E+001  0.942478E+001 -0.376991E+001  0.255675E-002 -0.142867E-002  0.292883E-002 -0.189061E-002  0.105644E-002  0.216575E-002  0.220000E+002  0.200000E+001  0.100000E+001  0.500000E+000  0.300000E+000  0.200000E+001  0.100000E+001  0.100000E+001  0.236000E+002
  0.349364E+003  0.958953E+001  0.942478E+001 -0.376991E+001 -0.237362E-002 -0.167363E-002  0.290432E-002  0.175519E-002  0.123758E-002  0.214763E-002  0.220000E+002  0.200000E+001  0.100000E+001  0.500000E+000  0.300000E+000  0.200000E+001  0.100000E+001  0.100000E+001  0.240000E+002
  0.349364E+003  0.958953E+001  0.942478E+001 -0.376991E+001 -0.478929E-003  0.284032E-002  0.288041E-002  0.354148E-003 -0.210030E-002  0.212995E-002  0.220000E+002  0.200000E+001  0.100000E+001  0.500000E+000  0.300000E+000  0.200000E+001  0.100000E+001  0.100000E+001  0.244000E+002
  0.349364E+003  0.958953E+001  0.942478E+001 -0.376991E+001  0.274579E-002 -0.789711E-003  0.285709E-002 -0.203039E-002  0.583958E-003  0.211270E-002  0.220000E+002  0.200000E+001  0.100000E+001  0.500000E+000  0.300000E+000  0.200000E+001  0.100000E+001  0.100000E+001  0.248000E+002
  0.349364E+003  0.958953E+001  0.942478E+001 -0.376991E+001 -0.188409E-002 -0.211746E-002  0.283433E-002  0.139321E-002  0.156577E-002  0.209587E-002  0.220000E+002  0.200000E+001  0.100000E+001  0.500000E+000  0.300000E+000  0.200000E+001  0.100000E+001  0.100000E+001  0.252000E+002
  0.349364E+003  0.958953E+001  0.942478E+001 -0.376991E+001 -0.108616E-002  0.259386E-002  0.281209E-002  0.803168E-003 -0.191805E-002  0.207943E-002  0.220000E+002  0.200000E+001  0.100000E+001  0.500000E+000  0.300000E+000  0.200000E+001  0.100000E+001  0.100000E+001  0.256000E+002
  0.349364E+003  0.958953E+001  0.942478E+001 -0.376991E+001  0.278682E-002 -0.140964E-003  0.279038E-002 -0.206074E-002  0.104237E-003  0.206337E-002  0.220000E+002  0.200000E+001  0.100000E+001  0.500000E+000  0.300000E+000  0.200000E+001  0.100000E+001  0.100000E+001  0.260000E+002
  0.349364E+003  0.958953E+001  0.942478E+001 -0.376991E+001 -0.132186E-002 -0.243330E-002  0.276916E-002  0.977459E-003  0.179932E-002  0.204768E-002  0.220000E+002  0.200000E+001  0.100000E+001  0.500000E+000  0.300000E+000  0.200000E+001  0.100000E+001  0.100000E+001  0.264000E+002
  0.349364E+003  0.958953E+001  0.942478E+001 -0.376991E+001 -0.161047E-002  0.222714E-002  0.274841E-002  0.119087E-002 -0.164688E-002  0.203234E-002  0.220000E+002  0.200000E+001  0.100000E+001  0.500000E+000  0.300000E+000  0.200000E+001  0.100000E+001  0.100000E+001  0.268000E+002
  0.349364E+003  0.958953E+001  0.942478E+001 -0.376991E+001  0.268456E-002  0.485655E-003  0.272813E-002 -0.198512E-002 -0.359122E-003  0.201734E-002  0.220000E+002  0.200000E+001  0.100000E+001  0.500000E+000  0.300000E+000  0.200000E+001  0.100000E+001  0.100000E+001  0.272000E+002
  0.349364E+003  0.958953E+001  0.942478E+001 -0.376991E+001 -0.717492E-003 -0.261153E-002  0.270829E-002  0.530555E-003  0.193111E-002  0.200267E-002  0.220000E+002  0.200000E+001  0.100000E+001  0.500000E+000  0.300000E+000  0.200000E+001  0.100000E+001  0.100000E+001  0.276000E+002
  0.349364E+003  0.958953E+001  0.942478E+001 -0.376991E+001 -0.202997E-002  0.176333E-002  0.268888E-002  0.150108E-002 -0.130391E-002  0.198832E-002  0.220000E+002  0.200000E+001  0.100000E+001  0.500000E+000  0.300000E+000  0.200000E+001  0.100000E+001  0.100000E+001  0.280000E+002
  0.349364E+003  0.958953E+001  0.942478E+001 -0.376991E+001  0.245021E-002  0.106052E-002  0.266987E-002 -0.181183E-002 -0.784209E-003  0.197426E-002  0.220000E+002  0.200000E+001  0.100000E+001  0.500000E+000  0.300000E+000  0.200000E+001  0.100000E+001  0.100000E+001  0.284000E+002
  0.349364E+003  0.958953E+001  0.942478E+001 -0.376991E+001 -0.102352E-003 -0.264929E-002  0.265127E-002  0.756847E-004  0.195904E-002  0.196050E-002  0.220000E+002  0.200000E+001  0.100000E+001  0.500000E+000  0.300000E+000  0.200000E+001  0.100000E+001  0.100000E+001  0.288000E+002
  0.349364E+003  0.958953E+001  0.942478E+001 -0.376991E+001 -0.232852E-002  0.122921E-002  0.263305E-002  0.172184E-002 -0.908946E-003  0.194703E-002  0.220000E+002  0.200000E+001  0.100000E+001  0.500000E+000  0.300000E+000  0.200000E+001  0.100000E+001  0.100000E+001  0.292000E+002
  0.349364E+003  0.958953E+001  0.942478E+001 -0.376991E+001  0.210077E-002  0.155757E-002  0.261519E-002 -0.155343E-002 -0.115176E-002  0.193383E-002  0.220000E+002  0.200000E+001  0.100000E+001  0.500000E+000  0.300000E+000  0.200000E+001  0.100000E+001  0.100000E+001  0.296000E+002
  0.349364E+003  0.958953E+001  0.942478E+001 -0.376991E+001  0.492886E-003 -0.255052E-002  0.259770E-002 -0.364468E-003  0.188600E-002  0.192089E-002  0.220000E+002  0.200000E+001  0.100000E+001  0.500000E+000  0.300000E+000  0.200000E+001  0.100000E+001  0.100000E+001  0.300000E+002
  0.349364E+003  0.958953E+001  0.942478E+001 -0.376991E+001 -0.249633E-002  0.653930E-003  0.258056E-002  0.184593E-002 -0.483554E-003  0.190822E-002  0.220000E+002  0.200000E+001  0.100000E+001  0.500000E+000  0.300000E+000  0.200000E+001  0.100000E+001  0.100000E+001  0.304000E+002
  0.349364E+003  0.958953E+001  0.942478E+001 -0.376991E+001  0.165806E-002  0.195541E-002  0.256374E-002 -0.122606E-002 -0.144594E-002  0.189578E-002  0.220000E+002  0.200000E+001  0.100000E+001  0.500000E+000  0.300000E+000  0.200000E+001  0.100000E+001  0.100000E+001  0.308000E+002
  0.349364E+003  0.958953E+001  0.942478E+001 -0.376991E+001  0.103962E-002 -0.232545E-002  0.254726E-002 -0.768753E-003  0.171957E-002  0.188359E-002  0.220000E+002  0.200000E+001  0.100000E+001  0.500000E+000  0.300000E+000  0.200000E+001  0.100000E+001  0.100000E+001  0.312000E+002
  0.349364E+003  0.958953E+001  0.942478E+001 -0.376991E+001 -0.253018E-002  0.675450E-004  0.253109E-002  0.187097E-002 -0.499467E-004  0.187163E-002  0.220000E+002  0.200000E+001  0.100000E+001  0.500000E+000  0.300000E+000  0.200000E+001  0.100000E+001  0.100000E+001  0.316000E+002
  0.349364E+003  0.958953E+001  0.942478E+001 -0.376991E+001  0.114758E-002  0.223816E-002  0.251521E-002 -0.848588E-003 -0.165503E-002  0.185989E-002  0.220000E+002  0.200000E+001  0.100000E+001  0.500000E+000  0.300000E+000  0.200000E+001  0.100000E+001  0.100000E+001  0.320000E+002
  0.349364E+003  0.958953E+001  0.942478E+001 -0.376991E+001  0.151258E-002 -0.199006E-002  0.249965E-002 -0.111849E-002  0.147156E-002  0.184838E-002  0.220000E+002  0.200000E+001  0.100000E+001  0.500000E+000  0.300000E+000  0.200000E+001  0.100000E+001  0.100000E+001  0.324000E+002
  0.349364E+003  0.958953E+001  0.942478E+001 -0.376991E+001 -0.243342E-002 -0.500437E-003  0.248435E-002  0.179941E-002  0.370053E-003  0.183707E-002  0.220000E+002  0.200000E+001  0.100000E+001  0.500000E+000  0.300000E+000  0.200000E+001  0.100000E+001  0.100000E+001  0.328000E+002
  0.349364E+003  0.958953E+001  0.942478E+001 -0.376991E+001  0.597210E-003  0.239603E-002  0.246934E-002 -0.441612E-003 -0.177177E-002  0.182597E-002  0.220000E+002  0.200000E+001  0.100000E+001  0.500000E+000  0.300000E+000  0.200000E+001  0.100000E+001  0.100000E+001  0.332000E+002
  0.349364E+003  0.958953E+001  0.942478E+001 -0.376991E+001  0.189096E-002 -0.156503E-002  0.245460E-002 -0.139829E-002  0.115728E-002  0.181507E-002  0.220000E+002  0.200000E+001  0.100000E+001  0.500000E+000  0.300000E+000  0.200000E+001  0.100000E+001  0.100000E+001  0.336000E+002
  0.349364E+003  0.958953E+001  0.942478E+001 -0.376991E+001 -0.221561E-002 -0.102238E-002  0.244012E-002  0.163835E-002  0.756010E-003  0.180437E-002  0.220000E+002  0.200000E+001  0.100000E+001  0.500000E+000  0.300000E+000  0.200000E+001  0.100000E+001  0.100000E+001  0.340000E+002
  0.349364E+003  0.958953E+001  0.942478E+001 -0.376991E+001  0.358153E-004  0.242563E-002  0.242589E-002 -0.264840E-004 -0.179365E-002  0.179385E-002  0.220000E+002  0.200000E+001  0.100000E+001  0.500000E+000  0.300000E+000  0.200000E+001  0.100000E+001  0.100000E+001  0.344000E+002
  0.349364E+003  0.958953E+001  0.942478E+001 -0.376991E+001  0.215920E-002 -0.107478E-002  0.241191E-002 -0.159664E-002  0.794756E-003  0.178351E-002  0.220000E+002  0.200000E+001  0.100000E+001  0.500000E+000  0.300000E+000  0.200000E+001  0.100000E+001  0.100000E+001  0.348000E+002
  0.349364E+003  0.958953E+001  0.942478E+001 -0.376991E+001 -0.189183E-002 -0.147384E-002  0.239817E-002  0.139893E-002  0.108984E-002  0.177335E-002  0.220000E+002  0.200000E+001  0.100000E+001  0.500000E+000  0.300000E+000  0.200000E+001  0.100000E+001  0.100000E+001  0.352000E+002
  0.349364E+003  0.958953E+001  0.942478E+001 -0.376991E+001 -0.508173E-003  0.232987E-002  0.238465E-002  0.375773E-003 -0.172284E-002  0.176335E-002  0.220000E+002  0.200000E+001  0.100000E+001  0.500000E+000  0.300000E+000  0.200000E+001  0.100000E+001  0.100000E+001  0.356000E+002
  0.349364E+003  0.958953E+001  0.942478E+001 -0.376991E+001  0.230764E-002 -0.546037E-003  0.237137E-002 -0.170641E-002  0.403771E-003  0.175353E-002  0.220000E+002  0.200000E+001  0.100000E+001  0.500000E+000  0.300000E+000  0.200000E+001  0.100000E+001  0.100000E+001  0.360000E+002
  0.349364E+003  0.958953E+001  0.942478E+001 -0.376991E+001 -0.148186E-002 -0.183458E-002  0.235830E-002  0.109578E-002  0.135659E-002  0.174387E-002  0.220000E+002  0.200000E+001  0.100000E+001  0.500000E+000  0.300000E+000  0.200000E+001  0.100000E+001  0.100000E+001  0.364000E+002
  0.349364E+003  0.958953E+001  0.942478E+001 -0.376991E+001 -0.100804E-002  0.211778E-002  0.234545E-002  0.745407E-003 -0.156601E-002  0.173436E-002  0.220000E+002  0.200000E+001  0.100000E+001  0.500000E+000  0.300000E+000  0.200000E+001  0.100000E+001  0.100000E+001  0.368000E+002
  0.349364E+003  0.958953E+001  0.942478E+001 -0.376991E+001  0.233280E-002 -0.662342E-005  0.233281E-002 -0.172501E-002  0.489774E-005  0.172501E-002  0.220000E+002  0.200000E+001  0.100000E+001  0.500000E+000  0.300000E+000  0.200000E+001  0.100000E+001  0.100000E+001  0.372000E+002
  0.349364E+003  0.958953E+001  0.942478E+001 -0.376991E+001 -0.100915E-002 -0.208943E-002  0.232037E-002  0.746221E-003  0.154505E-002  0.171582E-002  0.220000E+002  0.200000E+001  0.100000E+001  0.500000E+000  0.300000E+000  0.200000E+001  0.100000E+001  0.100000E+001  0.376000E+002
  0.349364E+003  0.958953E+001  0.942478E+001 -0.376991E+001 -0.144012E-002  0.180374E-002  0.230812E-002  0.106491E-002 -0.133379E-002  0.170676E-002  0.220000E+002  0.200000E+001  0.100000E+001  0.500000E+000  0.300000E+000  0.200000E+001  0.100000E+001  0.100000E+001  0.380000E+002
  0.349364E+003  0.958953E+001  0.942478E+001 -0.376991E+001  0.223733E-002  0.516012E-003  0.229606E-002 -0.165441E-002 -0.381569E-003  0.169784E-002  0.220000E+002  0.200000E+001  0.100000E+001  0.500000E+000  0.300000E+000  0.200000E+001  0.100000E+001  0.100000E+001  0.384000E+002
  0.349364E+003  0.958953E+001  0.942478E+001 -0.376991E+001 -0.499422E-003 -0.222893E-002  0.228420E-002  0.369302E-003  0.164820E-002  0.168907E-002  0.220000E+002  0.200000E+001  0.100000E+001  0.500000E+000  0.300000E+000  0.200000E+001  0.100000E+001  0.100000E+001  0.388000E+002
  0.349364E+003  0.958953E+001  0.942478E+001 -0.376991E+001 -0.178474E-002  0.140678E-002  0.227252E-002  0.131974E-002 -0.104025E-002  0.168043E-002  0.220000E+002  0.200000E+001  0.100000E+001  0.500000E+000  0.300000E+000  0.200000E+001  0.100000E+001  0.100000E+001  0.392000E+002
  0.349364E+003  0.958953E+001  0.942478E+001 -0.376991E+001  0.202980E-002  0.996029E-003  0.226101E-002 -0.150095E-002 -0.736522E-003  0.167192E-002  0.220000E+002  0.200000E+001  0.100000E+001  0.500000E+000  0.300000E+000  0.200000E+001  0.100000E+001  0.100000E+001  0.396000E+002
  0.349364E+003  0.958953E+001  0.942478E+001 -0.376991E+001  0.204400E-004 -0.224959E-002  0.224968E-002 -0.151145E-004  0.166348E-002  0.166354E-002  0.220000E+002  0.200000E+001  0.100000E+001  0.500000E+000  0.300000E+000  0.200000E+001  0.100000E+001  0.100000E+001  0.400000E+002
  0.349364E+003  0.958953E+001  0.942478E+001 -0.376991E+001 -0.202719E-002  0.949441E-003  0.223852E-002  0.149903E-002 -0.702072E-003  0.165529E-002  0.220000E+002  0.200000E+001  0.100000E+001  0.500000E+000  0.300000E+000  0.200000E+001  0.100000E+001  0.100000E+001  0.404000E+002
  0.349364E+003  0.958953E+001  0.942478E+001 -0.376991E+001  0.172405E-002  0.141048E-002  0.222751E-002 -0.127486E-002 -0.104299E-002  0.164715E-002  0.220000E+002  0.200000E+001  0.100000E+001  0.500000E+000  0.300000E+000  0.200000E+001  0.100000E+001  0.100000E+001  0.408000E+002
  0.349364E+003  0.958953E+001  0.942478E+001 -0.376991E+001  0.523890E-003 -0.215387E-002  0.221667E-002 -0.387395E-003  0.159270E-002  0.163914E-002  0.220000E+002  0.200000E+001  0.100000E+001  0.500000E+000  0.300000E+000  0.200000E+001  0.100000E+001  0.100000E+001  0.412000E+002
  0.349364E+003  0.958953E+001  0.942478E+001 -0.376991E+001 -0.215821E-002  0.456618E-003  0.220599E-002  0.159591E-002 -0.337650E-003  0.163124E-002  0.220000E+002  0.200000E+001  0.100000E+001  0.500000E+000  0.300000E+000  0.200000E+001  0.100000E+001  0.100000E+001  0.416000E+002
  0.349364E+003  0.958953E+001  0.942478E+001 -0.376991E+001  0.133842E-002  0.174031E-002  0.219546E-002 -0.989704E-003 -0.128689E-002  0.162345E-002  0.220000E+002  0.200000E+001  0.100000E+001  0.500000E+000  0.300000E+000  0.200000E+001  0.100000E+001  0.100000E+001  0.420000E+002
  0.349364E+003  0.958953E+001  0.942478E+001 -0.376991E+001  0.985904E-003 -0.195002E-002  0.218508E-002 -0.729035E-003  0.144196E-002  0.161578E-002  0.220000E+002  0.200000E+001  0.100000E+001  0.500000E+000  0.300000E+000  0.200000E+001  0.100000E+001  0.100000E+001  0.424000E+002
  0.349364E+003  0.958953E+001  0.942478E+001 -0.376991E+001 -0.217437E-002 -0.456924E-004  0.217485E-002  0.160785E-002  0.337876E-004  0.160821E-002  0.220000E+002  0.200000E+001  0.100000E+001  0.500000E+000  0.300000E+000  0.200000E+001  0.100000E+001  0.100000E+001  0.428000E+002
  0.349364E+003  0.958953E+001  0.942478E+001 -0.376991E+001  0.894702E-003  0.197120E-002  0.216475E-002 -0.661595E-003 -0.145762E-002  0.160074E-002  0.220000E+002  0.200000E+001  0.100000E+001  0.500000E+000  0.300000E+000  0.200000E+001  0.100000E+001  0.100000E+001  0.432000E+002
  0.349364E+003  0.958953E+001  0.942478E+001 -0.376991E+001  0.138423E-002 -0.165138E-002  0.215480E-002 -0.102358E-002  0.122113E-002  0.159338E-002  0.220000E+002  0.200000E+001  0.100000E+001  0.500000E+000  0.300000E+000  0.200000E+001  0.100000E+001  0.100000E+001  0.436000E+002
  0.349364E+003  0.958953E+001  0.942478E+001 -0.376991E+001 -0.207802E-002 -0.531765E-003  0.214498E-002  0.153661E-002  0.393218E-003  0.158612E-002  0.220000E+002  0.200000E+001  0.100000E+001  0.500000E+000  0.300000E+000  0.200000E+001  0.100000E+001  0.100000E+001  0.440000E+002
  0.349364E+003  0.958953E+001  0.942478E+001 -0.376991E+001  0.417043E-003  0.209418E-002  0.213530E-002 -0.308386E-003 -0.154856E-002  0.157896E-002  0.220000E+002  0.200000E+001  0.100000E+001  0.500000E+000  0.300000E+000  0.200000E+001  0.100000E+001  0.100000E+001  0.444000E+002
  0.349364E+003  0.958953E+001  0.942478E+001 -0.376991E+001  0.170038E-002 -0.127573E-002  0.212575E-002 -0.125736E-002  0.943351E-003  0.157190E-002  0.220000E+002  0.200000E+001  0.100000E+001  0.500000E+000  0.300000E+000  0.200000E+001  0.100000E+001  0.100000E+001  0.448000E+002
  0.349364E+003  0.958953E+001  0.942478E+001 -0.376991E+001 -0.187713E-002 -0.977333E-003  0.211632E-002  0.138806E-002  0.722697E-003  0.156493E-002  0.220000E+002  0.200000E+001  0.100000E+001  0.500000E+000  0.300000E+000  0.200000E+001  0.100000E+001  0.100000E+001  0.452000E+002
  0.349364E+003  0.958953E+001  0.942478E+001 -0.376991E+001 -0.693846E-004  0.210588E-002  0.210702E-002  0.513070E-004 -0.155721E-002  0.155805E-002  0.220000E+002  0.200000E+001  0.100000E+001  0.500000E+000  0.300000E+000  0.200000E+001  0.100000E+001  0.100000E+001  0.456000E+002
  0.349364E+003  0.958953E+001  0.942478E+001 -0.376991E+001  0.192047E-002 -0.844204E-003  0.209783E-002 -0.142011E-002  0.624254E-003  0.155126E-002  0.220000E+002  0.200000E+001  0.100000E+001  0.500000E+000  0.300000E+000  0.200000E+001  0.100000E+001  0.100000E+001  0.460000E+002
  0.349364E+003  0.958953E+001  0.942478E+001 -0.376991E+001 -0.158466E-002 -0.136081E-002  0.208877E-002  0.117179E-002  0.100626E-002  0.154456E-002  0.220000E+002  0.200000E+001  0.100000E+001  0.500000E+000  0.300000E+000  0.200000E+001  0.100000E+001  0.100000E+001  0.464000E+002
  0.349364E+003  0.958953E+001  0.942478E+001 -0.376991E+001 -0.539603E-003  0.200861E-002  0.207983E-002  0.399014E-003 -0.148528E-002  0.153795E-002  0.220000E+002  0.200000E+001  0.100000E+001  0.500000E+000  0.300000E+000  0.200000E+001  0.100000E+001  0.100000E+001  0.468000E+002
  0.349364E+003  0.958953E+001  0.942478E+001 -0.376991E+001  0.203579E-002 -0.380235E-003  0.207100E-002 -0.150538E-002  0.281168E-003  0.153142E-002  0.220000E+002  0.200000E+001  0.100000E+001  0.500000E+000  0.300000E+000  0.200000E+001  0.100000E+001  0.100000E+001  0.472000E+002
  0.349364E+003  0.958953E+001  0.942478E+001 -0.376991E+001 -0.121788E-002 -0.166426E-002  0.206228E-002  0.900574E-003  0.123065E-002  0.152497E-002  0.220000E+002  0.200000E+001  0.100000E+001  0.500000E+000  0.300000E+000  0.200000E+001  0.100000E+001  0.100000E+001  0.476000E+002
  0.349364E+003  0.958953E+001  0.942478E+001 -0.376991E+001 -0.970054E-003  0.181012E-002  0.205367E-002  0.717314E-003 -0.133851E-002  0.151860E-002  0.220000E+002  0.200000E+001  0.100000E+001  0.500000E+000  0.300000E+000  0.200000E+001  0.100000E+001  0.100000E+001  0.480000E+002
  0.349364E+003  0.958953E+001  0.942478E+001 -0.376991E+001  0.204310E-002  0.917251E-004  0.204516E-002 -0.151079E-002 -0.678269E-004  0.151231E-002  0.220000E+002  0.200000E+001  0.100000E+001  0.500000E+000  0.300000E+000  0.200000E+001  0.100000E+001  0.100000E+001  0.484000E+002
  0.349364E+003  0.958953E+001  0.942478E+001 -0.376991E+001 -0.797335E-003 -0.187421E-002  0.203676E-002  0.589596E-003  0.138590E-002  0.150610E-002  0.220000E+002  0.200000E+001  0.100000E+001  0.500000E+000  0.300000E+000  0.200000E+001  0.100000E+001  0.100000E+001  0.488000E+002
  0.349364E+003  0.958953E+001  0.942478E+001 -0.376991E+001 -0.133978E-002  0.152304E-002  0.202846E-002  0.990710E-003 -0.112623E-002  0.149996E-002  0.220000E+002  0.200000E+001  0.100000E+001  0.500000E+000  0.300000E+000  0.200000E+001  0.100000E+001  0.100000E+001  0.492000E+002
  0.349364E+003  0.958953E+001  0.942478E+001 -0.376991E+001  0.194470E-002  0.547380E-003  0.202027E-002 -0.143803E-002 -0.404765E-003  0.149391E-002  0.220000E+002  0.200000E+001  0.100000E+001  0.500000E+000  0.300000E+000  0.200000E+001  0.100000E+001  0.100000E+001  0.496000E+002
  0.349364E+003  0.958953E+001  0.942478E+001 -0.376991E+001 -0.345822E-003 -0.198223E-002  0.201217E-002  0.255721E-003  0.146578E-002  0.148792E-002  0.220000E+002  0.200000E+001  0.100000E+001  0.500000E+000  0.300000E+000  0.200000E+001  0.100000E+001  0.100000E+001  0.500000E+002
  0.349364E+003  0.958953E+001  0.942478E+001 -0.376991E+001 -0.163137E-002  0.116420E-002  0.200417E-002  0.120633E-002 -0.860876E-003  0.148200E-002  0.220000E+002  0.200000E+001  0.100000E+001  0.500000E+000  0.300000E+000  0.200000E+001  0.100000E+001  0.100000E+001  0.504000E+002
  0.349364E+003  0.958953E+001  0.942478E+001 -0.376991E+001  0.295467E-002 -0.252047E-002  0.388366E-002 -0.215841E-002  0.184123E-002  0.283705E-002  0.220000E+002  0.200000E+001  0.100000E+001  0.500000E+000  0.300000E+000  0.200000E+001  0.100000E+001  0.100000E+001  0.508000E+002
  0.349364E+003  0.958953E+001  0.942478E+001 -0.376991E+001  0.127971E-002  0.548537E-002  0.563267E-002 -0.923712E-003 -0.395940E-002  0.406572E-002  0.220000E+002  0.200000E+001  0.100000E+001  0.500000E+000  0.300000E+000  0.200000E+001  0.100000E+001  0.100000E+001  0.512000E+002
  0.349364E+003  0.958953E+001  0.942478E+001 -0.376991E+001 -0.691212E-002  0.214604E-002  0.723761E-002  0.493077E-002 -0.153088E-002  0.516296E-002  0.220000E+002  0.200000E+001  0.100000E+001  0.500000E+000  0.300000E+000  0.200000E+001  0.100000E+001  0.100000E+001  0.516000E+002
  0.349364E+003  0.958953E+001  0.942478E+001 -0.376991E+001 -0.583784E-002 -0.646448E-002  0.871033E-002  0.411637E-002  0.455824E-002  0.614183E-002  0.220000E+002  0.200000E+001  0.100000E+001  0.500000E+000  0.300000E+000  0.200000E+001  0.100000E+001  0.100000E+001  0.520000E+002
  0.349364E+003  0.958953E+001  0.942478E+001 -0.376991E+001  0.140264E-002 -0.996893E-002  0.100671E-001 -0.977791E-003  0.694941E-002  0.701786E-002  0.220000E+002  0.200000E+001  0.100000E+001  0.500000E+000  0.300000E+000  0.200000E+001  0.100000E+001  0.100000E+001  0.524000E+002
  0.349364E+003  0.958953E+001  0.942478E+001 -0.376991E+001  0.820624E-002 -0.780268E-002  0.113236E-001 -0.565658E-002  0.537841E-002  0.780539E-002  0.220000E+002  0.200000E+001  0.100000E+001  0.500000E+000  0.300000E+000  0.200000E+001  0.100000E+001  0.100000E+001  0.528000E+002
  0.349364E+003  0.958953E+001  0.942478E+001 -0.376991E+001  0.120942E-001 -0.313354E-002  0.124936E-001 -0.824460E-002  0.213613E-002  0.851683E-002  0.220000E+002  0.200000E+001  0.100000E+001  0.500000E+000  0.300000E+000  0.200000E+001  0.100000E+001  0.100000E+001  0.532000E+002
  0.349364E+003  0.958953E+001  0.942478E+001 -0.376991E+001  0.134964E-001  0.158145E-002  0.135887E-001 -0.910038E-002 -0.106634E-002  0.916265E-002  0.220000E+002  0.200000E+001  0.100000E+001  0.500000E+000  0.300000E+000  0.200000E+001  0.100000E+001  0.100000E+001  0.536000E+002
  0.349364E+003  0.958953E+001  0.942478E+001 -0.376991E+001  0.136263E-001  0.529489E-002  0.146189E-001 -0.908952E-002 -0.353198E-002  0.975163E-002  0.220000E+002  0.200000E+001  0.100000E+001  0.500000E+000  0.300000E+000  0.200000E+001  0.100000E+001  0.100000E+001  0.540000E+002
  0.349364E+003  0.958953E+001  0.942478E+001 -0.376991E+001  0.135012E-001  0.780046E-002  0.155926E-001 -0.891081E-002 -0.514832E-002  0.102912E-001  0.220000E+002  0.200000E+001  0.100000E+001  0.500000E+000  0.300000E+000  0.200000E+001  0.100000E+001  0.100000E+001  0.544000E+002
  0.349364E+003  0.958953E+001  0.942478E+001 -0.376991E+001  0.137368E-001  0.917085E-002  0.165168E-001 -0.897175E-002 -0.598966E-002  0.107874E-001  0.220000E+002  0.200000E+001  0.100000E+001  0.500000E+000  0.300000E+000  0.200000E+001  0.100000E+001  0.100000E+001  0.548000E+002
  0.349364E+003  0.958953E+001  0.942478E+001 -0.376991E+001  0.146032E-001  0.945591E-002  0.173974E-001 -0.943952E-002 -0.611229E-002  0.112456E-001  0.220000E+002  0.200000E+001  0.100000E+001  0.500000E+000  0.300000E+000  0.200000E+001  0.100000E+001  0.100000E+001  0.552000E+002
  0.349364E+003  0.958953E+001  0.942478E+001 -0.376991E+001  0.160949E-001  0.858099E-002  0.182395E-001 -0.102981E-001 -0.549042E-002  0.116703E-001  0.220000E+002  0.200000E+001  0.100000E+001  0.500000E+000  0.300000E+000  0.200000E+001  0.100000E+001  0.100000E+001  0.556000E+002
  0.349364E+003  0.958953E+001  0.942478E+001 -0.376991E+001  0.179518E-001  0.636733E-002  0.190475E-001 -0.113710E-001 -0.403321E-002  0.120651E-001  0.220000E+002  0.200000E+001  0.100000E+001  0.500000E+000  0.300000E+000  0.200000E+001  0.100000E+001  0.100000E+001  0.560000E+002
  0.349364E+003  0.958953E+001  0.942478E+001 -0.376991E+001  0.196491E-001  0.263568E-002  0.198251E-001 -0.123230E-001 -0.165297E-002  0.124334E-001  0.220000E+002  0.200000E+001  0.100000E+001  0.500000E+000  0.300000E+000  0.200000E+001  0.100000E+001  0.100000E+001  0.564000E+002
  0.349364E+003  0.958953E+001  0.942478E+001 -0.376991E+001  0.204073E-001 -0.262486E-002  0.205754E-001 -0.126735E-001  0.163010E-002  0.127779E-001  0.220000E+002  0.200000E+001  0.100000E+001  0.500000E+000  0.300000E+000  0.200000E+001  0.100000E+001  0.100000E+001  0.568000E+002
  0.349364E+003  0.958953E+001  0.942478E+001 -0.376991E+001  0.192831E-001 -0.905006E-002  0.213012E-001 -0.118597E-001  0.556608E-002  0.131009E-001  0.220000E+002  0.200000E+001  0.100000E+001  0.500000E+000  0.300000E+000  0.200000E+001  0.100000E+001  0.100000E+001  0.572000E+002
  0.349364E+003  0.958953E+001  0.942478E+001 -0.376991E+001  0.153983E-001 -0.157196E-001  0.220049E-001 -0.938016E-002  0.957590E-002  0.134047E-001  0.220000E+002  0.200000E+001  0.100000E+001  0.500000E+000  0.300000E+000  0.200000E+001  0.100000E+001  0.100000E+001  0.576000E+002
  0.349364E+003  0.958953E+001  0.942478E+001 -0.376991E+001  0.831624E-002 -0.211094E-001  0.226885E-001 -0.501827E-002  0.127380E-001  0.136909E-001  0.220000E+002  0.200000E+001  0.100000E+001  0.500000E+000  0.300000E+000  0.200000E+001  0.100000E+001  0.100000E+001  0.580000E+002
  0.349364E+003  0.958953E+001  0.942478E+001 -0.376991E+001 -0.150692E-002 -0.233051E-001  0.233538E-001  0.900856E-003  0.139321E-001  0.139612E-001  0.220000E+002  0.200000E+001  0.100000E+001  0.500000E+000  0.300000E+000  0.200000E+001  0.100000E+001  0.100000E+001  0.584000E+002
  0.349364E+003  0.958953E+001  0.942478E+001 -0.376991E+001 -0.123820E-001 -0.205622E-001  0.240024E-001  0.733399E-002  0.121793E-001  0.142169E-001  0.220000E+002  0.200000E+001  0.100000E+001  0.500000E+000  0.300000E+000  0.200000E+001  0.100000E+001  0.100000E+001  0.588000E+002
  0.349364E+003  0.958953E+001  0.942478E+001 -0.376991E+001 -0.214284E-001 -0.121550E-001  0.246357E-001  0.125769E-001  0.713409E-002  0.144593E-001  0.220000E+002  0.200000E+001  0.100000E+001  0.500000E+000  0.300000E+000  0.200000E+001  0.100000E+001  0.100000E+001  0.592000E+002
  0.349364E+003  0.958953E+001  0.942478E+001 -0.376991E+001 -0.252434E-001  0.761704E-003  0.252549E-001  0.146828E-001 -0.443044E-003  0.146895E-001  0.220000E+002  0.200000E+001  0.100000E+001  0.500000E+000  0.300000E+000  0.200000E+001  0.100000E+001  0.100000E+001  0.596000E+002
  0.349364E+003  0.958953E+001  0.942478E+001 -0.376991E+001 -0.212289E-001  0.147692E-001  0.258611E-001  0.122379E-001 -0.851410E-002  0.149083E-001  0.220000E+002  0.200000E+001  0.100000E+001  0.500000E+000  0.300000E+000  0.200000E+001  0.100000E+001  0.100000E+001  0.600000E+002
  0.349364E+003  0.958953E+001  0.942478E+001 -0.376991E+001 -0.920534E-002  0.248019E-001  0.264551E-001  0.525999E-002 -0.141719E-001  0.151166E-001  0.220000E+002  0.200000E+001  0.100000E+001  0.500000E+000  0.300000E+000  0.200000E+001  0.100000E+001  0.100000E+001  0.604000E+002
  0.349364E+003  0.958953E+001  0.942478E+001 -0.376991E+001  0.748588E-002  0.259808E-001  0.270378E-001 -0.424027E-002 -0.147165E-001  0.153152E-001  0.220000E+002  0.200000E+001  0.100000E+001  0.500000E+000  0.300000E+000  0.200000E+001  0.100000E+001  0.100000E+001  0.608000E+002
  0.349364E+003  0.958953E+001  0.942478E+001 -0.376991E+001  0.223527E-001  0.162070E-001  0.276099E-001 -0.125524E-001 -0.910121E-002  0.155046E-001  0.220000E+002  0.200000E+001  0.100000E+001  0.500000E+000  0.300000E+000  0.200000E+001  0.100000E+001  0.100000E+001  0.612000E+002
  0.349364E+003  0.958953E+001  0.942478E+001 -0.376991E+001  0.281193E-001 -0.172556E-002  0.281721E-001 -0.156562E-001  0.960756E-003  0.156857E-001  0.220000E+002  0.200000E+001  0.100000E+001  0.500000E+000  0.300000E+000  0.200000E+001  0.100000E+001  0.100000E+001  0.616000E+002
  0.349364E+003  0.958953E+001  0.942478E+001 -0.376991E+001  0.205324E-001 -0.200885E-001  0.287250E-001 -0.113357E-001  0.110906E-001  0.158587E-001  0.220000E+002  0.200000E+001  0.100000E+001  0.500000E+000  0.300000E+000  0.200000E+001  0.100000E+001  0.100000E+001  0.620000E+002
  0.349364E+003  0.958953E+001  0.942478E+001 -0.376991E+001  0.174571E-002 -0.292169E-001  0.292690E-001 -0.955746E-003  0.159958E-001  0.160243E-001  0.220000E+002  0.200000E+001  0.100000E+001  0.500000E+000  0.300000E+000  0.200000E+001  0.100000E+001  0.100000E+001  0.624000E+002
  0.349364E+003  0.958953E+001  0.942478E+001 -0.376991E+001 -0.191876E-001 -0.228069E-001  0.298047E-001  0.104181E-001  0.123833E-001  0.161828E-001  0.220000E+002  0.200000E+001  0.100000E+001  0.500000E+000  0.300000E+000  0.200000E+001  0.100000E+001  0.100000E+001  0.628000E+002
  0.349364E+003  0.958953E+001  0.942478E+001 -0.376991E+001 -0.302075E-001 -0.274878E-002  0.303323E-001  0.162675E-001  0.148029E-002  0.163347E-001  0.220000E+002  0.200000E+001  0.100000E+001  0.500000E+000  0.300000E+000  0.200000E+001  0.100000E+001  0.100000E+001  0.632000E+002
  0.349364E+003  0.958953E+001  0.942478E+001 -0.376991E+001 -0.233865E-001  0.201229E-001  0.308523E-001  0.124924E-001 -0.107490E-001  0.164803E-001  0.220000E+002  0.200000E+001  0.100000E+001  0.500000E+000  0.300000E+000  0.200000E+001  0.100000E+001  0.100000E+001  0.636000E+002
  0.349364E+003  0.958953E+001  0.942478E+001 -0.376991E+001 -0.122780E-002  0.313409E-001  0.313649E-001  0.650599E-003 -0.166072E-001  0.166199E-001  0.220000E+002  0.200000E+001  0.100000E+001  0.500000E+000  0.300000E+000  0.200000E+001  0.100000E+001  0.100000E+001  0.640000E+002
  0.349364E+003  0.958953E+001  0.942478E+001 -0.376991E+001  0.228853E-001  0.221809E-001  0.318705E-001 -0.120305E-001 -0.116601E-001  0.167538E-001  0.220000E+002  0.200000E+001  0.100000E+001  0.500000E+000  0.300000E+000  0.200000E+001  0.100000E+001  0.100000E+001  0.644000E+002
  0.349364E+003  0.958953E+001  0.942478E+001 -0.376991E+001  0.322419E-001 -0.286981E-002  0.323693E-001 -0.168159E-001  0.149676E-002  0.168823E-001  0.220000E+002  0.200000E+001  0.100000E+001  0.500000E+000  0.300000E+000  0.200000E+001  0.100000E+001  0.100000E+001  0.648000E+002
  0.349364E+003  0.958953E+001  0.942478E+001 -0.376991E+001  0.187119E-001 -0.270139E-001  0.328616E-001 -0.968328E-002  0.139795E-001  0.170057E-001  0.220000E+002  0.200000E+001  0.100000E+001  0.500000E+000  0.300000E+000  0.200000E+001  0.100000E+001  0.100000E+001  0.652000E+002
  0.349364E+003  0.958953E+001  0.942478E+001 -0.376991E+001 -0.945539E-002 -0.319789E-001  0.333474E-001  0.485537E-002  0.164212E-001  0.171240E-001  0.220000E+002  0.200000E+001  0.100000E+001  0.500000E+000  0.300000E+000  0.200000E+001  0.100000E+001  0.100000E+001  0.656000E+002
  0.349364E+003  0.958953E+001  0.942478E+001 -0.376991E+001 -0.314940E-001 -0.123451E-001  0.338271E-001  0.160487E-001  0.629083E-002  0.172376E-001  0.220000E+002  0.200000E+001  0.100000E+001  0.500000E+000  0.300000E+000  0.200000E+001  0.100000E+001  0.100000E+001  0.660000E+002
  0.349364E+003  0.958953E+001  0.942478E+001 -0.376991E+001 -0.292054E-001  0.179884E-001  0.343007E-001  0.147698E-001 -0.909713E-002  0.173466E-001  0.220000E+002  0.200000E+001  0.100000E+001  0.500000E+000  0.300000E+000  0.200000E+001  0.100000E+001  0.100000E+001  0.664000E+002
  0.349364E+003  0.958953E+001  0.942478E+001 -0.376991E+001 -0.270106E-002  0.346634E-001  0.347684E-001  0.135574E-002 -0.173985E-001  0.174512E-001  0.220000E+002  0.200000E+001  0.100000E+001  0.500000E+000  0.300000E+000  0.200000E+001  0.100000E+001  0.100000E+001  0.668000E+002
  0.349364E+003  0.958953E+001  0.942478E+001 -0.376991E+001  0.271100E-001  0.224995E-001  0.352304E-001 -0.135061E-001 -0.112091E-001  0.175516E-001  0.220000E+002  0.200000E+001  0.100000E+001  0.500000E+000  0.300000E+000  0.200000E+001  0.100000E+001  0.100000E+001  0.672000E+002
  0.349364E+003  0.958953E+001  0.942478E+001 -0.376991E+001  0.343216E-001 -0.977576E-002  0.356866E-001 -0.169728E-001  0.483435E-002  0.176479E-001  0.220000E+002  0.200000E+001  0.100000E+001  0.500000E+000  0.300000E+000  0.200000E+001  0.100000E+001  0.100000E+001  0.676000E+002
  0.349364E+003  0.958953E+001  0.942478E+001 -0.376991E+001  0.109961E-001 -0.344237E-001  0.361373E-001 -0.539812E-002  0.168990E-001  0.177402E-001  0.220000E+002  0.200000E+001  0.100000E+001  0.500000E+000  0.300000E+000  0.200000E+001  0.100000E+001  0.100000E+001  0.680000E+002
  0.349364E+003  0.958953E+001  0.942478E+001 -0.376991E+001 -0.232415E-001 -0.282508E-001  0.365824E-001  0.113269E-001  0.137682E-001  0.178287E-001  0.220000E+002  0.200000E+001  0.100000E+001  0.500000E+000  0.300000E+000  0.200000E+001  0.100000E+001  0.100000E+001  0.684000E+002
  0.349364E+003  0.958953E+001  0.942478E+001 -0.376991E+001 -0.367178E-001  0.473722E-002  0.370222E-001  0.177662E-001 -0.229214E-002  0.179134E-001  0.220000E+002  0.200000E+001  0.100000E+001  0.500000E+000  0.300000E+000  0.200000E+001  0.100000E+001  0.100000E+001  0.688000E+002
  0.349364E+003  0.958953E+001  0.942478E+001 -0.376991E+001 -0.152433E-001  0.342145E-001  0.374565E-001  0.732307E-002 -0.164371E-001  0.179946E-001  0.220000E+002  0.200000E+001  0.100000E+001  0.500000E+000  0.300000E+000  0.200000E+001  0.100000E+001  0.100000E+001  0.692000E+002
  0.349364E+003  0.958953E+001  0.942478E+001 -0.376991E+001  0.219062E-001  0.309100E-001  0.378855E-001 -0.104497E-001 -0.147447E-001  0.180722E-001  0.220000E+002  0.200000E+001  0.100000E+001  0.500000E+000  0.300000E+000  0.200000E+001  0.100000E+001  0.100000E+001  0.696000E+002
  0.349364E+003  0.958953E+001  0.942478E+001 -0.376991E+001  0.381424E-001 -0.357177E-002  0.383092E-001 -0.180673E-001  0.169188E-002  0.181464E-001  0.220000E+002  0.200000E+001  0.100000E+001  0.500000E+000  0.300000E+000  0.200000E+001  0.100000E+001  0.100000E+001  0.700000E+002
  0.349364E+003  0.958953E+001  0.942478E+001 -0.376991E+001  0.157279E-001 -0.353903E-001  0.387277E-001 -0.739828E-002  0.166473E-001  0.182172E-001  0.220000E+002  0.200000E+001  0.100000E+001  0.500000E+000  0.300000E+000  0.200000E+001  0.100000E+001  0.100000E+001  0.704000E+002
  0.349364E+003  0.958953E+001  0.942478E+001 -0.376991E+001 -0.237595E-001 -0.311047E-001  0.391410E-001  0.110993E-001  0.145307E-001  0.182848E-001  0.220000E+002  0.200000E+001  0.100000E+001  0.500000E+000  0.300000E+000  0.200000E+001  0.100000E+001  0.100000E+001  0.708000E+002
  0.349364E+003  0.958953E+001  0.942478E+001 -0.376991E+001 -0.390248E-001  0.641753E-002  0.395490E-001  0.181060E-001 -0.297749E-002  0.183492E-001  0.220000E+002  0.200000E+001  0.100000E+001  0.500000E+000  0.300000E+000  0.200000E+001  0.100000E+001  0.100000E+001  0.712000E+002
  0.349364E+003  0.958953E+001  0.942478E+001 -0.376991E+001 -0.124030E-001  0.379778E-001  0.399518E-001  0.571550E-002 -0.175008E-001  0.184105E-001  0.220000E+002  0.200000E+001  0.100000E+001  0.500000E+000  0.300000E+000  0.200000E+001  0.100000E+001  0.100000E+001  0.716000E+002
  0.349364E+003  0.958953E+001  0.942478E+001 -0.376991E+001  0.285730E-001  0.284896E-001  0.403494E-001 -0.130784E-001 -0.130402E-001  0.184687E-001  0.220000E+002  0.200000E+001  0.100000E+001  0.500000E+000  0.300000E+000  0.200000E+001  0.100000E+001  0.100000E+001  0.720000E+002
  0.349364E+003  0.958953E+001  0.942478E+001 -0.376991E+001  0.385607E-001 -0.131516E-001  0.407418E-001 -0.175322E-001  0.597960E-002  0.185239E-001  0.220000E+002  0.200000E+001  0.100000E+001  0.500000E+000  0.300000E+000  0.200000E+001  0.100000E+001  0.100000E+001  0.724000E+002
  0.349364E+003  0.958953E+001  0.942478E+001 -0.376991E+001  0.490882E-002 -0.408350E-001  0.411290E-001 -0.221710E-002  0.184434E-001  0.185762E-001  0.220000E+002  0.200000E+001  0.100000E+001  0.500000E+000  0.300000E+000  0.200000E+001  0.100000E+001  0.100000E+001  0.728000E+002
  0.349364E+003  0.958953E+001  0.942478E+001 -0.376991E+001 -0.352060E-001 -0.219930E-001  0.415109E-001  0.157966E-001  0.986805E-002  0.186255E-001  0.220000E+002  0.200000E+001  0.100000E+001  0.500000E+000  0.300000E+000  0.200000E+001  0.100000E+001  0.100000E+001  0.732000E+002
  0.349364E+003  0.958953E+001  0.942478E+001 -0.376991E+001 -0.349680E-001  0.230608E-001  0.418875E-001  0.155875E-001 -0.102797E-001  0.186720E-001  0.220000E+002  0.200000E+001  0.100000E+001  0.500000E+000  0.300000E+000  0.200000E+001  0.100000E+001  0.100000E+001  0.736000E+002
  0.349364E+003  0.958953E+001  0.942478E+001 -0.376991E+001  0.684579E-002  0.417007E-001  0.422589E-001 -0.303187E-002 -0.184684E-001  0.187157E-001  0.220000E+002  0.200000E+001  0.100000E+001  0.500000E+000  0.300000E+000  0.200000E+001  0.100000E+001  0.100000E+001  0.740000E+002
  0.349364E+003  0.958953E+001  0.942478E+001 -0.376991E+001  0.413133E-001  0.104922E-001  0.426248E-001 -0.181794E-001 -0.461695E-002  0.187565E-001  0.220000E+002  0.200000E+001  0.100000E+001  0.500000E+000  0.300000E+000  0.200000E+001  0.100000E+001  0.100000E+001  0.744000E+002
  0.349364E+003  0.958953E+001  0.942478E+001 -0.376991E+001  0.260644E-001 -0.341817E-001  0.429854E-001 -0.113962E-001  0.149454E-001  0.187946E-001  0.220000E+002  0.200000E+001  0.100000E+001  0.500000E+000  0.300000E+000  0.200000E+001  0.100000E+001  0.100000E+001  0.748000E+002
  0.349364E+003  0.958953E+001  0.942478E+001 -0.376991E+001 -0.217233E-001 -0.375033E-001  0.433405E-001  0.943805E-002  0.162939E-001  0.188300E-001  0.220000E+002  0.200000E+001  0.100000E+001  0.500000E+000  0.300000E+000  0.200000E+001  0.100000E+001  0.100000E+001  0.752000E+002
  0.349364E+003  0.958953E+001  0.942478E+001 -0.376991E+001 -0.432690E-001  0.605095E-002  0.436900E-001  0.186809E-001 -0.261243E-002  0.188627E-001  0.220000E+002  0.200000E+001  0.100000E+001  0.500000E+000  0.300000E+000  0.200000E+001  0.100000E+001  0.100000E+001  0.756000E+002
  0.349364E+003  0.958953E+001  0.942478E+001 -0.376991E+001 -0.104275E-001  0.427816E-001  0.440340E-001  0.447387E-002 -0.183553E-001  0.188926E-001  0.220000E+002  0.200000E+001  0.100000E+001  0.500000E+000  0.300000E+000  0.200000E+001  0.100000E+001  0.100000E+001  0.760000E+002
  0.349364E+003  0.958953E+001  0.942478E+001 -0.376991E+001  0.363891E-001  0.253917E-001  0.443723E-001 -0.155160E-001 -0.108268E-001  0.189199E-001  0.220000E+002  0.200000E+001  0.100000E+001  0.500000E+000  0.300000E+000  0.200000E+001  0.100000E+001  0.100000E+001  0.764000E+002
  0.349364E+003  0.958953E+001  0.942478E+001 -0.376991E+001  0.369198E-001 -0.252081E-001  0.447048E-001 -0.156455E-001  0.106824E-001  0.189445E-001  0.220000E+002  0.200000E+001  0.100000E+001  0.500000E+000  0.300000E+000  0.200000E+001  0.100000E+001  0.100000E+001  0.768000E+002
  0.349364E+003  0.958953E+001  0.942478E+001 -0.376991E+001 -0.108830E-001 -0.436966E-001  0.450315E-001  0.458373E-002  0.184043E-001  0.189665E-001  0.220000E+002  0.200000E+001  0.100000E+001  0.500000E+000  0.300000E+000  0.200000E+001  0.100000E+001  0.100000E+001  0.772000E+002
  0.349364E+003  0.958953E+001  0.942478E+001 -0.376991E+001 -0.451092E-001 -0.468846E-002  0.453522E-001  0.188841E-001  0.196273E-002  0.189858E-001  0.220000E+002  0.200000E+001  0.100000E+001  0.500000E+000  0.300000E+000  0.200000E+001  0.100000E+001  0.100000E+001  0.776000E+002
  0.349364E+003  0.958953E+001  0.942478E+001 -0.376991E+001 -0.196187E-001  0.412378E-001  0.456668E-001  0.816356E-002 -0.171595E-001  0.190024E-001  0.220000E+002  0.200000E+001  0.100000E+001  0.500000E+000  0.300000E+000  0.200000E+001  0.100000E+001  0.100000E+001  0.780000E+002
  0.349364E+003  0.958953E+001  0.942478E+001 -0.376991E+001  0.327637E-001  0.322530E-001  0.459752E-001 -0.135518E-001 -0.133406E-001  0.190164E-001  0.220000E+002  0.200000E+001  0.100000E+001  0.500000E+000  0.300000E+000  0.200000E+001  0.100000E+001  0.100000E+001  0.784000E+002
  0.349364E+003  0.958953E+001  0.942478E+001 -0.376991E+001  0.413301E-001 -0.208184E-001  0.462772E-001 -0.169936E-001  0.855986E-002  0.190277E-001  0.220000E+002  0.200000E+001  0.100000E+001  0.500000E+000  0.300000E+000  0.200000E+001  0.100000E+001  0.100000E+001  0.788000E+002
  0.349364E+003  0.958953E+001  0.942478E+001 -0.376991E+001 -0.680638E-002 -0.460728E-001  0.465728E-001  0.278207E-002  0.188320E-001  0.190363E-001  0.220000E+002  0.200000E+001  0.100000E+001  0.500000E+000  0.300000E+000  0.200000E+001  0.100000E+001  0.100000E+001  0.792000E+002
  0.349364E+003  0.958953E+001  0.942478E+001 -0.376991E+001 -0.462121E-001 -0.777657E-002  0.468618E-001  0.187783E-001  0.316000E-002  0.190423E-001  0.220000E+002  0.200000E+001  0.100000E+001  0.500000E+000  0.300000E+000  0.200000E+001  0.100000E+001  0.100000E+001  0.796000E+002
  0.349364E+003  0.958953E+001  0.942478E+001 -0.376991E+001 -0.215060E-001  0.419530E-001  0.471441E-001  0.868811E-002 -0.169484E-001  0.190455E-001  0.220000E+002  0.200000E+001  0.100000E+001  0.500000E+000  0.300000E+000  0.200000E+001  0.100000E+001  0.100000E+001  0.800000E+002
  0.349364E+003  0.958953E+001  0.942478E+001 -0.376991E+001  0.338975E-001  0.331595E-001  0.474194E-001 -0.136149E-001 -0.133185E-001  0.190460E-001  0.220000E+002  0.200000E+001  0.100000E+001  0.500000E+000  0.300000E+000  0.200000E+001  0.100000E+001  0.100000E+001  0.804000E+002
  0.349364E+003  0.958953E+001  0.942478E+001 -0.376991E+001  0.418075E-001 -0.229399E-001  0.476876E-001 -0.166956E-001  0.916091E-002  0.190437E-001  0.220000E+002  0.200000E+001  0.100000E+001  0.500000E+000  0.300000E+000  0.200000E+001  0.100000E+001  0.100000E+001  0.808000E+002
  0.349364E+003  0.958953E+001  0.942478E+001 -0.376991E+001 -0.101504E-001 -0.468618E-001  0.479485E-001  0.403036E-002  0.186072E-001  0.190387E-001  0.220000E+002  0.200000E+001  0.100000E+001  0.500000E+000  0.300000E+000  0.200000E+001  0.100000E+001  0.100000E+001  0.812000E+002
  0.349364E+003  0.958953E+001  0.942478E+001 -0.376991E+001 -0.480861E-001 -0.333977E-002  0.482020E-001  0.189851E-001  0.131859E-002  0.190308E-001  0.220000E+002  0.200000E+001  0.100000E+001  0.500000E+000  0.300000E+000  0.200000E+001  0.100000E+001  0.100000E+001  0.816000E+002
  0.349364E+003  0.958953E+001  0.942478E+001 -0.376991E+001 -0.164406E-001  0.455729E-001  0.484477E-001  0.645442E-002 -0.178915E-001  0.190202E-001  0.220000E+002  0.200000E+001  0.100000E+001  0.500000E+000  0.300000E+000  0.200000E+001  0.100000E+001  0.100000E+001  0.820000E+002
  0.349364E+003  0.958953E+001  0.942478E+001 -0.376991E+001  0.396963E-001  0.281869E-001  0.486857E-001 -0.154972E-001 -0.110040E-001  0.190066E-001  0.220000E+002  0.200000E+001  0.100000E+001  0.500000E+000  0.300000E+000  0.200000E+001  0.100000E+001  0.100000E+001  0.824000E+002
  0.349364E+003  0.958953E+001  0.942478E+001 -0.376991E+001  0.377986E-001 -0.310482E-001  0.489155E-001 -0.146743E-001  0.120536E-001  0.189901E-001  0.220000E+002  0.200000E+001  0.100000E+001  0.500000E+000  0.300000E+000  0.200000E+001  0.100000E+001  0.100000E+001  0.828000E+002
  0.349364E+003  0.958953E+001  0.942478E+001 -0.376991E+001 -0.203677E-001 -0.447170E-001  0.491371E-001  0.786352E-002  0.172642E-001  0.189707E-001  0.220000E+002  0.200000E+001  0.100000E+001  0.500000E+000  0.300000E+000  0.200000E+001  0.100000E+001  0.100000E+001  0.832000E+002
  0.349364E+003  0.958953E+001  0.942478E+001 -0.376991E+001 -0.486180E-001  0.846906E-002  0.493501E-001  0.186672E-001 -0.325176E-002  0.189483E-001  0.220000E+002  0.200000E+001  0.100000E+001  0.500000E+000  0.300000E+000  0.200000E+001  0.100000E+001  0.100000E+001  0.836000E+002
  0.349364E+003  0.958953E+001  0.942478E+001 -0.376991E+001 -0.382449E-002  0.494066E-001  0.495544E-001  0.146043E-002 -0.188665E-001  0.189229E-001  0.220000E+002  0.200000E+001  0.100000E+001  0.500000E+000  0.300000E+000  0.200000E+001  0.100000E+001  0.100000E+001  0.840000E+002
  0.349364E+003  0.958953E+001  0.942478E+001 -0.376991E+001  0.471950E-001  0.157373E-001  0.497497E-001 -0.179242E-001 -0.597688E-002  0.188944E-001  0.220000E+002  0.200000E+001  0.100000E+001  0.500000E+000  0.300000E+000  0.200000E+001  0.100000E+001  0.100000E+001  0.844000E+002
  0.349364E+003  0.958953E+001  0.942478E+001 -0.376991E+001  0.265863E-001 -0.422700E-001  0.499358E-001 -0.100428E-001  0.159672E-001  0.188629E-001  0.220000E+002  0.200000E+001  0.100000E+001  0.500000E+000  0.300000E+000  0.200000E+001  0.100000E+001  0.100000E+001  0.848000E+002
  0.349364E+003  0.958953E+001  0.942478E+001 -0.376991E+001 -0.350533E-001 -0.358123E-001  0.501124E-001  0.131701E-001  0.134553E-001  0.188281E-001  0.220000E+002  0.200000E+001  0.100000E+001  0.500000E+000  0.300000E+000  0.200000E+001  0.100000E+001  0.100000E+001  0.852000E+002
  0.349364E+003  0.958953E+001  0.942478E+001 -0.376991E+001 -0.429991E-001  0.260594E-001  0.502793E-001  0.160695E-001 -0.973881E-002  0.187902E-001  0.220000E+002  0.200000E+001  0.100000E+001  0.500000E+000  0.300000E+000  0.200000E+001  0.100000E+001  0.100000E+001  0.856000E+002
  0.349364E+003  0.958953E+001  0.942478E+001 -0.376991E+001  0.158539E-001  0.478798E-001  0.504363E-001 -0.589348E-002 -0.177987E-001  0.187490E-001  0.220000E+002  0.200000E+001  0.100000E+001  0.500000E+000  0.300000E+000  0.200000E+001  0.100000E+001  0.100000E+001  0.860000E+002
  0.349364E+003  0.958953E+001  0.942478E+001 -0.376991E+001  0.503338E-001 -0.501519E-002  0.505830E-001 -0.186124E-001  0.185452E-002  0.187046E-001  0.220000E+002  0.200000E+001  0.100000E+001  0.500000E+000  0.300000E+000  0.200000E+001  0.100000E+001  0.100000E+001  0.864000E+002
  0.349364E+003  0.958953E+001  0.942478E+001 -0.376991E+001  0.589889E-002 -0.503751E-001  0.507193E-001 -0.216988E-002  0.185302E-001  0.186568E-001  0.220000E+002  0.200000E+001  0.100000E+001  0.500000E+000  0.300000E+000  0.200000E+001  0.100000E+001  0.100000E+001  0.868000E+002
  0.349364E+003  0.958953E+001  0.942478E+001 -0.376991E+001 -0.481348E-001 -0.163780E-001  0.508448E-001  0.176140E-001  0.599321E-002  0.186057E-001  0.220000E+002  0.200000E+001  0.100000E+001  0.500000E+000  0.300000E+000  0.200000E+001  0.100000E+001  0.100000E+001  0.872000E+002
  0.349364E+003  0.958953E+001  0.942478E+001 -0.376991E+001 -0.259794E-001  0.438398E-001  0.509594E-001  0.945750E-002 -0.159594E-001  0.185512E-001  0.220000E+002  0.200000E+001  0.100000E+001  0.500000E+000  0.300000E+000  0.200000E+001  0.100000E+001  0.100000E+001  0.876000E+002
  0.349364E+003  0.958953E+001  0.942478E+001 -0.376991E+001  0.377898E-001  0.343415E-001  0.510628E-001 -0.136862E-001 -0.124373E-001  0.184932E-001  0.220000E+002  0.200000E+001  0.100000E+001  0.500000E+000  0.300000E+000  0.200000E+001  0.100000E+001  0.100000E+001  0.880000E+002
  0.349364E+003  0.958953E+001  0.942478E+001 -0.376991E+001  0.411910E-001 -0.303332E-001  0.511547E-001 -0.148417E-001  0.109295E-001  0.184317E-001  0.220000E+002  0.200000E+001  0.100000E+001  0.500000E+000  0.300000E+000  0.200000E+001  0.100000E+001  0.100000E+001  0.884000E+002
  0.349364E+003  0.958953E+001  0.942478E+001 -0.376991E+001 -0.218458E-001 -0.463441E-001  0.512349E-001  0.783132E-002  0.166135E-001  0.183668E-001  0.220000E+002  0.200000E+001  0.100000E+001  0.500000E+000  0.300000E+000  0.200000E+001  0.100000E+001  0.100000E+001  0.888000E+002
  0.349364E+003  0.958953E+001  0.942478E+001 -0.376991E+001 -0.497040E-001  0.127097E-001  0.513033E-001  0.177279E-001 -0.453314E-002  0.182983E-001  0.220000E+002  0.200000E+001  0.100000E+001  0.500000E+000  0.300000E+000  0.200000E+001  0.100000E+001  0.100000E+001  0.892000E+002
  0.349364E+003  0.958953E+001  0.942478E+001 -0.376991E+001  0.329617E-002  0.512536E-001  0.513594E-001 -0.116973E-002 -0.181886E-001  0.182262E-001  0.220000E+002  0.200000E+001  0.100000E+001  0.500000E+000  0.300000E+000  0.200000E+001  0.100000E+001  0.100000E+001  0.896000E+002
  0.349364E+003  0.958953E+001  0.942478E+001 -0.376991E+001  0.510462E-001  0.604827E-002  0.514033E-001 -0.180245E-001 -0.213565E-002  0.181506E-001  0.220000E+002  0.200000E+001  0.100000E+001  0.500000E+000  0.300000E+000  0.200000E+001  0.100000E+001  0.100000E+001  0.900000E+002
  0.349364E+003  0.958953E+001  0.942478E+001 -0.376991E+001  0.150132E-001 -0.491947E-001  0.514346E-001 -0.527481E-002  0.172844E-001  0.180713E-001  0.220000E+002  0.200000E+001  0.100000E+001  0.500000E+000  0.300000E+000  0.200000E+001  0.100000E+001  0.100000E+001  0.904000E+002
  0.349364E+003  0.958953E+001  0.942478E+001 -0.376991E+001 -0.458592E-001 -0.233316E-001  0.514532E-001  0.160327E-001  0.815694E-002  0.179885E-001  0.220000E+002  0.200000E+001  0.100000E+001  0.500000E+000  0.300000E+000  0.200000E+001  0.100000E+001  0.100000E+001  0.908000E+002
  0.349364E+003  0.958953E+001  0.942478E+001 -0.376991E+001 -0.307850E-001  0.412347E-001  0.514589E-001  0.107097E-001 -0.143451E-001  0.179020E-001  0.220000E+002  0.200000E+001  0.100000E+001  0.500000E+000  0.300000E+000  0.200000E+001  0.100000E+001  0.100000E+001  0.912000E+002
  0.349364E+003  0.958953E+001  0.942478E+001 -0.376991E+001  0.355399E-001  0.372045E-001  0.514515E-001 -0.123035E-001 -0.128797E-001  0.178119E-001  0.220000E+002  0.200000E+001  0.100000E+001  0.500000E+000  0.300000E+000  0.200000E+001  0.100000E+001  0.100000E+001  0.916000E+002
  0.349364E+003  0.958953E+001  0.942478E+001 -0.376991E+001  0.424713E-001 -0.290058E-001  0.514310E-001 -0.146315E-001  0.999258E-002  0.177181E-001  0.220000E+002  0.200000E+001  0.100000E+001  0.500000E+000  0.300000E+000  0.200000E+001  0.100000E+001  0.100000E+001  0.920000E+002
  0.349364E+003  0.958953E+001  0.942478E+001 -0.376991E+001 -0.218662E-001 -0.465138E-001  0.513972E-001  0.749653E-002  0.159466E-001  0.176208E-001  0.220000E+002  0.200000E+001  0.100000E+001  0.500000E+000  0.300000E+000  0.200000E+001  0.100000E+001  0.100000E+001  0.924000E+002
  0.349364E+003  0.958953E+001  0.942478E+001 -0.376991E+001 -0.493042E-001  0.143496E-001  0.513500E-001  0.168219E-001 -0.489589E-002  0.175199E-001  0.220000E+002  0.200000E+001  0.100000E+001  0.500000E+000  0.300000E+000  0.200000E+001  0.100000E+001  0.100000E+001  0.928000E+002
  0.349364E+003  0.958953E+001  0.942478E+001 -0.376991E+001  0.667207E-002  0.508535E-001  0.512893E-001 -0.226551E-002 -0.172674E-001  0.174154E-001  0.220000E+002  0.200000E+001  0.100000E+001  0.500000E+000  0.300000E+000  0.200000E+001  0.100000E+001  0.100000E+001  0.932000E+002
  0.349364E+003  0.958953E+001  0.942478E+001 -0.376991E+001  0.512060E-001  0.967931E-003  0.512151E-001 -0.173043E-001 -0.327098E-003  0.173074E-001  0.220000E+002  0.200000E+001  0.100000E+001  0.500000E+000  0.300000E+000  0.200000E+001  0.100000E+001  0.100000E+001  0.936000E+002
  0.349364E+003  0.958953E+001  0.942478E+001 -0.376991E+001  0.839326E-002 -0.504338E-001  0.511274E-001 -0.282294E-002  0.169626E-001  0.171959E-001  0.220000E+002  0.200000E+001  0.100000E+001  0.500000E+000  0.300000E+000  0.200000E+001  0.100000E+001  0.100000E+001  0.940000E+002
  0.349364E+003  0.958953E+001  0.942478E+001 -0.376991E+001 -0.486308E-001 -0.154508E-001  0.510262E-001  0.162791E-001  0.517212E-002  0.170810E-001  0.220000E+002  0.200000E+001  0.100000E+001  0.500000E+000  0.300000E+000  0.200000E+001  0.100000E+001  0.100000E+001  0.944000E+002
  0.349364E+003  0.958953E+001  0.942478E+001 -0.376991E+001 -0.220125E-001  0.459068E-001  0.509115E-001  0.733411E-002 -0.152952E-001  0.169626E-001  0.220000E+002  0.200000E+001  0.100000E+001  0.500000E+000  0.300000E+000  0.200000E+001  0.100000E+001  0.100000E+001  0.948000E+002
  0.349364E+003  0.958953E+001  0.942478E+001 -0.376991E+001  0.423826E-001  0.279762E-001  0.507834E-001 -0.140551E-001 -0.927760E-002  0.168410E-001  0.220000E+002  0.200000E+001  0.100000E+001  0.500000E+000  0.300000E+000  0.200000E+001  0.100000E+001  0.100000E+001  0.952000E+002
  0.349364E+003  0.958953E+001  0.942478E+001 -0.376991E+001  0.332644E-001 -0.381849E-001  0.506419E-001 -0.109801E-001  0.126043E-001  0.167162E-001  0.220000E+002  0.200000E+001  0.100000E+001  0.500000E+000  0.300000E+000  0.200000E+001  0.100000E+001  0.100000E+001  0.956000E+002
  0.349364E+003  0.958953E+001  0.942478E+001 -0.376991E+001 -0.334419E-001 -0.378232E-001  0.504872E-001  0.109877E-001  0.124272E-001  0.165881E-001  0.220000E+002  0.200000E+001  0.100000E+001  0.500000E+000  0.300000E+000  0.200000E+001  0.100000E+001  0.100000E+001  0.960000E+002
  0.349364E+003  0.958953E+001  0.942478E+001 -0.376991E+001 -0.416208E-001  0.282800E-001  0.503194E-001  0.136122E-001 -0.924902E-002  0.164571E-001  0.220000E+002  0.200000E+001  0.100000E+001  0.500000E+000  0.300000E+000  0.200000E+001  0.100000E+001  0.100000E+001  0.964000E+002
  0.349364E+003  0.958953E+001  0.942478E+001 -0.376991E+001  0.228200E-001  0.446447E-001  0.501388E-001 -0.742922E-002 -0.145344E-001  0.163230E-001  0.220000E+002  0.200000E+001  0.100000E+001  0.500000E+000  0.300000E+000  0.200000E+001  0.100000E+001  0.100000E+001  0.968000E+002
  0.349364E+003  0.958953E+001  0.942478E+001 -0.376991E+001  0.468995E-001 -0.171755E-001  0.499456E-001 -0.151990E-001  0.556616E-002  0.161862E-001  0.220000E+002  0.200000E+001  0.100000E+001  0.500000E+000  0.300000E+000  0.200000E+001  0.100000E+001  0.100000E+001  0.972000E+002
  0.349364E+003  0.958953E+001  0.942478E+001 -0.376991E+001 -0.114497E-001 -0.484043E-001  0.497400E-001  0.369378E-002  0.156157E-001  0.160466E-001  0.220000E+002  0.200000E+001  0.100000E+001  0.500000E+000  0.300000E+000  0.200000E+001  0.100000E+001  0.100000E+001  0.976000E+002
  0.349364E+003  0.958953E+001  0.942478E+001 -0.376991E+001 -0.491893E-001  0.573454E-002  0.495225E-001  0.157975E-001 -0.184168E-002  0.159045E-001  0.220000E+002  0.200000E+001  0.100000E+001  0.500000E+000  0.300000E+000  0.200000E+001  0.100000E+001  0.100000E+001  0.980000E+002
  0.349364E+003  0.958953E+001  0.942478E+001 -0.376991E+001  0.108395E-003  0.492933E-001  0.492934E-001 -0.346559E-004 -0.157599E-001  0.157600E-001  0.220000E+002  0.200000E+001  0.100000E+001  0.500000E+000  0.300000E+000  0.200000E+001  0.100000E+001  0.100000E+001  0.984000E+002
  0.349364E+003  0.958953E+001  0.942478E+001 -0.376991E+001  0.487589E-001  0.536676E-002  0.490534E-001 -0.155195E-001 -0.170819E-002  0.156133E-001  0.220000E+002  0.200000E+001  0.100000E+001  0.500000E+000  0.300000E+000  0.200000E+001  0.100000E+001  0.100000E+001  0.988000E+002
  0.349364E+003  0.958953E+001  0.942478E+001 -0.376991E+001  0.106531E-001 -0.476263E-001  0.488032E-001 -0.337576E-002  0.150918E-001  0.154647E-001  0.220000E+002  0.200000E+001  0.100000E+001  0.500000E+000  0.300000E+000  0.200000E+001  0.100000E+001  0.100000E+001  0.992000E+002
  0.349364E+003  0.958953E+001  0.942478E+001 -0.376991E+001 -0.459104E-001 -0.157746E-001  0.485449E-001  0.144838E-001  0.497657E-002  0.153149E-001  0.220000E+002  0.200000E+001  0.100000E+001  0.500000E+000  0.300000E+000  0.200000E+001  0.100000E+001  0.100000E+001  0.996000E+002
