 % the field is ppp
% Dinn5 settings , t1, t2, t3, t4, tm, tp, eps, step, IntLimit
%   0.250000E+001  0.250000E+001  0.250000E+001  0.280000E+002  0.200000E-001  0.000000E+000  0.100000E-005  0.100000E-001  0.100000E+006
% 1)psi, 2) R, 3) x, 4) z, 5) re(u), 6) im(u), 7) abs(u), 8) re(w), 9) im(w), 10) abs(w), 11) fieldCode, 12) cp(1), 13) cp(2), 14) cs(1), 15) cs(2), 16) rho(1), 17) rho(2), 18) h, 19) w
 -0.893898E+002  0.177001E+001  0.100000E+000 -0.200000E+002  0.549125E-004 -0.748192E-004  0.928078E-004 -0.119568E-001  0.198250E-001  0.231516E-001  0.110000E+002  0.200000E+001  0.100000E+001  0.500000E+000  0.300000E+000  0.200000E+001  0.100000E+001  0.100000E+001  0.100000E+002
 -0.869519E+002  0.177242E+001  0.500000E+000 -0.200000E+002  0.277581E-003 -0.371104E-003  0.463432E-003 -0.121207E-001  0.196952E-001  0.231260E-001  0.110000E+002  0.200000E+001  0.100000E+001  0.500000E+000  0.300000E+000  0.200000E+001  0.100000E+001  0.100000E+001  0.100000E+002
 -0.845249E+002  0.177802E+001  0.900000E+000 -0.200000E+002  0.512094E-003 -0.655265E-003  0.831633E-003 -0.124976E-001  0.193873E-001  0.230664E-001  0.110000E+002  0.200000E+001  0.100000E+001  0.500000E+000  0.300000E+000  0.200000E+001  0.100000E+001  0.100000E+001  0.100000E+002
 -0.821175E+002  0.178679E+001  0.130000E+001 -0.200000E+002  0.767010E-003 -0.917006E-003  0.119549E-002 -0.130740E-001  0.188900E-001  0.229731E-001  0.110000E+002  0.200000E+001  0.100000E+001  0.500000E+000  0.300000E+000  0.200000E+001  0.100000E+001  0.100000E+001  0.100000E+002
 -0.797378E+002  0.179869E+001  0.170000E+001 -0.200000E+002  0.104927E-002 -0.114510E-002  0.155313E-002 -0.138280E-001  0.181865E-001  0.228465E-001  0.110000E+002  0.200000E+001  0.100000E+001  0.500000E+000  0.300000E+000  0.200000E+001  0.100000E+001  0.100000E+001  0.100000E+002
 -0.773933E+002  0.181364E+001  0.210000E+001 -0.200000E+002  0.136344E-002 -0.132717E-002  0.190273E-002 -0.147288E-001  0.172559E-001  0.226871E-001  0.110000E+002  0.200000E+001  0.100000E+001  0.500000E+000  0.300000E+000  0.200000E+001  0.100000E+001  0.100000E+001  0.100000E+002
 -0.750909E+002  0.183157E+001  0.250000E+001 -0.200000E+002  0.171088E-002 -0.144973E-002  0.224251E-002 -0.157360E-001  0.160760E-001  0.224958E-001  0.110000E+002  0.200000E+001  0.100000E+001  0.500000E+000  0.300000E+000  0.200000E+001  0.100000E+001  0.100000E+001  0.100000E+002
 -0.728367E+002  0.185240E+001  0.290000E+001 -0.200000E+002  0.208893E-002 -0.149847E-002  0.257080E-002 -0.167988E-001  0.146253E-001  0.222733E-001  0.110000E+002  0.200000E+001  0.100000E+001  0.500000E+000  0.300000E+000  0.200000E+001  0.100000E+001  0.100000E+001  0.100000E+002
 -0.706360E+002  0.187604E+001  0.330000E+001 -0.200000E+002  0.249013E-002 -0.145890E-002  0.288603E-002 -0.178561E-001  0.128867E-001  0.220206E-001  0.110000E+002  0.200000E+001  0.100000E+001  0.500000E+000  0.300000E+000  0.200000E+001  0.100000E+001  0.100000E+001  0.100000E+002
 -0.684931E+002  0.190237E+001  0.370000E+001 -0.200000E+002  0.290163E-002 -0.131741E-002  0.318669E-002 -0.188371E-001  0.108511E-001  0.217389E-001  0.110000E+002  0.200000E+001  0.100000E+001  0.500000E+000  0.300000E+000  0.200000E+001  0.100000E+001  0.100000E+001  0.100000E+002
 -0.664115E+002  0.193128E+001  0.410000E+001 -0.200000E+002  0.330479E-002 -0.106266E-002  0.347144E-002 -0.196623E-001  0.852129E-002  0.214294E-001  0.110000E+002  0.200000E+001  0.100000E+001  0.500000E+000  0.300000E+000  0.200000E+001  0.100000E+001  0.100000E+001  0.100000E+002
 -0.643939E+002  0.196267E+001  0.450000E+001 -0.200000E+002  0.367529E-002 -0.687350E-003  0.373901E-002 -0.202465E-001  0.591628E-002  0.210932E-001  0.110000E+002  0.200000E+001  0.100000E+001  0.500000E+000  0.300000E+000  0.200000E+001  0.100000E+001  0.100000E+001  0.100000E+002
 -0.624422E+002  0.199642E+001  0.490000E+001 -0.200000E+002  0.398377E-002 -0.190169E-003  0.398831E-002 -0.205026E-001  0.307470E-002  0.207319E-001  0.110000E+002  0.200000E+001  0.100000E+001  0.500000E+000  0.300000E+000  0.200000E+001  0.100000E+001  0.100000E+001  0.100000E+002
 -0.605574E+002  0.203240E+001  0.530000E+001 -0.200000E+002  0.419717E-002  0.422141E-003  0.421835E-002 -0.203467E-001  0.576778E-004  0.203468E-001  0.110000E+002  0.200000E+001  0.100000E+001  0.500000E+000  0.300000E+000  0.200000E+001  0.100000E+001  0.100000E+001  0.100000E+002
 -0.587402E+002  0.207050E+001  0.570000E+001 -0.200000E+002  0.428090E-002  0.113296E-002  0.442828E-002 -0.197048E-001 -0.304967E-002  0.199394E-001  0.110000E+002  0.200000E+001  0.100000E+001  0.500000E+000  0.300000E+000  0.200000E+001  0.100000E+001  0.100000E+001  0.100000E+002
 -0.569902E+002  0.211061E+001  0.610000E+001 -0.200000E+002  0.420183E-002  0.191446E-002  0.461742E-002 -0.185205E-001 -0.613880E-002  0.195113E-001  0.110000E+002  0.200000E+001  0.100000E+001  0.500000E+000  0.300000E+000  0.200000E+001  0.100000E+001  0.100000E+001  0.100000E+002
 -0.553071E+002  0.215262E+001  0.650000E+001 -0.200000E+002  0.393202E-002  0.272715E-002  0.478520E-002 -0.167626E-001 -0.908062E-002  0.190642E-001  0.110000E+002  0.200000E+001  0.100000E+001  0.500000E+000  0.300000E+000  0.200000E+001  0.100000E+001  0.100000E+001  0.100000E+002
 -0.536897E+002  0.219641E+001  0.690000E+001 -0.200000E+002  0.345287E-002  0.352057E-002  0.493120E-002 -0.144333E-001 -0.117312E-001  0.185995E-001  0.110000E+002  0.200000E+001  0.100000E+001  0.500000E+000  0.300000E+000  0.200000E+001  0.100000E+001  0.100000E+001  0.100000E+002
 -0.521367E+002  0.224188E+001  0.730000E+001 -0.200000E+002  0.275942E-002  0.423559E-002  0.505516E-002 -0.115741E-001 -0.139404E-001  0.181189E-001  0.110000E+002  0.200000E+001  0.100000E+001  0.500000E+000  0.300000E+000  0.200000E+001  0.100000E+001  0.100000E+001  0.100000E+002
 -0.506465E+002  0.228893E+001  0.770000E+001 -0.200000E+002  0.186409E-002  0.480824E-002  0.515694E-002 -0.827020E-002 -0.155632E-001  0.176242E-001  0.110000E+002  0.200000E+001  0.100000E+001  0.500000E+000  0.300000E+000  0.200000E+001  0.100000E+001  0.100000E+001  0.100000E+002
 -0.492173E+002  0.233747E+001  0.810000E+001 -0.200000E+002  0.799414E-003  0.517518E-002  0.523655E-002 -0.465095E-002 -0.164729E-001  0.171168E-001  0.110000E+002  0.200000E+001  0.100000E+001  0.500000E+000  0.300000E+000  0.200000E+001  0.100000E+001  0.100000E+001  0.100000E+002
 -0.478470E+002  0.238740E+001  0.850000E+001 -0.200000E+002 -0.381128E-003  0.528040E-002  0.529414E-002 -0.886113E-003 -0.165750E-001  0.165986E-001  0.110000E+002  0.200000E+001  0.100000E+001  0.500000E+000  0.300000E+000  0.200000E+001  0.100000E+001  0.100000E+001  0.100000E+002
 -0.465336E+002  0.243864E+001  0.890000E+001 -0.200000E+002 -0.160458E-002  0.508271E-002  0.532997E-002  0.282270E-002 -0.158214E-001  0.160712E-001  0.110000E+002  0.200000E+001  0.100000E+001  0.500000E+000  0.300000E+000  0.200000E+001  0.100000E+001  0.100000E+001  0.100000E+002
 -0.452749E+002  0.249111E+001  0.930000E+001 -0.200000E+002 -0.278276E-002  0.456283E-002  0.534445E-002  0.625549E-002 -0.142212E-001  0.155362E-001  0.110000E+002  0.200000E+001  0.100000E+001  0.500000E+000  0.300000E+000  0.200000E+001  0.100000E+001  0.100000E+001  0.100000E+002
 -0.440687E+002  0.254473E+001  0.970000E+001 -0.200000E+002 -0.381930E-002  0.372939E-002  0.533811E-002  0.919159E-002 -0.118480E-001  0.149954E-001  0.110000E+002  0.200000E+001  0.100000E+001  0.500000E+000  0.300000E+000  0.200000E+001  0.100000E+001  0.100000E+001  0.100000E+002
 -0.429127E+002  0.259943E+001  0.101000E+002 -0.200000E+002 -0.461910E-002  0.262240E-002  0.531160E-002  0.114302E-001 -0.884085E-002  0.144502E-001  0.110000E+002  0.200000E+001  0.100000E+001  0.500000E+000  0.300000E+000  0.200000E+001  0.100000E+001  0.100000E+001  0.100000E+002
 -0.418048E+002  0.265515E+001  0.105000E+002 -0.200000E+002 -0.509926E-002  0.131336E-002  0.526568E-002  0.128115E-001 -0.539867E-002  0.139025E-001  0.110000E+002  0.200000E+001  0.100000E+001  0.500000E+000  0.300000E+000  0.200000E+001  0.100000E+001  0.100000E+001  0.100000E+002
 -0.407428E+002  0.271182E+001  0.109000E+002 -0.200000E+002 -0.520030E-002 -0.987595E-004  0.520123E-002  0.132364E-001 -0.176706E-002  0.133538E-001  0.110000E+002  0.200000E+001  0.100000E+001  0.500000E+000  0.300000E+000  0.200000E+001  0.100000E+001  0.100000E+001  0.100000E+002
 -0.397247E+002  0.276938E+001  0.113000E+002 -0.200000E+002 -0.489588E-002 -0.149570E-002  0.511925E-002  0.126812E-001  0.178174E-002  0.128057E-001  0.110000E+002  0.200000E+001  0.100000E+001  0.500000E+000  0.300000E+000  0.200000E+001  0.100000E+001  0.100000E+001  0.100000E+002
 -0.387483E+002  0.282778E+001  0.117000E+002 -0.200000E+002 -0.419952E-002 -0.275186E-002  0.502083E-002  0.112057E-001  0.497389E-002  0.122600E-001  0.110000E+002  0.200000E+001  0.100000E+001  0.500000E+000  0.300000E+000  0.200000E+001  0.100000E+001  0.100000E+001  0.100000E+002
 -0.378117E+002  0.288697E+001  0.121000E+002 -0.200000E+002 -0.316669E-002 -0.374863E-002  0.490716E-002  0.895196E-002  0.756151E-002  0.117181E-001  0.110000E+002  0.200000E+001  0.100000E+001  0.500000E+000  0.300000E+000  0.200000E+001  0.100000E+001  0.100000E+001  0.100000E+002
 -0.369129E+002  0.294690E+001  0.125000E+002 -0.200000E+002 -0.189142E-002 -0.438934E-002  0.477952E-002  0.613375E-002  0.934925E-002  0.111817E-001  0.110000E+002  0.200000E+001  0.100000E+001  0.500000E+000  0.300000E+000  0.200000E+001  0.100000E+001  0.100000E+001  0.100000E+002
 -0.360502E+002  0.300753E+001  0.129000E+002 -0.200000E+002 -0.497284E-003 -0.461256E-002  0.463929E-002  0.301657E-002  0.102164E-001  0.106525E-001  0.110000E+002  0.200000E+001  0.100000E+001  0.500000E+000  0.300000E+000  0.200000E+001  0.100000E+001  0.100000E+001  0.100000E+002
 -0.352217E+002  0.306881E+001  0.133000E+002 -0.200000E+002  0.876427E-003 -0.440153E-002  0.448794E-002 -0.109228E-003  0.101313E-001  0.101319E-001  0.110000E+002  0.200000E+001  0.100000E+001  0.500000E+000  0.300000E+000  0.200000E+001  0.100000E+001  0.100000E+001  0.100000E+002
 -0.344259E+002  0.313071E+001  0.137000E+002 -0.200000E+002  0.209163E-002 -0.378788E-002  0.432700E-002 -0.295943E-002  0.915503E-002  0.962147E-002  0.110000E+002  0.200000E+001  0.100000E+001  0.500000E+000  0.300000E+000  0.200000E+001  0.100000E+001  0.100000E+001  0.100000E+002
 -0.336610E+002  0.319318E+001  0.141000E+002 -0.200000E+002  0.302900E-002 -0.284866E-002  0.415808E-002 -0.528676E-002  0.743481E-002  0.912284E-002  0.110000E+002  0.200000E+001  0.100000E+001  0.500000E+000  0.300000E+000  0.200000E+001  0.100000E+001  0.100000E+001  0.100000E+002
 -0.329256E+002  0.325621E+001  0.145000E+002 -0.200000E+002  0.360336E-002 -0.169677E-002  0.398286E-002 -0.690739E-002  0.518589E-002  0.863744E-002  0.110000E+002  0.200000E+001  0.100000E+001  0.500000E+000  0.300000E+000  0.200000E+001  0.100000E+001  0.100000E+001  0.100000E+002
 -0.322183E+002  0.331975E+001  0.149000E+002 -0.200000E+002  0.377440E-002 -0.466064E-003  0.380307E-002 -0.771944E-002  0.266572E-002  0.816675E-002  0.110000E+002  0.200000E+001  0.100000E+001  0.500000E+000  0.300000E+000  0.200000E+001  0.100000E+001  0.100000E+001  0.100000E+002
 -0.315376E+002  0.338378E+001  0.153000E+002 -0.200000E+002  0.355084E-002  0.706641E-003  0.362047E-002 -0.771080E-002  0.143298E-003  0.771213E-002  0.110000E+002  0.200000E+001  0.100000E+001  0.500000E+000  0.300000E+000  0.200000E+001  0.100000E+001  0.100000E+001  0.100000E+002
 -0.308823E+002  0.344826E+001  0.157000E+002 -0.200000E+002  0.298723E-002  0.169957E-002  0.343687E-002 -0.695558E-002 -0.213177E-002  0.727492E-002  0.110000E+002  0.200000E+001  0.100000E+001  0.500000E+000  0.300000E+000  0.200000E+001  0.100000E+001  0.100000E+001  0.100000E+002
 -0.302511E+002  0.351318E+001  0.161000E+002 -0.200000E+002  0.217421E-002  0.242114E-002  0.325409E-002 -0.559983E-002 -0.395617E-002  0.685634E-002  0.110000E+002  0.200000E+001  0.100000E+001  0.500000E+000  0.300000E+000  0.200000E+001  0.100000E+001  0.100000E+001  0.100000E+002
 -0.296429E+002  0.357852E+001  0.165000E+002 -0.200000E+002  0.122381E-002  0.281983E-002  0.307395E-002 -0.383934E-002 -0.519217E-002  0.645749E-002  0.110000E+002  0.200000E+001  0.100000E+001  0.500000E+000  0.300000E+000  0.200000E+001  0.100000E+001  0.100000E+001  0.100000E+002
 -0.290566E+002  0.364424E+001  0.169000E+002 -0.200000E+002  0.252806E-003  0.288719E-002  0.289824E-002 -0.189299E-002 -0.577710E-002  0.607933E-002  0.110000E+002  0.200000E+001  0.100000E+001  0.500000E+000  0.300000E+000  0.200000E+001  0.100000E+001  0.100000E+001  0.100000E+002
 -0.284911E+002  0.371033E+001  0.173000E+002 -0.200000E+002 -0.633178E-003  0.265420E-002  0.272868E-002  0.240448E-004 -0.572261E-002  0.572266E-002  0.110000E+002  0.200000E+001  0.100000E+001  0.500000E+000  0.300000E+000  0.200000E+001  0.100000E+001  0.100000E+001  0.100000E+002
 -0.279455E+002  0.377677E+001  0.177000E+002 -0.200000E+002 -0.135185E-002  0.218211E-002  0.256693E-002  0.172361E-002 -0.510493E-002  0.538806E-002  0.110000E+002  0.200000E+001  0.100000E+001  0.500000E+000  0.300000E+000  0.200000E+001  0.100000E+001  0.100000E+001  0.100000E+002
 -0.274188E+002  0.384353E+001  0.181000E+002 -0.200000E+002 -0.185121E-002  0.155004E-002  0.241446E-002  0.306157E-002 -0.404861E-002  0.507587E-002  0.110000E+002  0.200000E+001  0.100000E+001  0.500000E+000  0.300000E+000  0.200000E+001  0.100000E+001  0.100000E+001  0.100000E+002
 -0.269101E+002  0.391062E+001  0.185000E+002 -0.200000E+002 -0.211079E-002  0.842081E-003  0.227256E-002  0.394712E-002 -0.270699E-002  0.478618E-002  0.110000E+002  0.200000E+001  0.100000E+001  0.500000E+000  0.300000E+000  0.200000E+001  0.100000E+001  0.100000E+001  0.100000E+002
 -0.264186E+002  0.397800E+001  0.189000E+002 -0.200000E+002 -0.213791E-002  0.136354E-003  0.214226E-002  0.434455E-002 -0.124264E-002  0.451877E-002  0.110000E+002  0.200000E+001  0.100000E+001  0.500000E+000  0.300000E+000  0.200000E+001  0.100000E+001  0.100000E+001  0.100000E+002
 -0.259435E+002  0.404566E+001  0.193000E+002 -0.200000E+002 -0.196087E-002 -0.502462E-003  0.202422E-002  0.426890E-002  0.189794E-003  0.427312E-002  0.110000E+002  0.200000E+001  0.100000E+001  0.500000E+000  0.300000E+000  0.200000E+001  0.100000E+001  0.100000E+001  0.100000E+002
 -0.254840E+002  0.411359E+001  0.197000E+002 -0.200000E+002 -0.162108E-002 -0.102651E-002  0.191875E-002  0.377723E-002  0.145669E-002  0.404839E-002  0.110000E+002  0.200000E+001  0.100000E+001  0.500000E+000  0.300000E+000  0.200000E+001  0.100000E+001  0.100000E+001  0.100000E+002
 -0.250395E+002  0.418178E+001  0.201000E+002 -0.200000E+002 -0.116613E-002 -0.140473E-002  0.182568E-002  0.295790E-002  0.245414E-002  0.384343E-002  0.110000E+002  0.200000E+001  0.100000E+001  0.500000E+000  0.300000E+000  0.200000E+001  0.100000E+001  0.100000E+001  0.100000E+002
 -0.246093E+002  0.425021E+001  0.205000E+002 -0.200000E+002 -0.644970E-003 -0.162078E-002  0.174440E-002  0.191935E-002  0.311265E-002  0.365684E-002  0.110000E+002  0.200000E+001  0.100000E+001  0.500000E+000  0.300000E+000  0.200000E+001  0.100000E+001  0.100000E+001  0.100000E+002
 -0.241928E+002  0.431888E+001  0.209000E+002 -0.200000E+002 -0.105311E-003 -0.167056E-002  0.167387E-002  0.779501E-003  0.339875E-002  0.348699E-002  0.110000E+002  0.200000E+001  0.100000E+001  0.500000E+000  0.300000E+000  0.200000E+001  0.100000E+001  0.100000E+001  0.100000E+002
 -0.237893E+002  0.438776E+001  0.213000E+002 -0.200000E+002  0.407433E-003 -0.156040E-002  0.161271E-002 -0.343916E-003  0.331429E-002  0.333208E-002  0.110000E+002  0.200000E+001  0.100000E+001  0.500000E+000  0.300000E+000  0.200000E+001  0.100000E+001  0.100000E+001  0.100000E+002
 -0.233983E+002  0.445686E+001  0.217000E+002 -0.200000E+002  0.850855E-003 -0.130669E-002  0.155929E-002 -0.134222E-002  0.289416E-002  0.319026E-002  0.110000E+002  0.200000E+001  0.100000E+001  0.500000E+000  0.300000E+000  0.200000E+001  0.100000E+001  0.100000E+001  0.100000E+002
 -0.230193E+002  0.452615E+001  0.221000E+002 -0.200000E+002  0.118710E-002 -0.936238E-003  0.151187E-002 -0.212396E-002  0.220233E-002  0.305965E-002  0.110000E+002  0.200000E+001  0.100000E+001  0.500000E+000  0.300000E+000  0.200000E+001  0.100000E+001  0.100000E+001  0.100000E+002
 -0.226517E+002  0.459564E+001  0.225000E+002 -0.200000E+002  0.138581E-002 -0.486458E-003  0.146871E-002 -0.262229E-002  0.132595E-002  0.293846E-002  0.110000E+002  0.200000E+001  0.100000E+001  0.500000E+000  0.300000E+000  0.200000E+001  0.100000E+001  0.100000E+001  0.100000E+002
 -0.222951E+002  0.466532E+001  0.229000E+002 -0.200000E+002  0.142821E-002 -0.413949E-005  0.142821E-002 -0.280105E-002  0.367503E-003  0.282505E-002  0.110000E+002  0.200000E+001  0.100000E+001  0.500000E+000  0.300000E+000  0.200000E+001  0.100000E+001  0.100000E+001  0.100000E+002
 -0.219489E+002  0.473516E+001  0.233000E+002 -0.200000E+002  0.131127E-002  0.458122E-003  0.138900E-002 -0.265853E-002 -0.565343E-003  0.271798E-002  0.110000E+002  0.200000E+001  0.100000E+001  0.500000E+000  0.300000E+000  0.200000E+001  0.100000E+001  0.100000E+001  0.100000E+002
 -0.216129E+002  0.480518E+001  0.237000E+002 -0.200000E+002  0.105047E-002  0.847862E-003  0.134995E-002 -0.222794E-002 -0.137109E-002  0.261603E-002  0.110000E+002  0.200000E+001  0.100000E+001  0.500000E+000  0.300000E+000  0.200000E+001  0.100000E+001  0.100000E+001  0.100000E+002
 -0.212865E+002  0.487536E+001  0.241000E+002 -0.200000E+002  0.679684E-003  0.112018E-002  0.131026E-002 -0.157373E-002 -0.196594E-002  0.251824E-002  0.110000E+002  0.200000E+001  0.100000E+001  0.500000E+000  0.300000E+000  0.200000E+001  0.100000E+001  0.100000E+001  0.100000E+002
 -0.209694E+002  0.494569E+001  0.245000E+002 -0.200000E+002  0.247597E-003  0.124505E-002  0.126943E-002 -0.783822E-003 -0.229369E-002  0.242392E-002  0.110000E+002  0.200000E+001  0.100000E+001  0.500000E+000  0.300000E+000  0.200000E+001  0.100000E+001  0.100000E+001  0.100000E+002
 -0.206612E+002  0.501616E+001  0.249000E+002 -0.200000E+002 -0.189144E-003  0.121259E-002  0.122725E-002  0.416229E-004 -0.233224E-002  0.233261E-002  0.110000E+002  0.200000E+001  0.100000E+001  0.500000E+000  0.300000E+000  0.200000E+001  0.100000E+001  0.100000E+001  0.100000E+002
 -0.203616E+002  0.508678E+001  0.253000E+002 -0.200000E+002 -0.574755E-003  0.103491E-002  0.118380E-002  0.803185E-003 -0.209542E-002  0.224408E-002  0.110000E+002  0.200000E+001  0.100000E+001  0.500000E+000  0.300000E+000  0.200000E+001  0.100000E+001  0.100000E+001  0.100000E+002
 -0.200701E+002  0.515754E+001  0.257000E+002 -0.200000E+002 -0.863129E-003  0.743762E-003  0.113937E-002  0.141493E-002 -0.162977E-002  0.215829E-002  0.110000E+002  0.200000E+001  0.100000E+001  0.500000E+000  0.300000E+000  0.200000E+001  0.100000E+001  0.100000E+001  0.100000E+002
 -0.197866E+002  0.522842E+001  0.261000E+002 -0.200000E+002 -0.102468E-002  0.384573E-003  0.109447E-002  0.181480E-002 -0.100677E-002  0.207535E-002  0.110000E+002  0.200000E+001  0.100000E+001  0.500000E+000  0.300000E+000  0.200000E+001  0.100000E+001  0.100000E+001  0.100000E+002
 -0.195106E+002  0.529943E+001  0.265000E+002 -0.200000E+002 -0.104969E-002  0.830480E-005  0.104972E-002  0.197095E-002 -0.311926E-003  0.199548E-002  0.110000E+002  0.200000E+001  0.100000E+001  0.500000E+000  0.300000E+000  0.200000E+001  0.100000E+001  0.100000E+001  0.100000E+002
 -0.192420E+002  0.537056E+001  0.269000E+002 -0.200000E+002 -0.947760E-003 -0.336945E-003  0.100587E-002  0.188351E-002  0.367193E-003  0.191897E-002  0.110000E+002  0.200000E+001  0.100000E+001  0.500000E+000  0.300000E+000  0.200000E+001  0.100000E+001  0.100000E+001  0.100000E+002
 -0.189803E+002  0.544180E+001  0.273000E+002 -0.200000E+002 -0.743817E-003 -0.612711E-003  0.963680E-003  0.158166E-002  0.952107E-003  0.184612E-002  0.110000E+002  0.200000E+001  0.100000E+001  0.500000E+000  0.300000E+000  0.200000E+001  0.100000E+001  0.100000E+001  0.100000E+002
 -0.187255E+002  0.551315E+001  0.277000E+002 -0.200000E+002 -0.472196E-003 -0.794088E-003  0.923875E-003  0.111725E-002  0.138209E-002  0.177720E-002  0.110000E+002  0.200000E+001  0.100000E+001  0.500000E+000  0.300000E+000  0.200000E+001  0.100000E+001  0.100000E+001  0.100000E+002
 -0.184772E+002  0.558461E+001  0.281000E+002 -0.200000E+002 -0.170384E-003 -0.870574E-003  0.887091E-003  0.556382E-003  0.161951E-002  0.171242E-002  0.110000E+002  0.200000E+001  0.100000E+001  0.500000E+000  0.300000E+000  0.200000E+001  0.100000E+001  0.100000E+001  0.100000E+002
 -0.182351E+002  0.565617E+001  0.285000E+002 -0.200000E+002  0.126101E-003 -0.844439E-003  0.853802E-003 -0.295755E-004  0.165163E-002  0.165190E-002  0.110000E+002  0.200000E+001  0.100000E+001  0.500000E+000  0.300000E+000  0.200000E+001  0.100000E+001  0.100000E+001  0.100000E+002
 -0.179991E+002  0.572783E+001  0.289000E+002 -0.200000E+002  0.386988E-003 -0.727781E-003  0.824272E-003 -0.572264E-003  0.148948E-002  0.159563E-002  0.110000E+002  0.200000E+001  0.100000E+001  0.500000E+000  0.300000E+000  0.200000E+001  0.100000E+001  0.100000E+001  0.100000E+002
 -0.177689E+002  0.579959E+001  0.293000E+002 -0.200000E+002  0.588727E-003 -0.539481E-003  0.798524E-003 -0.101316E-002  0.116444E-002  0.154350E-002  0.110000E+002  0.200000E+001  0.100000E+001  0.500000E+000  0.300000E+000  0.200000E+001  0.100000E+001  0.100000E+001  0.100000E+002
 -0.175444E+002  0.587144E+001  0.297000E+002 -0.200000E+002  0.714847E-003 -0.302803E-003  0.776335E-003 -0.130864E-002  0.723382E-003  0.149527E-002  0.110000E+002  0.200000E+001  0.100000E+001  0.500000E+000  0.300000E+000  0.200000E+001  0.100000E+001  0.100000E+001  0.100000E+002
 -0.173253E+002  0.594337E+001  0.301000E+002 -0.200000E+002  0.755999E-003 -0.437838E-004  0.757266E-003 -0.143332E-002  0.223042E-003  0.145057E-002  0.110000E+002  0.200000E+001  0.100000E+001  0.500000E+000  0.300000E+000  0.200000E+001  0.100000E+001  0.100000E+001  0.100000E+002
 -0.171114E+002  0.601539E+001  0.305000E+002 -0.200000E+002  0.710311E-003  0.210030E-003  0.740712E-003 -0.138168E-002 -0.276128E-003  0.140901E-002  0.110000E+002  0.200000E+001  0.100000E+001  0.500000E+000  0.300000E+000  0.200000E+001  0.100000E+001  0.100000E+001  0.100000E+002
 -0.169026E+002  0.608749E+001  0.309000E+002 -0.200000E+002  0.584065E-003  0.431163E-003  0.725971E-003 -0.116799E-002 -0.716204E-003  0.137009E-002  0.110000E+002  0.200000E+001  0.100000E+001  0.500000E+000  0.300000E+000  0.200000E+001  0.100000E+001  0.100000E+001  0.100000E+002
 -0.166987E+002  0.615967E+001  0.313000E+002 -0.200000E+002  0.392228E-003  0.594605E-003  0.712319E-003 -0.824474E-003 -0.104789E-002  0.133335E-002  0.110000E+002  0.200000E+001  0.100000E+001  0.500000E+000  0.300000E+000  0.200000E+001  0.100000E+001  0.100000E+001  0.100000E+002
 -0.164995E+002  0.623193E+001  0.317000E+002 -0.200000E+002  0.158049E-003  0.680977E-003  0.699078E-003 -0.397597E-003 -0.123596E-002  0.129834E-002  0.110000E+002  0.200000E+001  0.100000E+001  0.500000E+000  0.300000E+000  0.200000E+001  0.100000E+001  0.100000E+001  0.100000E+002
 -0.163049E+002  0.630426E+001  0.321000E+002 -0.200000E+002 -0.889173E-004  0.679883E-003  0.685672E-003  0.574024E-004 -0.126333E-002  0.126463E-002  0.110000E+002  0.200000E+001  0.100000E+001  0.500000E+000  0.300000E+000  0.200000E+001  0.100000E+001  0.100000E+001  0.100000E+002
 -0.161147E+002  0.637666E+001  0.325000E+002 -0.200000E+002 -0.316501E-003  0.592422E-003  0.671667E-003  0.483320E-003 -0.113315E-002  0.123192E-002  0.110000E+002  0.200000E+001  0.100000E+001  0.500000E+000  0.300000E+000  0.200000E+001  0.100000E+001  0.100000E+001  0.100000E+002
 -0.159288E+002  0.644913E+001  0.329000E+002 -0.200000E+002 -0.494802E-003  0.431903E-003  0.656787E-003  0.828287E-003 -0.868227E-003  0.119995E-002  0.110000E+002  0.200000E+001  0.100000E+001  0.500000E+000  0.300000E+000  0.200000E+001  0.100000E+001  0.100000E+001  0.100000E+002
 -0.157470E+002  0.652166E+001  0.333000E+002 -0.200000E+002 -0.601181E-003  0.222184E-003  0.640924E-003  0.105249E-002 -0.507790E-003  0.116858E-002  0.110000E+002  0.200000E+001  0.100000E+001  0.500000E+000  0.300000E+000  0.200000E+001  0.100000E+001  0.100000E+001  0.100000E+002
 -0.155692E+002  0.659426E+001  0.337000E+002 -0.200000E+002 -0.624102E-003 -0.620648E-005  0.624132E-003  0.113319E-002 -0.101837E-003  0.113775E-002  0.110000E+002  0.200000E+001  0.100000E+001  0.500000E+000  0.300000E+000  0.200000E+001  0.100000E+001  0.100000E+001  0.100000E+002
 -0.153953E+002  0.666693E+001  0.341000E+002 -0.200000E+002 -0.564790E-003 -0.221320E-003  0.606605E-003  0.106722E-002  0.295965E-003  0.110750E-002  0.110000E+002  0.200000E+001  0.100000E+001  0.500000E+000  0.300000E+000  0.200000E+001  0.100000E+001  0.100000E+001  0.100000E+002
 -0.152251E+002  0.673965E+001  0.345000E+002 -0.200000E+002 -0.436330E-003 -0.395131E-003  0.588653E-003  0.870518E-003  0.635675E-003  0.107791E-002  0.110000E+002  0.200000E+001  0.100000E+001  0.500000E+000  0.300000E+000  0.200000E+001  0.100000E+001  0.100000E+001  0.100000E+002
 -0.150586E+002  0.681243E+001  0.349000E+002 -0.200000E+002 -0.260556E-003 -0.507713E-003  0.570668E-003  0.574924E-003  0.877555E-003  0.104911E-002  0.110000E+002  0.200000E+001  0.100000E+001  0.500000E+000  0.300000E+000  0.200000E+001  0.100000E+001  0.100000E+001  0.100000E+002
 -0.148956E+002  0.688527E+001  0.353000E+002 -0.200000E+002 -0.636821E-004 -0.549405E-003  0.553083E-003  0.222988E-003  0.996639E-003  0.102128E-002  0.110000E+002  0.200000E+001  0.100000E+001  0.500000E+000  0.300000E+000  0.200000E+001  0.100000E+001  0.100000E+001  0.100000E+002
 -0.147360E+002  0.695816E+001  0.357000E+002 -0.200000E+002  0.128133E-003 -0.520798E-003  0.536329E-003 -0.138285E-003  0.984905E-003  0.994566E-003  0.110000E+002  0.200000E+001  0.100000E+001  0.500000E+000  0.300000E+000  0.200000E+001  0.100000E+001  0.100000E+001  0.100000E+002
 -0.145797E+002  0.703110E+001  0.361000E+002 -0.200000E+002  0.292307E-003 -0.431017E-003  0.520787E-003 -0.463650E-003  0.851001E-003  0.969110E-003  0.110000E+002  0.200000E+001  0.100000E+001  0.500000E+000  0.300000E+000  0.200000E+001  0.100000E+001  0.100000E+001  0.100000E+002
 -0.144266E+002  0.710410E+001  0.365000E+002 -0.200000E+002  0.411936E-003 -0.295129E-003  0.506747E-003 -0.714993E-003  0.617925E-003  0.945011E-003  0.110000E+002  0.200000E+001  0.100000E+001  0.500000E+000  0.300000E+000  0.200000E+001  0.100000E+001  0.100000E+001  0.100000E+002
 -0.142766E+002  0.717714E+001  0.369000E+002 -0.200000E+002  0.476554E-003 -0.131535E-003  0.494374E-003 -0.865295E-003  0.319270E-003  0.922317E-003  0.110000E+002  0.200000E+001  0.100000E+001  0.500000E+000  0.300000E+000  0.200000E+001  0.100000E+001  0.100000E+001  0.100000E+002
 -0.141297E+002  0.725024E+001  0.373000E+002 -0.200000E+002  0.482020E-003  0.401344E-004  0.483688E-003 -0.901000E-003 -0.534150E-005  0.901016E-003  0.110000E+002  0.200000E+001  0.100000E+001  0.500000E+000  0.300000E+000  0.200000E+001  0.100000E+001  0.100000E+001  0.100000E+002
 -0.139857E+002  0.732338E+001  0.377000E+002 -0.200000E+002  0.430102E-003  0.200562E-003  0.474566E-003 -0.822778E-003 -0.315060E-003  0.881037E-003  0.110000E+002  0.200000E+001  0.100000E+001  0.500000E+000  0.300000E+000  0.200000E+001  0.100000E+001  0.100000E+001  0.100000E+002
 -0.138445E+002  0.739656E+001  0.381000E+002 -0.200000E+002  0.328101E-003  0.331984E-003  0.466759E-003 -0.644820E-003 -0.572447E-003  0.862258E-003  0.110000E+002  0.200000E+001  0.100000E+001  0.500000E+000  0.300000E+000  0.200000E+001  0.100000E+001  0.100000E+001  0.100000E+002
 -0.137062E+002  0.746979E+001  0.385000E+002 -0.200000E+002  0.188500E-003  0.419522E-003  0.459925E-003 -0.392805E-003 -0.747606E-003  0.844518E-003  0.110000E+002  0.200000E+001  0.100000E+001  0.500000E+000  0.300000E+000  0.200000E+001  0.100000E+001  0.100000E+001  0.100000E+002
 -0.135705E+002  0.754306E+001  0.389000E+002 -0.200000E+002  0.283037E-004  0.452796E-003  0.453680E-003 -0.100696E-003 -0.821485E-003  0.827634E-003  0.110000E+002  0.200000E+001  0.100000E+001  0.500000E+000  0.300000E+000  0.200000E+001  0.100000E+001  0.100000E+001  0.100000E+002
 -0.134374E+002  0.761638E+001  0.393000E+002 -0.200000E+002 -0.132344E-003  0.427623E-003  0.447634E-003  0.193403E-003 -0.788029E-003  0.811415E-003  0.110000E+002  0.200000E+001  0.100000E+001  0.500000E+000  0.300000E+000  0.200000E+001  0.100000E+001  0.100000E+001  0.100000E+002
 -0.133068E+002  0.768973E+001  0.397000E+002 -0.200000E+002 -0.272469E-003  0.347320E-003  0.441441E-003  0.451982E-003 -0.654850E-003  0.795686E-003  0.110000E+002  0.200000E+001  0.100000E+001  0.500000E+000  0.300000E+000  0.200000E+001  0.100000E+001  0.100000E+001  0.100000E+002
 -0.131787E+002  0.776312E+001  0.401000E+002 -0.200000E+002 -0.373306E-003  0.222971E-003  0.434826E-003  0.642911E-003 -0.442183E-003  0.780295E-003  0.110000E+002  0.200000E+001  0.100000E+001  0.500000E+000  0.300000E+000  0.200000E+001  0.100000E+001  0.100000E+001  0.100000E+002
 -0.130531E+002  0.783656E+001  0.405000E+002 -0.200000E+002 -0.421459E-003  0.722449E-004  0.427606E-003  0.743620E-003 -0.180143E-003  0.765129E-003  0.110000E+002  0.200000E+001  0.100000E+001  0.500000E+000  0.300000E+000  0.200000E+001  0.100000E+001  0.100000E+001  0.100000E+002
 -0.129297E+002  0.791002E+001  0.409000E+002 -0.200000E+002 -0.411364E-003 -0.832565E-004  0.419705E-003  0.744021E-003  0.954476E-004  0.750119E-003  0.110000E+002  0.200000E+001  0.100000E+001  0.500000E+000  0.300000E+000  0.200000E+001  0.100000E+001  0.100000E+001  0.100000E+002
 -0.128086E+002  0.798353E+001  0.413000E+002 -0.200000E+002 -0.346317E-003 -0.221600E-003  0.411147E-003  0.647640E-003  0.348054E-003  0.735240E-003  0.110000E+002  0.200000E+001  0.100000E+001  0.500000E+000  0.300000E+000  0.200000E+001  0.100000E+001  0.100000E+001  0.100000E+002
 -0.126898E+002  0.805707E+001  0.417000E+002 -0.200000E+002 -0.237736E-003 -0.324237E-003  0.402055E-003  0.470752E-003  0.545464E-003  0.720513E-003  0.110000E+002  0.200000E+001  0.100000E+001  0.500000E+000  0.300000E+000  0.200000E+001  0.100000E+001  0.100000E+001  0.100000E+002
 -0.125730E+002  0.813064E+001  0.421000E+002 -0.200000E+002 -0.102841E-003 -0.378918E-003  0.392626E-003  0.239693E-003  0.664054E-003  0.705989E-003  0.110000E+002  0.200000E+001  0.100000E+001  0.500000E+000  0.300000E+000  0.200000E+001  0.100000E+001  0.100000E+001  0.100000E+002
 -0.124584E+002  0.820425E+001  0.425000E+002 -0.200000E+002  0.385985E-004 -0.381167E-003  0.383116E-003 -0.131797E-004  0.691623E-003  0.691749E-003  0.110000E+002  0.200000E+001  0.100000E+001  0.500000E+000  0.300000E+000  0.200000E+001  0.100000E+001  0.100000E+001  0.100000E+002
 -0.123458E+002  0.827789E+001  0.429000E+002 -0.200000E+002  0.167591E-003 -0.334131E-003  0.373805E-003 -0.254133E-003  0.628444E-003  0.677883E-003  0.110000E+002  0.200000E+001  0.100000E+001  0.500000E+000  0.300000E+000  0.200000E+001  0.100000E+001  0.100000E+001  0.100000E+002
 -0.122352E+002  0.835156E+001  0.433000E+002 -0.200000E+002  0.268565E-003 -0.247132E-003  0.364968E-003 -0.452579E-003  0.486527E-003  0.664483E-003  0.110000E+002  0.200000E+001  0.100000E+001  0.500000E+000  0.300000E+000  0.200000E+001  0.100000E+001  0.100000E+001  0.100000E+002
 -0.121266E+002  0.842526E+001  0.437000E+002 -0.200000E+002  0.330917E-003 -0.133525E-003  0.356840E-003 -0.584829E-003  0.287390E-003  0.651627E-003  0.110000E+002  0.200000E+001  0.100000E+001  0.500000E+000  0.300000E+000  0.200000E+001  0.100000E+001  0.100000E+001  0.100000E+002
 -0.120198E+002  0.849899E+001  0.441000E+002 -0.200000E+002  0.349489E-003 -0.851201E-005  0.349593E-003 -0.636665E-003  0.587947E-004  0.639374E-003  0.110000E+002  0.200000E+001  0.100000E+001  0.500000E+000  0.300000E+000  0.200000E+001  0.100000E+001  0.100000E+001  0.100000E+002
 -0.119149E+002  0.857275E+001  0.445000E+002 -0.200000E+002  0.324295E-003  0.112659E-003  0.343307E-003 -0.604570E-003 -0.169004E-003  0.627748E-003  0.110000E+002  0.200000E+001  0.100000E+001  0.500000E+000  0.300000E+000  0.200000E+001  0.100000E+001  0.100000E+001  0.100000E+002
 -0.118117E+002  0.864654E+001  0.449000E+002 -0.200000E+002  0.259924E-003  0.216011E-003  0.337967E-003 -0.495640E-003 -0.367035E-003  0.616745E-003  0.110000E+002  0.200000E+001  0.100000E+001  0.500000E+000  0.300000E+000  0.200000E+001  0.100000E+001  0.100000E+001  0.100000E+002
 -0.117103E+002  0.872035E+001  0.453000E+002 -0.200000E+002  0.164898E-003  0.289839E-003  0.333464E-003 -0.326304E-003 -0.511035E-003  0.606325E-003  0.110000E+002  0.200000E+001  0.100000E+001  0.500000E+000  0.300000E+000  0.200000E+001  0.100000E+001  0.100000E+001  0.100000E+002
 -0.116106E+002  0.879419E+001  0.457000E+002 -0.200000E+002  0.510044E-004  0.325643E-003  0.329613E-003 -0.120071E-003 -0.584213E-003  0.596424E-003  0.110000E+002  0.200000E+001  0.100000E+001  0.500000E+000  0.300000E+000  0.200000E+001  0.100000E+001  0.100000E+001  0.100000E+002
 -0.115126E+002  0.886806E+001  0.461000E+002 -0.200000E+002 -0.675822E-004  0.319101E-003  0.326179E-003  0.954729E-004 -0.579139E-003  0.586956E-003  0.110000E+002  0.200000E+001  0.100000E+001  0.500000E+000  0.300000E+000  0.200000E+001  0.100000E+001  0.100000E+001  0.100000E+002
 -0.114161E+002  0.894196E+001  0.465000E+002 -0.200000E+002 -0.175641E-003  0.270962E-003  0.322909E-003  0.292136E-003 -0.498535E-003  0.577824E-003  0.110000E+002  0.200000E+001  0.100000E+001  0.500000E+000  0.300000E+000  0.200000E+001  0.100000E+001  0.100000E+001  0.100000E+002
 -0.113213E+002  0.901587E+001  0.469000E+002 -0.200000E+002 -0.258776E-003  0.187499E-003  0.319563E-003  0.444710E-003 -0.354851E-003  0.568934E-003  0.110000E+002  0.200000E+001  0.100000E+001  0.500000E+000  0.300000E+000  0.200000E+001  0.100000E+001  0.100000E+001  0.100000E+002
 -0.112280E+002  0.908982E+001  0.473000E+002 -0.200000E+002 -0.305607E-003  0.801374E-004  0.315939E-003  0.534231E-003 -0.168586E-003  0.560200E-003  0.110000E+002  0.200000E+001  0.100000E+001  0.500000E+000  0.300000E+000  0.200000E+001  0.100000E+001  0.100000E+001  0.100000E+002
 -0.111362E+002  0.916378E+001  0.477000E+002 -0.200000E+002 -0.309814E-003 -0.359509E-004  0.311893E-003  0.550473E-003  0.344982E-004  0.551553E-003  0.110000E+002  0.200000E+001  0.100000E+001  0.500000E+000  0.300000E+000  0.200000E+001  0.100000E+001  0.100000E+001  0.100000E+002
 -0.110459E+002  0.923777E+001  0.481000E+002 -0.200000E+002 -0.271438E-003 -0.144177E-003  0.307352E-003  0.493253E-003  0.226930E-003  0.542951E-003  0.110000E+002  0.200000E+001  0.100000E+001  0.500000E+000  0.300000E+000  0.200000E+001  0.100000E+001  0.100000E+001  0.100000E+002
 -0.109570E+002  0.931179E+001  0.485000E+002 -0.200000E+002 -0.196993E-003 -0.229323E-003  0.302316E-003  0.372298E-003  0.383340E-003  0.534374E-003  0.110000E+002  0.200000E+001  0.100000E+001  0.500000E+000  0.300000E+000  0.200000E+001  0.100000E+001  0.100000E+001  0.100000E+002
 -0.108695E+002  0.938582E+001  0.489000E+002 -0.200000E+002 -0.982909E-004 -0.280111E-003  0.296856E-003  0.205689E-003  0.483931E-003  0.525830E-003  0.110000E+002  0.200000E+001  0.100000E+001  0.500000E+000  0.300000E+000  0.200000E+001  0.100000E+001  0.100000E+001  0.100000E+002
 -0.107834E+002  0.945988E+001  0.493000E+002 -0.200000E+002  0.977222E-005 -0.290937E-003  0.291101E-003  0.171077E-004  0.517066E-003  0.517349E-003  0.110000E+002  0.200000E+001  0.100000E+001  0.500000E+000  0.300000E+000  0.200000E+001  0.100000E+001  0.100000E+001  0.100000E+002
 -0.106986E+002  0.953396E+001  0.497000E+002 -0.200000E+002  0.111861E-003 -0.262376E-003  0.285226E-003 -0.167627E-003  0.480583E-003  0.508978E-003  0.110000E+002  0.200000E+001  0.100000E+001  0.500000E+000  0.300000E+000  0.200000E+001  0.100000E+001  0.100000E+001  0.100000E+002
 -0.106151E+002  0.960805E+001  0.501000E+002 -0.200000E+002  0.194633E-003 -0.200495E-003  0.279428E-003 -0.324164E-003  0.381695E-003  0.500773E-003  0.110000E+002  0.200000E+001  0.100000E+001  0.500000E+000  0.300000E+000  0.200000E+001  0.100000E+001  0.100000E+001  0.100000E+002
 -0.105330E+002  0.968217E+001  0.505000E+002 -0.200000E+002  0.248449E-003 -0.115311E-003  0.273905E-003 -0.432826E-003  0.235599E-003  0.492793E-003  0.110000E+002  0.200000E+001  0.100000E+001  0.500000E+000  0.300000E+000  0.200000E+001  0.100000E+001  0.100000E+001  0.100000E+002
 -0.104520E+002  0.975631E+001  0.509000E+002 -0.200000E+002  0.268161E-003 -0.189228E-004  0.268828E-003 -0.480969E-003  0.630895E-004  0.485089E-003  0.110000E+002  0.200000E+001  0.100000E+001  0.500000E+000  0.300000E+000  0.200000E+001  0.100000E+001  0.100000E+001  0.100000E+002
 -0.103723E+002  0.983047E+001  0.513000E+002 -0.200000E+002  0.253094E-003  0.762242E-004  0.264323E-003 -0.464291E-003 -0.112391E-003  0.477701E-003  0.110000E+002  0.200000E+001  0.100000E+001  0.500000E+000  0.300000E+000  0.200000E+001  0.100000E+001  0.100000E+001  0.100000E+002
 -0.102938E+002  0.990464E+001  0.517000E+002 -0.200000E+002  0.206541E-003  0.158671E-003  0.260453E-003 -0.387001E-003 -0.267846E-003  0.470650E-003  0.110000E+002  0.200000E+001  0.100000E+001  0.500000E+000  0.300000E+000  0.200000E+001  0.100000E+001  0.100000E+001  0.100000E+002
 -0.102164E+002  0.997883E+001  0.521000E+002 -0.200000E+002  0.135072E-003  0.218890E-003  0.257210E-003 -0.260955E-003 -0.383587E-003  0.463936E-003  0.110000E+002  0.200000E+001  0.100000E+001  0.500000E+000  0.300000E+000  0.200000E+001  0.100000E+001  0.100000E+001  0.100000E+002
 -0.101402E+002  0.100530E+002  0.525000E+002 -0.200000E+002  0.478179E-004  0.249985E-003  0.254518E-003 -0.103934E-003 -0.445579E-003  0.457540E-003  0.110000E+002  0.200000E+001  0.100000E+001  0.500000E+000  0.300000E+000  0.200000E+001  0.100000E+001  0.100000E+001  0.100000E+002
 -0.100651E+002  0.101273E+002  0.529000E+002 -0.200000E+002 -0.442915E-004  0.248325E-003  0.252244E-003  0.627210E-004 -0.447046E-003  0.451424E-003  0.110000E+002  0.200000E+001  0.100000E+001  0.500000E+000  0.300000E+000  0.200000E+001  0.100000E+001  0.100000E+001  0.100000E+002
 -0.999108E+001  0.102015E+002  0.533000E+002 -0.200000E+002 -0.129506E-003  0.214098E-003  0.250219E-003  0.216858E-003 -0.389202E-003  0.445540E-003  0.110000E+002  0.200000E+001  0.100000E+001  0.500000E+000  0.300000E+000  0.200000E+001  0.100000E+001  0.100000E+001  0.100000E+002
 -0.991814E+001  0.102758E+002  0.537000E+002 -0.200000E+002 -0.196559E-003  0.151656E-003  0.248264E-003  0.338360E-003 -0.281000E-003  0.439828E-003  0.110000E+002  0.200000E+001  0.100000E+001  0.500000E+000  0.300000E+000  0.200000E+001  0.100000E+001  0.100000E+001  0.100000E+002
 -0.984625E+001  0.103501E+002  0.541000E+002 -0.200000E+002 -0.236237E-003  0.693465E-004  0.246205E-003  0.411749E-003 -0.137915E-003  0.434232E-003  0.110000E+002  0.200000E+001  0.100000E+001  0.500000E+000  0.300000E+000  0.200000E+001  0.100000E+001  0.100000E+001  0.100000E+002
 -0.977538E+001  0.104244E+002  0.545000E+002 -0.200000E+002 -0.242961E-003 -0.213764E-004  0.243900E-003  0.428227E-003  0.201638E-004  0.428702E-003  0.110000E+002  0.200000E+001  0.100000E+001  0.500000E+000  0.300000E+000  0.200000E+001  0.100000E+001  0.100000E+001  0.100000E+002
 -0.970552E+001  0.104987E+002  0.549000E+002 -0.200000E+002 -0.215940E-003 -0.107573E-003  0.241251E-003  0.386822E-003  0.171650E-003  0.423196E-003  0.110000E+002  0.200000E+001  0.100000E+001  0.500000E+000  0.300000E+000  0.200000E+001  0.100000E+001  0.100000E+001  0.100000E+002
 -0.963664E+001  0.105730E+002  0.553000E+002 -0.200000E+002 -0.159511E-003 -0.176925E-003  0.238215E-003  0.294447E-003  0.296254E-003  0.417691E-003  0.110000E+002  0.200000E+001  0.100000E+001  0.500000E+000  0.300000E+000  0.200000E+001  0.100000E+001  0.100000E+001  0.100000E+002
 -0.956872E+001  0.106473E+002  0.557000E+002 -0.200000E+002 -0.824716E-004 -0.219840E-003  0.234801E-003  0.164829E-003  0.377787E-003  0.412179E-003  0.110000E+002  0.200000E+001  0.100000E+001  0.500000E+000  0.300000E+000  0.200000E+001  0.100000E+001  0.100000E+001  0.100000E+002
 -0.950174E+001  0.107217E+002  0.561000E+002 -0.200000E+002  0.349329E-005 -0.231046E-003  0.231073E-003  0.164493E-004  0.406336E-003  0.406669E-003  0.110000E+002  0.200000E+001  0.100000E+001  0.500000E+000  0.300000E+000  0.200000E+001  0.100000E+001  0.100000E+001  0.100000E+002
 -0.943568E+001  0.107961E+002  0.565000E+002 -0.200000E+002  0.858985E-004 -0.210269E-003  0.227138E-003 -0.130149E-003  0.379486E-003  0.401184E-003  0.110000E+002  0.200000E+001  0.100000E+001  0.500000E+000  0.300000E+000  0.200000E+001  0.100000E+001  0.100000E+001  0.100000E+002
 -0.937053E+001  0.108705E+002  0.569000E+002 -0.200000E+002  0.153538E-003 -0.161911E-003  0.223134E-003 -0.255279E-003  0.302417E-003  0.395757E-003  0.110000E+002  0.200000E+001  0.100000E+001  0.500000E+000  0.300000E+000  0.200000E+001  0.100000E+001  0.100000E+001  0.100000E+002
 -0.930627E+001  0.109449E+002  0.573000E+002 -0.200000E+002  0.198077E-003 -0.939134E-004  0.219213E-003 -0.342775E-003  0.186920E-003  0.390428E-003  0.110000E+002  0.200000E+001  0.100000E+001  0.500000E+000  0.300000E+000  0.200000E+001  0.100000E+001  0.100000E+001  0.100000E+002
 -0.924287E+001  0.110193E+002  0.577000E+002 -0.200000E+002  0.214911E-003 -0.162081E-004  0.215521E-003 -0.382036E-003  0.495419E-004  0.385235E-003  0.110000E+002  0.200000E+001  0.100000E+001  0.500000E+000  0.300000E+000  0.200000E+001  0.100000E+001  0.100000E+001  0.100000E+002
 -0.918032E+001  0.110937E+002  0.581000E+002 -0.200000E+002  0.203274E-003  0.608313E-004  0.212181E-003 -0.369210E-003 -0.908037E-004  0.380213E-003  0.110000E+002  0.200000E+001  0.100000E+001  0.500000E+000  0.300000E+000  0.200000E+001  0.100000E+001  0.100000E+001  0.100000E+002
 -0.911861E+001  0.111681E+002  0.585000E+002 -0.200000E+002  0.165842E-003  0.127642E-003  0.209275E-003 -0.307431E-003 -0.215406E-003  0.375385E-003  0.110000E+002  0.200000E+001  0.100000E+001  0.500000E+000  0.300000E+000  0.200000E+001  0.100000E+001  0.100000E+001  0.100000E+002
 -0.905771E+001  0.112426E+002  0.589000E+002 -0.200000E+002  0.108078E-003  0.176351E-003  0.206834E-003 -0.206158E-003 -0.308163E-003  0.370763E-003  0.110000E+002  0.200000E+001  0.100000E+001  0.500000E+000  0.300000E+000  0.200000E+001  0.100000E+001  0.100000E+001  0.100000E+002
 -0.899762E+001  0.113170E+002  0.593000E+002 -0.200000E+002  0.375296E-004  0.201368E-003  0.204835E-003 -0.797668E-004 -0.357556E-003  0.366346E-003  0.110000E+002  0.200000E+001  0.100000E+001  0.500000E+000  0.300000E+000  0.200000E+001  0.100000E+001  0.100000E+001  0.100000E+002
 -0.893831E+001  0.113915E+002  0.597000E+002 -0.200000E+002 -0.368787E-004  0.199829E-003  0.203204E-003  0.544080E-004 -0.358005E-003  0.362116E-003  0.110000E+002  0.200000E+001  0.100000E+001  0.500000E+000  0.300000E+000  0.200000E+001  0.100000E+001  0.100000E+001  0.100000E+002
 -0.887977E+001  0.114660E+002  0.601000E+002 -0.200000E+002 -0.105654E-003  0.171962E-003  0.201826E-003  0.178348E-003 -0.310466E-003  0.358047E-003  0.110000E+002  0.200000E+001  0.100000E+001  0.500000E+000  0.300000E+000  0.200000E+001  0.100000E+001  0.100000E+001  0.100000E+002
 -0.882199E+001  0.115405E+002  0.605000E+002 -0.200000E+002 -0.159735E-003  0.121295E-003  0.200568E-003  0.275689E-003 -0.222226E-003  0.354103E-003  0.110000E+002  0.200000E+001  0.100000E+001  0.500000E+000  0.300000E+000  0.200000E+001  0.100000E+001  0.100000E+001  0.100000E+002
 -0.876495E+001  0.116150E+002  0.609000E+002 -0.200000E+002 -0.191688E-003  0.545190E-004  0.199291E-003  0.333856E-003 -0.105888E-003  0.350246E-003  0.110000E+002  0.200000E+001  0.100000E+001  0.500000E+000  0.300000E+000  0.200000E+001  0.100000E+001  0.100000E+001  0.100000E+002
 -0.870863E+001  0.116895E+002  0.613000E+002 -0.200000E+002 -0.196939E-003 -0.191645E-004  0.197869E-003  0.345719E-003  0.223373E-004  0.346439E-003  0.110000E+002  0.200000E+001  0.100000E+001  0.500000E+000  0.300000E+000  0.200000E+001  0.100000E+001  0.100000E+001  0.100000E+002
 -0.865303E+001  0.117641E+002  0.617000E+002 -0.200000E+002 -0.174714E-003 -0.892850E-004  0.196206E-003  0.310527E-003  0.144855E-003  0.342651E-003  0.110000E+002  0.200000E+001  0.100000E+001  0.500000E+000  0.300000E+000  0.200000E+001  0.100000E+001  0.100000E+001  0.100000E+002
 -0.859813E+001  0.118386E+002  0.621000E+002 -0.200000E+002 -0.128396E-003 -0.145756E-003  0.194243E-003  0.233972E-003  0.245117E-003  0.338859E-003  0.110000E+002  0.200000E+001  0.100000E+001  0.500000E+000  0.300000E+000  0.200000E+001  0.100000E+001  0.100000E+001  0.100000E+002
 -0.854392E+001  0.119132E+002  0.625000E+002 -0.200000E+002 -0.650706E-004 -0.180601E-003  0.191966E-003  0.127328E-003  0.309915E-003  0.335051E-003  0.110000E+002  0.200000E+001  0.100000E+001  0.500000E+000  0.300000E+000  0.200000E+001  0.100000E+001  0.100000E+001  0.100000E+002
 -0.849038E+001  0.119877E+002  0.629000E+002 -0.200000E+002  0.568579E-005 -0.189318E-003  0.189403E-003  0.578697E-005  0.331178E-003  0.331229E-003  0.110000E+002  0.200000E+001  0.100000E+001  0.500000E+000  0.300000E+000  0.200000E+001  0.100000E+001  0.100000E+001  0.100000E+002
 -0.843750E+001  0.120623E+002  0.633000E+002 -0.200000E+002  0.734997E-004 -0.171540E-003  0.186623E-003 -0.113748E-003  0.307007E-003  0.327402E-003  0.110000E+002  0.200000E+001  0.100000E+001  0.500000E+000  0.300000E+000  0.200000E+001  0.100000E+001  0.100000E+001  0.100000E+002
 -0.838528E+001  0.121369E+002  0.637000E+002 -0.200000E+002  0.128959E-003 -0.130859E-003  0.183724E-003 -0.215068E-003  0.241781E-003  0.323593E-003  0.110000E+002  0.200000E+001  0.100000E+001  0.500000E+000  0.300000E+000  0.200000E+001  0.100000E+001  0.100000E+001  0.100000E+002
 -0.833369E+001  0.122115E+002  0.641000E+002 -0.200000E+002  0.165021E-003 -0.739268E-004  0.180823E-003 -0.284884E-003  0.145362E-003  0.319826E-003  0.110000E+002  0.200000E+001  0.100000E+001  0.500000E+000  0.300000E+000  0.200000E+001  0.100000E+001  0.100000E+001  0.100000E+002
 -0.828272E+001  0.122861E+002  0.645000E+002 -0.200000E+002  0.177806E-003 -0.914956E-005  0.178041E-003 -0.314552E-003  0.315667E-004  0.316132E-003  0.110000E+002  0.200000E+001  0.100000E+001  0.500000E+000  0.300000E+000  0.200000E+001  0.100000E+001  0.100000E+001  0.100000E+002
 -0.823238E+001  0.123607E+002  0.649000E+002 -0.200000E+002  0.166754E-003  0.546706E-004  0.175487E-003 -0.301079E-003 -0.838453E-004  0.312536E-003  0.110000E+002  0.200000E+001  0.100000E+001  0.500000E+000  0.300000E+000  0.200000E+001  0.100000E+001  0.100000E+001  0.100000E+002
 -0.818263E+001  0.124354E+002  0.653000E+002 -0.200000E+002  0.134278E-003  0.109464E-003  0.173242E-003 -0.247323E-003 -0.185336E-003  0.309060E-003  0.110000E+002  0.200000E+001  0.100000E+001  0.500000E+000  0.300000E+000  0.200000E+001  0.100000E+001  0.100000E+001  0.100000E+002
 -0.813348E+001  0.125100E+002  0.657000E+002 -0.200000E+002  0.851698E-004  0.148686E-003  0.171352E-003 -0.161423E-003 -0.259627E-003  0.305718E-003  0.110000E+002  0.200000E+001  0.100000E+001  0.500000E+000  0.300000E+000  0.200000E+001  0.100000E+001  0.100000E+001  0.100000E+002
 -0.808492E+001  0.125846E+002  0.661000E+002 -0.200000E+002  0.259307E-004  0.167824E-003  0.169816E-003 -0.555814E-004 -0.297363E-003  0.302512E-003  0.110000E+002  0.200000E+001  0.100000E+001  0.500000E+000  0.300000E+000  0.200000E+001  0.100000E+001  0.100000E+001  0.100000E+002
 -0.803692E+001  0.126593E+002  0.665000E+002 -0.200000E+002 -0.358856E-004  0.164728E-003  0.168592E-003  0.556161E-004 -0.294228E-003  0.299438E-003  0.110000E+002  0.200000E+001  0.100000E+001  0.500000E+000  0.300000E+000  0.200000E+001  0.100000E+001  0.100000E+001  0.100000E+002
 -0.798949E+001  0.127340E+002  0.669000E+002 -0.200000E+002 -0.923732E-004  0.139848E-003  0.167601E-003  0.157140E-003 -0.251409E-003  0.296478E-003  0.110000E+002  0.200000E+001  0.100000E+001  0.500000E+000  0.300000E+000  0.200000E+001  0.100000E+001  0.100000E+001  0.100000E+002
 -0.794261E+001  0.128086E+002  0.673000E+002 -0.200000E+002 -0.136092E-003  0.963416E-004  0.166742E-003  0.235488E-003 -0.175366E-003  0.293611E-003  0.110000E+002  0.200000E+001  0.100000E+001  0.500000E+000  0.300000E+000  0.200000E+001  0.100000E+001  0.100000E+001  0.100000E+002
 -0.789628E+001  0.128833E+002  0.677000E+002 -0.200000E+002 -0.161023E-003  0.399312E-004  0.165901E-003  0.280450E-003 -0.769299E-004  0.290810E-003  0.110000E+002  0.200000E+001  0.100000E+001  0.500000E+000  0.300000E+000  0.200000E+001  0.100000E+001  0.100000E+001  0.100000E+002
 -0.785048E+001  0.129580E+002  0.681000E+002 -0.200000E+002 -0.163544E-003 -0.216511E-004  0.164971E-003  0.286463E-003  0.301746E-004  0.288048E-003  0.110000E+002  0.200000E+001  0.100000E+001  0.500000E+000  0.300000E+000  0.200000E+001  0.100000E+001  0.100000E+001  0.100000E+002
 -0.780520E+001  0.130327E+002  0.685000E+002 -0.200000E+002 -0.143193E-003 -0.796725E-004  0.163866E-003  0.253337E-003  0.131211E-003  0.285300E-003  0.110000E+002  0.200000E+001  0.100000E+001  0.500000E+000  0.300000E+000  0.200000E+001  0.100000E+001  0.100000E+001  0.100000E+002
 -0.776044E+001  0.131074E+002  0.689000E+002 -0.200000E+002 -0.102953E-003 -0.125757E-003  0.162524E-003  0.186255E-003  0.212466E-003  0.282547E-003  0.110000E+002  0.200000E+001  0.100000E+001  0.500000E+000  0.300000E+000  0.200000E+001  0.100000E+001  0.100000E+001  0.100000E+002
 -0.771619E+001  0.131821E+002  0.693000E+002 -0.200000E+002 -0.488860E-004 -0.153317E-003  0.160922E-003  0.950065E-004  0.263153E-003  0.279778E-003  0.110000E+002  0.200000E+001  0.100000E+001  0.500000E+000  0.300000E+000  0.200000E+001  0.100000E+001  0.100000E+001  0.100000E+002
 -0.767244E+001  0.132568E+002  0.697000E+002 -0.200000E+002  0.108683E-004 -0.158698E-003  0.159070E-003 -0.744188E-005  0.276891E-003  0.276991E-003  0.110000E+002  0.200000E+001  0.100000E+001  0.500000E+000  0.300000E+000  0.200000E+001  0.100000E+001  0.100000E+001  0.100000E+002
 -0.762918E+001  0.133315E+002  0.701000E+002 -0.200000E+002  0.675205E-004 -0.141754E-003  0.157014E-003 -0.106819E-003  0.252528E-003  0.274191E-003  0.110000E+002  0.200000E+001  0.100000E+001  0.500000E+000  0.300000E+000  0.200000E+001  0.100000E+001  0.100000E+001  0.100000E+002
 -0.758639E+001  0.134063E+002  0.705000E+002 -0.200000E+002  0.113128E-003 -0.105705E-003  0.154827E-003 -0.189581E-003  0.194196E-003  0.271390E-003  0.110000E+002  0.200000E+001  0.100000E+001  0.500000E+000  0.300000E+000  0.200000E+001  0.100000E+001  0.100000E+001  0.100000E+002
 -0.754409E+001  0.134810E+002  0.709000E+002 -0.200000E+002  0.141808E-003 -0.563739E-004  0.152602E-003 -0.244782E-003  0.110601E-003  0.268609E-003  0.110000E+002  0.200000E+001  0.100000E+001  0.500000E+000  0.300000E+000  0.200000E+001  0.100000E+001  0.100000E+001  0.100000E+002
 -0.750225E+001  0.135558E+002  0.713000E+002 -0.200000E+002  0.150436E-003 -0.105729E-005  0.150439E-003 -0.265515E-003  0.136904E-004  0.265867E-003  0.110000E+002  0.200000E+001  0.100000E+001  0.500000E+000  0.300000E+000  0.200000E+001  0.100000E+001  0.100000E+001  0.100000E+002
 -0.746087E+001  0.136305E+002  0.717000E+002 -0.200000E+002  0.138775E-003  0.526676E-004  0.148433E-003 -0.249729E-003 -0.830833E-004  0.263187E-003  0.110000E+002  0.200000E+001  0.100000E+001  0.500000E+000  0.300000E+000  0.200000E+001  0.100000E+001  0.100000E+001  0.100000E+002
 -0.741994E+001  0.137053E+002  0.721000E+002 -0.200000E+002  0.109162E-003  0.979402E-004  0.146658E-003 -0.200355E-003 -0.166620E-003  0.260584E-003  0.110000E+002  0.200000E+001  0.100000E+001  0.500000E+000  0.300000E+000  0.200000E+001  0.100000E+001  0.100000E+001  0.100000E+002
 -0.737945E+001  0.137801E+002  0.725000E+002 -0.200000E+002  0.659525E-004  0.129314E-003  0.145162E-003 -0.124765E-003 -0.225911E-003  0.258073E-003  0.110000E+002  0.200000E+001  0.100000E+001  0.500000E+000  0.300000E+000  0.200000E+001  0.100000E+001  0.100000E+001  0.100000E+002
 -0.733941E+001  0.138548E+002  0.729000E+002 -0.200000E+002  0.149010E-004  0.143182E-003  0.143955E-003 -0.336769E-004 -0.253431E-003  0.255659E-003  0.110000E+002  0.200000E+001  0.100000E+001  0.500000E+000  0.300000E+000  0.200000E+001  0.100000E+001  0.100000E+001  0.100000E+002
 -0.729979E+001  0.139296E+002  0.733000E+002 -0.200000E+002 -0.374484E-004  0.138023E-003  0.143013E-003  0.603291E-004 -0.246050E-003  0.253338E-003  0.110000E+002  0.200000E+001  0.100000E+001  0.500000E+000  0.300000E+000  0.200000E+001  0.100000E+001  0.100000E+001  0.100000E+002
 -0.726059E+001  0.140044E+002  0.737000E+002 -0.200000E+002 -0.843802E-004  0.114555E-003  0.142277E-003  0.144498E-003 -0.205360E-003  0.251103E-003  0.110000E+002  0.200000E+001  0.100000E+001  0.500000E+000  0.300000E+000  0.200000E+001  0.100000E+001  0.100000E+001  0.100000E+002
 -0.722181E+001  0.140792E+002  0.741000E+002 -0.200000E+002 -0.119701E-003  0.757718E-004  0.141668E-003  0.207581E-003 -0.137403E-003  0.248937E-003  0.110000E+002  0.200000E+001  0.100000E+001  0.500000E+000  0.300000E+000  0.200000E+001  0.100000E+001  0.100000E+001  0.100000E+002
 -0.718345E+001  0.141540E+002  0.745000E+002 -0.200000E+002 -0.138529E-003  0.267720E-004  0.141092E-003  0.241319E-003 -0.518230E-004  0.246821E-003  0.110000E+002  0.200000E+001  0.100000E+001  0.500000E+000  0.300000E+000  0.200000E+001  0.100000E+001  0.100000E+001  0.100000E+002
 -0.714548E+001  0.142288E+002  0.749000E+002 -0.200000E+002 -0.138081E-003 -0.257379E-004  0.140459E-003  0.241535E-003  0.394497E-004  0.244735E-003  0.110000E+002  0.200000E+001  0.100000E+001  0.500000E+000  0.300000E+000  0.200000E+001  0.100000E+001  0.100000E+001  0.100000E+002
 -0.710791E+001  0.143036E+002  0.753000E+002 -0.200000E+002 -0.118285E-003 -0.743120E-004  0.139691E-003  0.208682E-003  0.123839E-003  0.242661E-003  0.110000E+002  0.200000E+001  0.100000E+001  0.500000E+000  0.300000E+000  0.200000E+001  0.100000E+001  0.100000E+001  0.100000E+002
 -0.707073E+001  0.143785E+002  0.757000E+002 -0.200000E+002 -0.819816E-004 -0.111916E-003  0.138731E-003  0.147762E-003  0.189858E-003  0.240582E-003  0.110000E+002  0.200000E+001  0.100000E+001  0.500000E+000  0.300000E+000  0.200000E+001  0.100000E+001  0.100000E+001  0.100000E+002
 -0.703394E+001  0.144533E+002  0.761000E+002 -0.200000E+002 -0.345849E-004 -0.133132E-003  0.137551E-003  0.675909E-004  0.228710E-003  0.238488E-003  0.110000E+002  0.200000E+001  0.100000E+001  0.500000E+000  0.300000E+000  0.200000E+001  0.100000E+001  0.100000E+001  0.100000E+002
 -0.699753E+001  0.145281E+002  0.765000E+002 -0.200000E+002  0.167999E-004 -0.135114E-003  0.136155E-003 -0.204685E-004  0.235488E-003  0.236376E-003  0.110000E+002  0.200000E+001  0.100000E+001  0.500000E+000  0.300000E+000  0.200000E+001  0.100000E+001  0.100000E+001  0.100000E+002
 -0.696149E+001  0.146030E+002  0.769000E+002 -0.200000E+002  0.646103E-004 -0.118049E-003  0.134574E-003 -0.104148E-003  0.209823E-003  0.234249E-003  0.110000E+002  0.200000E+001  0.100000E+001  0.500000E+000  0.300000E+000  0.200000E+001  0.100000E+001  0.100000E+001  0.100000E+002
 -0.692582E+001  0.146778E+002  0.773000E+002 -0.200000E+002  0.102115E-003 -0.850052E-004  0.132866E-003 -0.172016E-003  0.155846E-003  0.232115E-003  0.110000E+002  0.200000E+001  0.100000E+001  0.500000E+000  0.300000E+000  0.200000E+001  0.100000E+001  0.100000E+001  0.100000E+002
 -0.689051E+001  0.147527E+002  0.777000E+002 -0.200000E+002  0.124450E-003 -0.412450E-004  0.131106E-003 -0.215057E-003  0.815175E-004  0.229988E-003  0.110000E+002  0.200000E+001  0.100000E+001  0.500000E+000  0.300000E+000  0.200000E+001  0.100000E+001  0.100000E+001  0.100000E+002
 -0.685555E+001  0.148275E+002  0.781000E+002 -0.200000E+002  0.129202E-003  0.678000E-005  0.129380E-003 -0.227870E-003 -0.257987E-005  0.227885E-003  0.110000E+002  0.200000E+001  0.100000E+001  0.500000E+000  0.300000E+000  0.200000E+001  0.100000E+001  0.100000E+001  0.100000E+002
 -0.682095E+001  0.149024E+002  0.785000E+002 -0.200000E+002  0.116492E-003  0.524786E-004  0.127767E-003 -0.209308E-003 -0.847663E-004  0.225821E-003  0.110000E+002  0.200000E+001  0.100000E+001  0.500000E+000  0.300000E+000  0.200000E+001  0.100000E+001  0.100000E+001  0.100000E+002
 -0.678669E+001  0.149772E+002  0.789000E+002 -0.200000E+002  0.886678E-004  0.899940E-004  0.126336E-003 -0.162515E-003 -0.153885E-003  0.223812E-003  0.110000E+002  0.200000E+001  0.100000E+001  0.500000E+000  0.300000E+000  0.200000E+001  0.100000E+001  0.100000E+001  0.100000E+002
 -0.675278E+001  0.150521E+002  0.793000E+002 -0.200000E+002  0.497818E-004  0.114804E-003  0.125132E-003 -0.943850E-004 -0.200790E-003  0.221868E-003  0.110000E+002  0.200000E+001  0.100000E+001  0.500000E+000  0.300000E+000  0.200000E+001  0.100000E+001  0.100000E+001  0.100000E+002
 -0.671920E+001  0.151270E+002  0.797000E+002 -0.200000E+002  0.501699E-005  0.124068E-003  0.124170E-003 -0.145504E-004 -0.219512E-003  0.219994E-003  0.110000E+002  0.200000E+001  0.100000E+001  0.500000E+000  0.300000E+000  0.200000E+001  0.100000E+001  0.100000E+001  0.100000E+002
 -0.668595E+001  0.152019E+002  0.801000E+002 -0.200000E+002 -0.398705E-004  0.116816E-003  0.123433E-003  0.659563E-004 -0.207983E-003  0.218191E-003  0.110000E+002  0.200000E+001  0.100000E+001  0.500000E+000  0.300000E+000  0.200000E+001  0.100000E+001  0.100000E+001  0.100000E+002
 -0.665302E+001  0.152768E+002  0.805000E+002 -0.200000E+002 -0.791045E-004  0.940281E-004  0.122877E-003  0.136186E-003 -0.168240E-003  0.216451E-003  0.110000E+002  0.200000E+001  0.100000E+001  0.500000E+000  0.300000E+000  0.200000E+001  0.100000E+001  0.100000E+001  0.100000E+002
 -0.662042E+001  0.153517E+002  0.809000E+002 -0.200000E+002 -0.107490E-003  0.586229E-004  0.122436E-003  0.186726E-003 -0.106102E-003  0.214766E-003  0.110000E+002  0.200000E+001  0.100000E+001  0.500000E+000  0.300000E+000  0.200000E+001  0.100000E+001  0.100000E+001  0.100000E+002
 -0.658814E+001  0.154266E+002  0.813000E+002 -0.200000E+002 -0.121075E-003  0.152645E-004  0.122033E-003  0.210946E-003 -0.303571E-004  0.213119E-003  0.110000E+002  0.200000E+001  0.100000E+001  0.500000E+000  0.300000E+000  0.200000E+001  0.100000E+001  0.100000E+001  0.100000E+002
 -0.655616E+001  0.155015E+002  0.817000E+002 -0.200000E+002 -0.117803E-003 -0.301054E-004  0.121589E-003  0.205873E-003  0.484417E-004  0.211495E-003  0.110000E+002  0.200000E+001  0.100000E+001  0.500000E+000  0.300000E+000  0.200000E+001  0.100000E+001  0.100000E+001  0.100000E+002
 -0.652450E+001  0.155764E+002  0.821000E+002 -0.200000E+002 -0.979926E-004 -0.710418E-004  0.121035E-003  0.172587E-003  0.119429E-003  0.209880E-003  0.110000E+002  0.200000E+001  0.100000E+001  0.500000E+000  0.300000E+000  0.200000E+001  0.100000E+001  0.100000E+001  0.100000E+002
 -0.649313E+001  0.156513E+002  0.825000E+002 -0.200000E+002 -0.644610E-004 -0.101596E-003  0.120320E-003  0.116049E-003  0.172931E-003  0.208260E-003  0.110000E+002  0.200000E+001  0.100000E+001  0.500000E+000  0.300000E+000  0.200000E+001  0.100000E+001  0.100000E+001  0.100000E+002
 -0.646207E+001  0.157262E+002  0.829000E+002 -0.200000E+002 -0.221778E-004 -0.117340E-003  0.119418E-003  0.443887E-004  0.201803E-003  0.206628E-003  0.110000E+002  0.200000E+001  0.100000E+001  0.500000E+000  0.300000E+000  0.200000E+001  0.100000E+001  0.100000E+001  0.100000E+002
 -0.643130E+001  0.158011E+002  0.833000E+002 -0.200000E+002  0.225385E-004 -0.116159E-003  0.118326E-003 -0.322675E-004  0.202422E-003  0.204978E-003  0.110000E+002  0.200000E+001  0.100000E+001  0.500000E+000  0.300000E+000  0.200000E+001  0.100000E+001  0.100000E+001  0.100000E+002
 -0.640082E+001  0.158760E+002  0.837000E+002 -0.200000E+002  0.631124E-004 -0.985998E-004  0.117069E-003 -0.103246E-003  0.175147E-003  0.203313E-003  0.110000E+002  0.200000E+001  0.100000E+001  0.500000E+000  0.300000E+000  0.200000E+001  0.100000E+001  0.100000E+001  0.100000E+002
 -0.637063E+001  0.159510E+002  0.841000E+002 -0.200000E+002  0.938292E-004 -0.676853E-004  0.115695E-003 -0.158841E-003  0.124210E-003  0.201640E-003  0.110000E+002  0.200000E+001  0.100000E+001  0.500000E+000  0.300000E+000  0.200000E+001  0.100000E+001  0.100000E+001  0.100000E+002
 -0.634072E+001  0.160259E+002  0.845000E+002 -0.200000E+002  0.110714E-003 -0.282695E-004  0.114267E-003 -0.191659E-003  0.570444E-004  0.199968E-003  0.110000E+002  0.200000E+001  0.100000E+001  0.500000E+000  0.300000E+000  0.200000E+001  0.100000E+001  0.100000E+001  0.100000E+002
 -0.631108E+001  0.161008E+002  0.849000E+002 -0.200000E+002  0.112001E-003  0.138707E-004  0.112857E-003 -0.197595E-003 -0.168219E-004  0.198310E-003  0.110000E+002  0.200000E+001  0.100000E+001  0.500000E+000  0.300000E+000  0.200000E+001  0.100000E+001  0.100000E+001  0.100000E+002
 -0.628173E+001  0.161758E+002  0.853000E+002 -0.200000E+002  0.981584E-004  0.529641E-004  0.111536E-003 -0.176324E-003 -0.871369E-004  0.196680E-003  0.110000E+002  0.200000E+001  0.100000E+001  0.500000E+000  0.300000E+000  0.200000E+001  0.100000E+001  0.100000E+001  0.100000E+002
 -0.625264E+001  0.162507E+002  0.857000E+002 -0.200000E+002  0.715788E-004  0.840047E-004  0.110364E-003 -0.131241E-003 -0.144345E-003  0.195089E-003  0.110000E+002  0.200000E+001  0.100000E+001  0.500000E+000  0.300000E+000  0.200000E+001  0.100000E+001  0.100000E+001  0.100000E+002
 -0.622382E+001  0.163257E+002  0.861000E+002 -0.200000E+002  0.360850E-004  0.103259E-003  0.109383E-003 -0.689150E-004 -0.180862E-003  0.193547E-003  0.110000E+002  0.200000E+001  0.100000E+001  0.500000E+000  0.300000E+000  0.200000E+001  0.100000E+001  0.100000E+001  0.100000E+002
 -0.619526E+001  0.164006E+002  0.865000E+002 -0.200000E+002 -0.360229E-005  0.108548E-003  0.108607E-003  0.187265E-005 -0.192049E-003  0.192058E-003  0.110000E+002  0.200000E+001  0.100000E+001  0.500000E+000  0.300000E+000  0.200000E+001  0.100000E+001  0.100000E+001  0.100000E+002
 -0.616697E+001  0.164756E+002  0.869000E+002 -0.200000E+002 -0.423723E-004  0.993690E-004  0.108026E-003  0.713408E-004 -0.176770E-003  0.190623E-003  0.110000E+002  0.200000E+001  0.100000E+001  0.500000E+000  0.300000E+000  0.200000E+001  0.100000E+001  0.100000E+001  0.100000E+002
 -0.613893E+001  0.165506E+002  0.873000E+002 -0.200000E+002 -0.752201E-004  0.769432E-004  0.107603E-003  0.130030E-003 -0.137488E-003  0.189238E-003  0.110000E+002  0.200000E+001  0.100000E+001  0.500000E+000  0.300000E+000  0.200000E+001  0.100000E+001  0.100000E+001  0.100000E+002
 -0.611114E+001  0.166255E+002  0.877000E+002 -0.200000E+002 -0.977740E-004  0.441536E-004  0.107281E-003  0.170064E-003 -0.798917E-004  0.187894E-003  0.110000E+002  0.200000E+001  0.100000E+001  0.500000E+000  0.300000E+000  0.200000E+001  0.100000E+001  0.100000E+001  0.100000E+002
 -0.608360E+001  0.167005E+002  0.881000E+002 -0.200000E+002 -0.106862E-003  0.533458E-005  0.106996E-003  0.186189E-003 -0.120998E-004  0.186581E-003  0.110000E+002  0.200000E+001  0.100000E+001  0.500000E+000  0.300000E+000  0.200000E+001  0.100000E+001  0.100000E+001  0.100000E+002
 -0.605631E+001  0.167755E+002  0.885000E+002 -0.200000E+002 -0.101054E-003 -0.341774E-004  0.106677E-003  0.176478E-003  0.564508E-004  0.185286E-003  0.110000E+002  0.200000E+001  0.100000E+001  0.500000E+000  0.300000E+000  0.200000E+001  0.100000E+001  0.100000E+001  0.100000E+002
 -0.602926E+001  0.168505E+002  0.889000E+002 -0.200000E+002 -0.810282E-004 -0.687507E-004  0.106265E-003  0.142576E-003  0.116306E-003  0.183997E-003  0.110000E+002  0.200000E+001  0.100000E+001  0.500000E+000  0.300000E+000  0.200000E+001  0.100000E+001  0.100000E+001  0.100000E+002
 -0.600245E+001  0.169254E+002  0.893000E+002 -0.200000E+002 -0.496280E-004 -0.933409E-004  0.105714E-003  0.894609E-004  0.159303E-003  0.182704E-003  0.110000E+002  0.200000E+001  0.100000E+001  0.500000E+000  0.300000E+000  0.200000E+001  0.100000E+001  0.100000E+001  0.100000E+002
 -0.597588E+001  0.170004E+002  0.897000E+002 -0.200000E+002 -0.114927E-004 -0.104368E-003  0.104999E-003  0.247270E-004  0.179705E-003  0.181398E-003  0.110000E+002  0.200000E+001  0.100000E+001  0.500000E+000  0.300000E+000  0.200000E+001  0.100000E+001  0.100000E+001  0.100000E+002
 -0.594954E+001  0.170754E+002  0.901000E+002 -0.200000E+002  0.276916E-004 -0.100367E-003  0.104117E-003 -0.425006E-004  0.174991E-003  0.180078E-003  0.110000E+002  0.200000E+001  0.100000E+001  0.500000E+000  0.300000E+000  0.200000E+001  0.100000E+001  0.100000E+001  0.100000E+002
 -0.592343E+001  0.171504E+002  0.905000E+002 -0.200000E+002  0.621733E-004 -0.822308E-004  0.103089E-003 -0.102871E-003  0.146174E-003  0.178743E-003  0.110000E+002  0.200000E+001  0.100000E+001  0.500000E+000  0.300000E+000  0.200000E+001  0.100000E+001  0.100000E+001  0.100000E+002
 -0.589755E+001  0.172254E+002  0.909000E+002 -0.200000E+002  0.871087E-004 -0.529810E-004  0.101955E-003 -0.148131E-003  0.976106E-004  0.177400E-003  0.110000E+002  0.200000E+001  0.100000E+001  0.500000E+000  0.300000E+000  0.200000E+001  0.100000E+001  0.100000E+001  0.100000E+002
 -0.587189E+001  0.173004E+002  0.913000E+002 -0.200000E+002  0.993006E-004 -0.171496E-004  0.100771E-003 -0.172266E-003  0.363292E-004  0.176055E-003  0.110000E+002  0.200000E+001  0.100000E+001  0.500000E+000  0.300000E+000  0.200000E+001  0.100000E+001  0.100000E+001  0.100000E+002
 -0.584646E+001  0.173754E+002  0.917000E+002 -0.200000E+002  0.975585E-004  0.200511E-004  0.995977E-004 -0.172295E-003 -0.290094E-004  0.174720E-003  0.110000E+002  0.200000E+001  0.100000E+001  0.500000E+000  0.300000E+000  0.200000E+001  0.100000E+001  0.100000E+001  0.100000E+002
 -0.582124E+001  0.174504E+002  0.921000E+002 -0.200000E+002  0.826695E-004  0.535518E-004  0.984989E-004 -0.148614E-003 -0.893482E-004  0.173404E-003  0.110000E+002  0.200000E+001  0.100000E+001  0.500000E+000  0.300000E+000  0.200000E+001  0.100000E+001  0.100000E+001  0.100000E+002
 -0.579624E+001  0.175254E+002  0.925000E+002 -0.200000E+002  0.570768E-004  0.790811E-004  0.975274E-004 -0.104863E-003 -0.136487E-003  0.172119E-003  0.110000E+002  0.200000E+001  0.100000E+001  0.500000E+000  0.300000E+000  0.200000E+001  0.100000E+001  0.100000E+001  0.100000E+002
 -0.577145E+001  0.176005E+002  0.929000E+002 -0.200000E+002  0.244117E-004  0.935882E-004  0.967196E-004 -0.473564E-004 -0.164177E-003  0.170870E-003  0.110000E+002  0.200000E+001  0.100000E+001  0.500000E+000  0.300000E+000  0.200000E+001  0.100000E+001  0.100000E+001  0.100000E+002
 -0.574687E+001  0.176755E+002  0.933000E+002 -0.200000E+002 -0.109980E-004  0.954588E-004  0.960903E-004  0.158282E-004 -0.168924E-003  0.169664E-003  0.110000E+002  0.200000E+001  0.100000E+001  0.500000E+000  0.300000E+000  0.200000E+001  0.100000E+001  0.100000E+001  0.100000E+002
 -0.572250E+001  0.177505E+002  0.937000E+002 -0.200000E+002 -0.445898E-004  0.845981E-004  0.956300E-004  0.759665E-004 -0.150404E-003  0.168500E-003  0.110000E+002  0.200000E+001  0.100000E+001  0.500000E+000  0.300000E+000  0.200000E+001  0.100000E+001  0.100000E+001  0.100000E+002
 -0.569834E+001  0.178255E+002  0.941000E+002 -0.200000E+002 -0.720120E-004  0.624320E-004  0.953073E-004  0.124866E-003 -0.111459E-003  0.167376E-003  0.110000E+002  0.200000E+001  0.100000E+001  0.500000E+000  0.300000E+000  0.200000E+001  0.100000E+001  0.100000E+001  0.100000E+002
 -0.567437E+001  0.179005E+002  0.945000E+002 -0.200000E+002 -0.895904E-004  0.318212E-004  0.950738E-004  0.155960E-003 -0.576782E-004  0.166284E-003  0.110000E+002  0.200000E+001  0.100000E+001  0.500000E+000  0.300000E+000  0.200000E+001  0.100000E+001  0.100000E+001  0.100000E+002
 -0.565061E+001  0.179756E+002  0.949000E+002 -0.200000E+002 -0.948178E-004 -0.316921E-005  0.948707E-004  0.165182E-003  0.337736E-005  0.165217E-003  0.110000E+002  0.200000E+001  0.100000E+001  0.500000E+000  0.300000E+000  0.200000E+001  0.100000E+001  0.100000E+001  0.100000E+002
 -0.562705E+001  0.180506E+002  0.953000E+002 -0.200000E+002 -0.868021E-004 -0.377067E-004  0.946383E-004  0.151503E-003  0.632164E-004  0.164163E-003  0.110000E+002  0.200000E+001  0.100000E+001  0.500000E+000  0.300000E+000  0.200000E+001  0.100000E+001  0.100000E+001  0.100000E+002
 -0.560368E+001  0.181256E+002  0.957000E+002 -0.200000E+002 -0.665466E-004 -0.668459E-004  0.943230E-004  0.117063E-003  0.113587E-003  0.163113E-003  0.110000E+002  0.200000E+001  0.100000E+001  0.500000E+000  0.300000E+000  0.200000E+001  0.100000E+001  0.100000E+001  0.100000E+002
 -0.558050E+001  0.182007E+002  0.961000E+002 -0.200000E+002 -0.369317E-004 -0.863154E-004  0.938845E-004  0.668633E-004  0.147622E-003  0.162059E-003  0.110000E+002  0.200000E+001  0.100000E+001  0.500000E+000  0.300000E+000  0.200000E+001  0.100000E+001  0.100000E+001  0.100000E+002
 -0.555752E+001  0.182757E+002  0.965000E+002 -0.200000E+002 -0.232961E-005 -0.932713E-004  0.933004E-004  0.804891E-005  0.160792E-003  0.160994E-003  0.110000E+002  0.200000E+001  0.100000E+001  0.500000E+000  0.300000E+000  0.200000E+001  0.100000E+001  0.100000E+001  0.100000E+002
 -0.553472E+001  0.183508E+002  0.969000E+002 -0.200000E+002  0.321089E-004 -0.868213E-004  0.925685E-004 -0.511085E-004  0.151528E-003  0.159915E-003  0.110000E+002  0.200000E+001  0.100000E+001  0.500000E+000  0.300000E+000  0.200000E+001  0.100000E+001  0.100000E+001  0.100000E+002
 -0.551210E+001  0.184258E+002  0.973000E+002 -0.200000E+002  0.613420E-004 -0.681710E-004  0.917067E-004 -0.102391E-003  0.121413E-003  0.158824E-003  0.110000E+002  0.200000E+001  0.100000E+001  0.500000E+000  0.300000E+000  0.200000E+001  0.100000E+001  0.100000E+001  0.100000E+002
 -0.548967E+001  0.185009E+002  0.977000E+002 -0.200000E+002  0.812855E-004 -0.403529E-004  0.907508E-004 -0.138796E-003  0.749174E-004  0.157725E-003  0.110000E+002  0.200000E+001  0.100000E+001  0.500000E+000  0.300000E+000  0.200000E+001  0.100000E+001  0.100000E+001  0.100000E+002
 -0.546743E+001  0.185759E+002  0.981000E+002 -0.200000E+002  0.894249E-004 -0.762411E-005  0.897493E-004 -0.155500E-003  0.187228E-004  0.156623E-003  0.110000E+002  0.200000E+001  0.100000E+001  0.500000E+000  0.300000E+000  0.200000E+001  0.100000E+001  0.100000E+001  0.100000E+002
 -0.544536E+001  0.186510E+002  0.985000E+002 -0.200000E+002  0.850773E-004  0.252954E-004  0.887581E-004 -0.150492E-003 -0.392553E-004  0.155527E-003  0.110000E+002  0.200000E+001  0.100000E+001  0.500000E+000  0.300000E+000  0.200000E+001  0.100000E+001  0.100000E+001  0.100000E+002
 -0.542347E+001  0.187260E+002  0.989000E+002 -0.200000E+002  0.693087E-004  0.539518E-004  0.878322E-004 -0.124796E-003 -0.909928E-004  0.154447E-003  0.110000E+002  0.200000E+001  0.100000E+001  0.500000E+000  0.300000E+000  0.200000E+001  0.100000E+001  0.100000E+001  0.100000E+002
 -0.540175E+001  0.188011E+002  0.993000E+002 -0.200000E+002  0.446035E-004  0.747178E-004  0.870185E-004 -0.822642E-004 -0.129464E-003  0.153390E-003  0.110000E+002  0.200000E+001  0.100000E+001  0.500000E+000  0.300000E+000  0.200000E+001  0.100000E+001  0.100000E+001  0.100000E+002
 -0.538020E+001  0.188762E+002  0.997000E+002 -0.200000E+002  0.144200E-004  0.851366E-004  0.863491E-004 -0.289865E-004 -0.149580E-003  0.152363E-003  0.110000E+002  0.200000E+001  0.100000E+001  0.500000E+000  0.300000E+000  0.200000E+001  0.100000E+001  0.100000E+001  0.100000E+002
