 % the field is ppp
% Dinn5 settings , t1, t2, t3, t4, tm, tp, eps, step, IntLimit
%   0.250000E+001  0.250000E+001  0.250000E+001  0.280000E+002  0.200000E-001  0.000000E+000  0.100000E-005  0.100000E-001  0.100000E+006
%psi, R, x, z, re(u), im(u), abs(u), re(w), im(w), abs(w), fieldCode, cp(1), cp(2), cs(1), cs(2), rho(1), rho(2), h, w
 -0.893898E+002  0.177001E+001  0.100000E+000 -0.200000E+002  0.436251E-004 -0.802056E-004  0.913022E-004 -0.110395E-001  0.202964E-001  0.231044E-001  0.110000E+002  0.200000E+001  0.100000E+001  0.500000E+000  0.300000E+000  0.200000E+001  0.100000E+001  0.100000E+001  0.100000E+002
 -0.869519E+002  0.177242E+001  0.500000E+000 -0.200000E+002  0.221400E-003 -0.398522E-003  0.455892E-003 -0.112079E-001  0.201743E-001  0.230785E-001  0.110000E+002  0.200000E+001  0.100000E+001  0.500000E+000  0.300000E+000  0.200000E+001  0.100000E+001  0.100000E+001  0.100000E+002
 -0.845249E+002  0.177802E+001  0.900000E+000 -0.200000E+002  0.412073E-003 -0.706640E-003  0.818012E-003 -0.115954E-001  0.198843E-001  0.230183E-001  0.110000E+002  0.200000E+001  0.100000E+001  0.500000E+000  0.300000E+000  0.200000E+001  0.100000E+001  0.100000E+001  0.100000E+002
 -0.821175E+002  0.178679E+001  0.130000E+001 -0.200000E+002  0.625155E-003 -0.995728E-003  0.117571E-002 -0.121892E-001  0.194146E-001  0.229239E-001  0.110000E+002  0.200000E+001  0.100000E+001  0.500000E+000  0.300000E+000  0.200000E+001  0.100000E+001  0.100000E+001  0.100000E+002
 -0.797378E+002  0.179869E+001  0.170000E+001 -0.200000E+002  0.868727E-003 -0.125589E-002  0.152707E-002 -0.129682E-001  0.187477E-001  0.227958E-001  0.110000E+002  0.200000E+001  0.100000E+001  0.500000E+000  0.300000E+000  0.200000E+001  0.100000E+001  0.100000E+001  0.100000E+002
 -0.773933E+002  0.181364E+001  0.210000E+001 -0.200000E+002  0.114873E-002 -0.147586E-002  0.187023E-002 -0.139027E-001  0.178618E-001  0.226347E-001  0.110000E+002  0.200000E+001  0.100000E+001  0.500000E+000  0.300000E+000  0.200000E+001  0.100000E+001  0.100000E+001  0.100000E+002
 -0.750909E+002  0.183157E+001  0.250000E+001 -0.200000E+002  0.146821E-002 -0.164296E-002  0.220340E-002 -0.149535E-001  0.167332E-001  0.224412E-001  0.110000E+002  0.200000E+001  0.100000E+001  0.500000E+000  0.300000E+000  0.200000E+001  0.100000E+001  0.100000E+001  0.100000E+002
 -0.728367E+002  0.185240E+001  0.290000E+001 -0.200000E+002  0.182648E-002 -0.174325E-002  0.252487E-002 -0.160711E-001  0.153387E-001  0.222162E-001  0.110000E+002  0.200000E+001  0.100000E+001  0.500000E+000  0.300000E+000  0.200000E+001  0.100000E+001  0.100000E+001  0.100000E+002
 -0.706360E+002  0.187604E+001  0.330000E+001 -0.200000E+002  0.221836E-002 -0.176209E-002  0.283304E-002 -0.171959E-001  0.136591E-001  0.219607E-001  0.110000E+002  0.200000E+001  0.100000E+001  0.500000E+000  0.300000E+000  0.200000E+001  0.100000E+001  0.100000E+001  0.100000E+002
 -0.684931E+002  0.190237E+001  0.370000E+001 -0.200000E+002  0.263346E-002 -0.168500E-002  0.312640E-002 -0.182582E-001  0.116824E-001  0.216758E-001  0.110000E+002  0.200000E+001  0.100000E+001  0.500000E+000  0.300000E+000  0.200000E+001  0.100000E+001  0.100000E+001  0.100000E+002
 -0.664115E+002  0.193128E+001  0.410000E+001 -0.200000E+002  0.305573E-002 -0.149897E-002  0.340359E-002 -0.191794E-001  0.940832E-002  0.213627E-001  0.110000E+002  0.200000E+001  0.100000E+001  0.500000E+000  0.300000E+000  0.200000E+001  0.100000E+001  0.100000E+001  0.100000E+002
 -0.643939E+002  0.196267E+001  0.450000E+001 -0.200000E+002  0.346330E-002 -0.119402E-002  0.366335E-002 -0.198748E-001  0.685215E-002  0.210229E-001  0.110000E+002  0.200000E+001  0.100000E+001  0.500000E+000  0.300000E+000  0.200000E+001  0.100000E+001  0.100000E+001  0.100000E+002
 -0.624422E+002  0.199642E+001  0.490000E+001 -0.200000E+002  0.382887E-002 -0.765200E-003  0.390458E-002 -0.202570E-001  0.404837E-002  0.206576E-001  0.110000E+002  0.200000E+001  0.100000E+001  0.500000E+000  0.300000E+000  0.200000E+001  0.100000E+001  0.100000E+001  0.100000E+002
 -0.605574E+002  0.203240E+001  0.530000E+001 -0.200000E+002  0.412076E-002 -0.214510E-003  0.412634E-002 -0.202411E-001  0.105367E-002  0.202685E-001  0.110000E+002  0.200000E+001  0.100000E+001  0.500000E+000  0.300000E+000  0.200000E+001  0.100000E+001  0.100000E+001  0.100000E+002
 -0.587402E+002  0.207050E+001  0.570000E+001 -0.200000E+002  0.430465E-002  0.447119E-003  0.432781E-002 -0.197508E-001 -0.205149E-002  0.198570E-001  0.110000E+002  0.200000E+001  0.100000E+001  0.500000E+000  0.300000E+000  0.200000E+001  0.100000E+001  0.100000E+001  0.100000E+002
 -0.569902E+002  0.211061E+001  0.610000E+001 -0.200000E+002  0.434619E-002  0.119830E-002  0.450836E-002 -0.187262E-001 -0.516306E-002  0.194249E-001  0.110000E+002  0.200000E+001  0.100000E+001  0.500000E+000  0.300000E+000  0.200000E+001  0.100000E+001  0.100000E+001  0.100000E+002
 -0.553071E+002  0.215262E+001  0.650000E+001 -0.200000E+002  0.421427E-002  0.200637E-002  0.466750E-002 -0.171314E-001 -0.815606E-002  0.189738E-001  0.110000E+002  0.200000E+001  0.100000E+001  0.500000E+000  0.300000E+000  0.200000E+001  0.100000E+001  0.100000E+001  0.100000E+002
 -0.536897E+002  0.219641E+001  0.690000E+001 -0.200000E+002  0.388491E-002  0.282753E-002  0.480494E-002 -0.149621E-001 -0.108898E-001  0.185055E-001  0.110000E+002  0.200000E+001  0.100000E+001  0.500000E+000  0.300000E+000  0.200000E+001  0.100000E+001  0.100000E+001  0.100000E+002
 -0.521367E+002  0.224188E+001  0.730000E+001 -0.200000E+002  0.334528E-002  0.360841E-002  0.492052E-002 -0.122523E-001 -0.132161E-001  0.180218E-001  0.110000E+002  0.200000E+001  0.100000E+001  0.500000E+000  0.300000E+000  0.200000E+001  0.100000E+001  0.100000E+001  0.100000E+002
 -0.506465E+002  0.228893E+001  0.770000E+001 -0.200000E+002  0.259756E-002  0.428902E-002  0.501428E-002 -0.907826E-002 -0.149898E-001  0.175245E-001  0.110000E+002  0.200000E+001  0.100000E+001  0.500000E+000  0.300000E+000  0.200000E+001  0.100000E+001  0.100000E+001  0.100000E+002
 -0.492173E+002  0.233747E+001  0.810000E+001 -0.200000E+002  0.166190E-002  0.480724E-002  0.508640E-002 -0.555956E-002 -0.160816E-001  0.170155E-001  0.110000E+002  0.200000E+001  0.100000E+001  0.500000E+000  0.300000E+000  0.200000E+001  0.100000E+001  0.100000E+001  0.100000E+002
 -0.478470E+002  0.238740E+001  0.850000E+001 -0.200000E+002  0.578049E-003  0.510462E-002  0.513725E-002 -0.185623E-002 -0.163920E-001  0.164967E-001  0.110000E+002  0.200000E+001  0.100000E+001  0.500000E+000  0.300000E+000  0.200000E+001  0.100000E+001  0.100000E+001  0.100000E+002
 -0.465336E+002  0.243864E+001  0.890000E+001 -0.200000E+002 -0.595049E-003  0.513298E-002  0.516735E-002  0.183904E-002 -0.158638E-001  0.159701E-001  0.110000E+002  0.200000E+001  0.100000E+001  0.500000E+000  0.300000E+000  0.200000E+001  0.100000E+001  0.100000E+001  0.100000E+002
 -0.452749E+002  0.249111E+001  0.930000E+001 -0.200000E+002 -0.178196E-002  0.486106E-002  0.517739E-002  0.531329E-002 -0.144943E-001  0.154375E-001  0.110000E+002  0.200000E+001  0.100000E+001  0.500000E+000  0.300000E+000  0.200000E+001  0.100000E+001  0.100000E+001  0.100000E+002
 -0.440687E+002  0.254473E+001  0.970000E+001 -0.200000E+002 -0.289595E-002  0.428060E-002  0.516818E-002  0.834959E-002 -0.123418E-001  0.149009E-001  0.110000E+002  0.200000E+001  0.100000E+001  0.500000E+000  0.300000E+000  0.200000E+001  0.100000E+001  0.100000E+001  0.100000E+002
 -0.429127E+002  0.259943E+001  0.101000E+002 -0.200000E+002 -0.384649E-002  0.341049E-002  0.514071E-002  0.107464E-001 -0.952828E-002  0.143622E-001  0.110000E+002  0.200000E+001  0.100000E+001  0.500000E+000  0.300000E+000  0.200000E+001  0.100000E+001  0.100000E+001  0.100000E+002
 -0.418048E+002  0.265515E+001  0.105000E+002 -0.200000E+002 -0.454829E-002  0.229849E-002  0.509608E-002  0.123375E-001 -0.623475E-002  0.138234E-001  0.110000E+002  0.200000E+001  0.100000E+001  0.500000E+000  0.300000E+000  0.200000E+001  0.100000E+001  0.100000E+001  0.100000E+002
 -0.407428E+002  0.271182E+001  0.109000E+002 -0.200000E+002 -0.493118E-002  0.101957E-002  0.503549E-002  0.130111E-001 -0.269017E-002  0.132863E-001  0.110000E+002  0.200000E+001  0.100000E+001  0.500000E+000  0.300000E+000  0.200000E+001  0.100000E+001  0.100000E+001  0.100000E+002
 -0.397247E+002  0.276938E+001  0.113000E+002 -0.200000E+002 -0.494931E-002 -0.329132E-003  0.496024E-002  0.127247E-001  0.846196E-003  0.127528E-001  0.110000E+002  0.200000E+001  0.100000E+001  0.500000E+000  0.300000E+000  0.200000E+001  0.100000E+001  0.100000E+001  0.100000E+002
 -0.387483E+002  0.282778E+001  0.117000E+002 -0.200000E+002 -0.458854E-002 -0.163683E-002  0.487174E-002  0.115140E-001  0.410729E-002  0.122246E-001  0.110000E+002  0.200000E+001  0.100000E+001  0.500000E+000  0.300000E+000  0.200000E+001  0.100000E+001  0.100000E+001  0.100000E+002
 -0.378117E+002  0.288697E+001  0.121000E+002 -0.200000E+002 -0.387068E-002 -0.279004E-002  0.477142E-002  0.949422E-002  0.684357E-002  0.117036E-001  0.110000E+002  0.200000E+001  0.100000E+001  0.500000E+000  0.300000E+000  0.200000E+001  0.100000E+001  0.100000E+001  0.100000E+002
 -0.369129E+002  0.294690E+001  0.125000E+002 -0.200000E+002 -0.285375E-002 -0.368495E-002  0.466077E-002  0.685235E-002  0.884821E-002  0.111913E-001  0.110000E+002  0.200000E+001  0.100000E+001  0.500000E+000  0.300000E+000  0.200000E+001  0.100000E+001  0.100000E+001  0.100000E+002
 -0.360502E+002  0.300753E+001  0.129000E+002 -0.200000E+002 -0.162772E-002 -0.423952E-002  0.454126E-002  0.383135E-002  0.997900E-002  0.106892E-001  0.110000E+002  0.200000E+001  0.100000E+001  0.500000E+000  0.300000E+000  0.200000E+001  0.100000E+001  0.100000E+001  0.100000E+002
 -0.352217E+002  0.306881E+001  0.133000E+002 -0.200000E+002 -0.306128E-003 -0.440375E-002  0.441437E-002  0.707264E-003  0.101742E-001  0.101988E-001  0.110000E+002  0.200000E+001  0.100000E+001  0.500000E+000  0.300000E+000  0.200000E+001  0.100000E+001  0.100000E+001  0.100000E+002
 -0.344259E+002  0.313071E+001  0.137000E+002 -0.200000E+002  0.985782E-003 -0.416654E-002  0.428157E-002 -0.223818E-002  0.945995E-002  0.972112E-002  0.110000E+002  0.200000E+001  0.100000E+001  0.500000E+000  0.300000E+000  0.200000E+001  0.100000E+001  0.100000E+001  0.100000E+002
 -0.336610E+002  0.319318E+001  0.141000E+002 -0.200000E+002  0.212477E-002 -0.355808E-002  0.414422E-002 -0.474634E-002  0.794807E-002  0.925741E-002  0.110000E+002  0.200000E+001  0.100000E+001  0.500000E+000  0.300000E+000  0.200000E+001  0.100000E+001  0.100000E+001  0.100000E+002
 -0.329256E+002  0.325621E+001  0.145000E+002 -0.200000E+002  0.300360E-002 -0.264721E-002  0.400366E-002 -0.660828E-002  0.582418E-002  0.880855E-002  0.110000E+002  0.200000E+001  0.100000E+001  0.500000E+000  0.300000E+000  0.200000E+001  0.100000E+001  0.100000E+001  0.100000E+002
 -0.322183E+002  0.331975E+001  0.149000E+002 -0.200000E+002  0.354331E-002 -0.153401E-002  0.386112E-002 -0.768592E-002  0.332746E-002  0.837528E-002  0.110000E+002  0.200000E+001  0.100000E+001  0.500000E+000  0.300000E+000  0.200000E+001  0.100000E+001  0.100000E+001  0.100000E+002
 -0.315376E+002  0.338378E+001  0.153000E+002 -0.200000E+002  0.370229E-002 -0.338421E-003  0.371773E-002 -0.792517E-002  0.724427E-003  0.795821E-002  0.110000E+002  0.200000E+001  0.100000E+001  0.500000E+000  0.300000E+000  0.200000E+001  0.100000E+001  0.100000E+001  0.100000E+002
 -0.308823E+002  0.344826E+001  0.157000E+002 -0.200000E+002  0.348070E-002  0.813539E-003  0.357451E-002 -0.735939E-002 -0.172010E-002  0.755774E-002  0.110000E+002  0.200000E+001  0.100000E+001  0.500000E+000  0.300000E+000  0.200000E+001  0.100000E+001  0.100000E+001  0.100000E+002
 -0.302511E+002  0.351318E+001  0.161000E+002 -0.200000E+002  0.291987E-002  0.180432E-002  0.343238E-002 -0.610293E-002 -0.377128E-002  0.717414E-002  0.110000E+002  0.200000E+001  0.100000E+001  0.500000E+000  0.300000E+000  0.200000E+001  0.100000E+001  0.100000E+001  0.100000E+002
 -0.296429E+002  0.357852E+001  0.165000E+002 -0.200000E+002  0.209667E-002  0.253812E-002  0.329213E-002 -0.433553E-002 -0.524837E-002  0.680751E-002  0.110000E+002  0.200000E+001  0.100000E+001  0.500000E+000  0.300000E+000  0.200000E+001  0.100000E+001  0.100000E+001  0.100000E+002
 -0.290566E+002  0.364424E+001  0.169000E+002 -0.200000E+002  0.111368E-002  0.295131E-002  0.315445E-002 -0.227995E-002 -0.604197E-002  0.645783E-002  0.110000E+002  0.200000E+001  0.100000E+001  0.500000E+000  0.300000E+000  0.200000E+001  0.100000E+001  0.100000E+001  0.100000E+002
 -0.284911E+002  0.371033E+001  0.173000E+002 -0.200000E+002  0.864808E-004  0.301866E-002  0.301990E-002 -0.175400E-003 -0.612243E-002  0.612494E-002  0.110000E+002  0.200000E+001  0.100000E+001  0.500000E+000  0.300000E+000  0.200000E+001  0.100000E+001  0.100000E+001  0.100000E+002
 -0.279455E+002  0.377677E+001  0.177000E+002 -0.200000E+002 -0.870198E-003  0.275478E-002  0.288895E-002  0.174963E-002 -0.553881E-002  0.580858E-002  0.110000E+002  0.200000E+001  0.100000E+001  0.500000E+000  0.300000E+000  0.200000E+001  0.100000E+001  0.100000E+001  0.100000E+002
 -0.274188E+002  0.384353E+001  0.181000E+002 -0.200000E+002 -0.165572E-002  0.221068E-002  0.276198E-002  0.330211E-002 -0.440891E-002  0.550840E-002  0.110000E+002  0.200000E+001  0.100000E+001  0.500000E+000  0.300000E+000  0.200000E+001  0.100000E+001  0.100000E+001  0.100000E+002
 -0.269101E+002  0.391062E+001  0.185000E+002 -0.200000E+002 -0.219458E-002  0.146612E-002  0.263926E-002  0.434378E-002 -0.290193E-002  0.522395E-002  0.110000E+002  0.200000E+001  0.100000E+001  0.500000E+000  0.300000E+000  0.200000E+001  0.100000E+001  0.100000E+001  0.100000E+002
 -0.264186E+002  0.397800E+001  0.189000E+002 -0.200000E+002 -0.244387E-002  0.618821E-003  0.252100E-002  0.480314E-002 -0.121622E-002  0.495473E-002  0.110000E+002  0.200000E+001  0.100000E+001  0.500000E+000  0.300000E+000  0.200000E+001  0.100000E+001  0.100000E+001  0.100000E+002
 -0.259435E+002  0.404566E+001  0.193000E+002 -0.200000E+002 -0.239650E-002 -0.227924E-003  0.240731E-002  0.467909E-002  0.445014E-003  0.470020E-002  0.110000E+002  0.200000E+001  0.100000E+001  0.500000E+000  0.300000E+000  0.200000E+001  0.100000E+001  0.100000E+001  0.100000E+002
 -0.254840E+002  0.411359E+001  0.197000E+002 -0.200000E+002 -0.207998E-002 -0.977638E-003  0.229828E-002  0.403616E-002  0.189709E-002  0.445977E-002  0.110000E+002  0.200000E+001  0.100000E+001  0.500000E+000  0.300000E+000  0.200000E+001  0.100000E+001  0.100000E+001  0.100000E+002
 -0.250395E+002  0.418178E+001  0.201000E+002 -0.200000E+002 -0.155107E-002 -0.155158E-002  0.219391E-002  0.299257E-002  0.299356E-002  0.423283E-002  0.110000E+002  0.200000E+001  0.100000E+001  0.500000E+000  0.300000E+000  0.200000E+001  0.100000E+001  0.100000E+001  0.100000E+002
 -0.246093E+002  0.425021E+001  0.205000E+002 -0.200000E+002 -0.887310E-003 -0.189691E-002  0.209418E-002  0.170276E-002  0.364019E-002  0.401875E-002  0.110000E+002  0.200000E+001  0.100000E+001  0.500000E+000  0.300000E+000  0.200000E+001  0.100000E+001  0.100000E+001  0.100000E+002
 -0.241928E+002  0.431888E+001  0.209000E+002 -0.200000E+002 -0.176484E-003 -0.199122E-002  0.199902E-002  0.336975E-003  0.380199E-002  0.381690E-002  0.110000E+002  0.200000E+001  0.100000E+001  0.500000E+000  0.300000E+000  0.200000E+001  0.100000E+001  0.100000E+001  0.100000E+002
 -0.237893E+002  0.438776E+001  0.213000E+002 -0.200000E+002  0.494405E-003 -0.184319E-002  0.190834E-002 -0.939575E-003  0.350283E-002  0.362665E-002  0.110000E+002  0.200000E+001  0.100000E+001  0.500000E+000  0.300000E+000  0.200000E+001  0.100000E+001  0.100000E+001  0.100000E+002
 -0.233983E+002  0.445686E+001  0.217000E+002 -0.200000E+002  0.104942E-002 -0.148946E-002  0.182203E-002 -0.198557E-002  0.281815E-002  0.344738E-002  0.110000E+002  0.200000E+001  0.100000E+001  0.500000E+000  0.300000E+000  0.200000E+001  0.100000E+001  0.100000E+001  0.100000E+002
 -0.230193E+002  0.452615E+001  0.221000E+002 -0.200000E+002  0.143197E-002 -0.988354E-003  0.173994E-002 -0.269821E-002  0.186232E-002  0.327850E-002  0.110000E+002  0.200000E+001  0.100000E+001  0.500000E+000  0.300000E+000  0.200000E+001  0.100000E+001  0.100000E+001  0.100000E+002
 -0.226517E+002  0.459564E+001  0.225000E+002 -0.200000E+002  0.161021E-002 -0.411372E-003  0.166193E-002 -0.302232E-002  0.772135E-003  0.311940E-002  0.110000E+002  0.200000E+001  0.100000E+001  0.500000E+000  0.300000E+000  0.200000E+001  0.100000E+001  0.100000E+001  0.100000E+002
 -0.222951E+002  0.466532E+001  0.229000E+002 -0.200000E+002  0.157910E-002  0.166265E-003  0.158783E-002 -0.295319E-002 -0.310944E-003  0.296951E-002  0.110000E+002  0.200000E+001  0.100000E+001  0.500000E+000  0.300000E+000  0.200000E+001  0.100000E+001  0.100000E+001  0.100000E+002
 -0.219489E+002  0.473516E+001  0.233000E+002 -0.200000E+002  0.135914E-002  0.674927E-003  0.151750E-002 -0.253317E-002 -0.125793E-002  0.282831E-002  0.110000E+002  0.200000E+001  0.100000E+001  0.500000E+000  0.300000E+000  0.200000E+001  0.100000E+001  0.100000E+001  0.100000E+002
 -0.216129E+002  0.480518E+001  0.237000E+002 -0.200000E+002  0.992034E-003  0.105856E-002  0.145075E-002 -0.184303E-002 -0.196663E-002  0.269525E-002  0.110000E+002  0.200000E+001  0.100000E+001  0.500000E+000  0.300000E+000  0.200000E+001  0.100000E+001  0.100000E+001  0.100000E+002
 -0.212865E+002  0.487536E+001  0.241000E+002 -0.200000E+002  0.534130E-003  0.128050E-002  0.138743E-002 -0.989331E-003 -0.237178E-002  0.256985E-002  0.110000E+002  0.200000E+001  0.100000E+001  0.500000E+000  0.300000E+000  0.200000E+001  0.100000E+001  0.100000E+001  0.100000E+002
 -0.209694E+002  0.494569E+001  0.245000E+002 -0.200000E+002  0.485543E-004  0.132649E-002  0.132738E-002 -0.896786E-004 -0.244999E-002  0.245163E-002  0.110000E+002  0.200000E+001  0.100000E+001  0.500000E+000  0.300000E+000  0.200000E+001  0.100000E+001  0.100000E+001  0.100000E+002
 -0.206612E+002  0.501616E+001  0.249000E+002 -0.200000E+002 -0.402972E-003  0.120481E-002  0.127041E-002  0.742292E-003 -0.221931E-002  0.234016E-002  0.110000E+002  0.200000E+001  0.100000E+001  0.500000E+000  0.300000E+000  0.200000E+001  0.100000E+001  0.100000E+001  0.100000E+002
 -0.203616E+002  0.508678E+001  0.253000E+002 -0.200000E+002 -0.767556E-003  0.943645E-003  0.121639E-002  0.141031E-002 -0.173386E-002  0.223500E-002  0.110000E+002  0.200000E+001  0.100000E+001  0.500000E+000  0.300000E+000  0.200000E+001  0.100000E+001  0.100000E+001  0.100000E+002
 -0.200701E+002  0.515754E+001  0.257000E+002 -0.200000E+002 -0.100696E-002  0.586184E-003  0.116515E-002  0.184579E-002 -0.107450E-002  0.213577E-002  0.110000E+002  0.200000E+001  0.100000E+001  0.500000E+000  0.300000E+000  0.200000E+001  0.100000E+001  0.100000E+001  0.100000E+002
 -0.197866E+002  0.522842E+001  0.261000E+002 -0.200000E+002 -0.110124E-002  0.184245E-003  0.111655E-002  0.201409E-002 -0.336971E-003  0.204209E-002  0.110000E+002  0.200000E+001  0.100000E+001  0.500000E+000  0.300000E+000  0.200000E+001  0.100000E+001  0.100000E+001  0.100000E+002
 -0.195106E+002  0.529943E+001  0.265000E+002 -0.200000E+002 -0.104990E-002 -0.208722E-003  0.107044E-002  0.191611E-002  0.380927E-003  0.195361E-002  0.110000E+002  0.200000E+001  0.100000E+001  0.500000E+000  0.300000E+000  0.200000E+001  0.100000E+001  0.100000E+001  0.100000E+002
 -0.192420E+002  0.537056E+001  0.269000E+002 -0.200000E+002 -0.870507E-003 -0.544351E-003  0.102669E-002  0.158553E-002  0.991472E-003  0.187000E-002  0.110000E+002  0.200000E+001  0.100000E+001  0.500000E+000  0.300000E+000  0.200000E+001  0.100000E+001  0.100000E+001  0.100000E+002
 -0.189803E+002  0.544180E+001  0.273000E+002 -0.200000E+002 -0.595293E-003 -0.784977E-003  0.985172E-003  0.108220E-002  0.142703E-002  0.179097E-002  0.110000E+002  0.200000E+001  0.100000E+001  0.500000E+000  0.300000E+000  0.200000E+001  0.100000E+001  0.100000E+001  0.100000E+002
 -0.187255E+002  0.551315E+001  0.277000E+002 -0.200000E+002 -0.266066E-003 -0.907555E-003  0.945752E-003  0.482819E-003  0.164690E-002  0.171622E-002  0.110000E+002  0.200000E+001  0.100000E+001  0.500000E+000  0.300000E+000  0.200000E+001  0.100000E+001  0.100000E+001  0.100000E+002
 -0.184772E+002  0.558461E+001  0.281000E+002 -0.200000E+002  0.716484E-004 -0.905489E-003  0.908319E-003 -0.129796E-003  0.164035E-002  0.164548E-002  0.110000E+002  0.200000E+001  0.100000E+001  0.500000E+000  0.300000E+000  0.200000E+001  0.100000E+001  0.100000E+001  0.100000E+002
 -0.182351E+002  0.565617E+001  0.285000E+002 -0.200000E+002  0.374556E-003 -0.788301E-003  0.872761E-003 -0.677438E-003  0.142575E-002  0.157851E-002  0.110000E+002  0.200000E+001  0.100000E+001  0.500000E+000  0.300000E+000  0.200000E+001  0.100000E+001  0.100000E+001  0.100000E+002
 -0.179991E+002  0.572783E+001  0.289000E+002 -0.200000E+002  0.606852E-003 -0.579315E-003  0.838972E-003 -0.109589E-002  0.104616E-002  0.151507E-002  0.110000E+002  0.200000E+001  0.100000E+001  0.500000E+000  0.300000E+000  0.200000E+001  0.100000E+001  0.100000E+001  0.100000E+002
 -0.177689E+002  0.579959E+001  0.293000E+002 -0.200000E+002  0.744185E-003 -0.311768E-003  0.806852E-003 -0.134194E-002  0.562190E-003  0.145494E-002  0.110000E+002  0.200000E+001  0.100000E+001  0.500000E+000  0.300000E+000  0.200000E+001  0.100000E+001  0.100000E+001  0.100000E+002
 -0.175444E+002  0.587144E+001  0.297000E+002 -0.200000E+002  0.775939E-003 -0.239576E-004  0.776309E-003 -0.139726E-002  0.431413E-004  0.139793E-002  0.110000E+002  0.200000E+001  0.100000E+001  0.500000E+000  0.300000E+000  0.200000E+001  0.100000E+001  0.100000E+001  0.100000E+002
 -0.173253E+002  0.594337E+001  0.301000E+002 -0.200000E+002  0.705620E-003  0.245935E-003  0.747251E-003 -0.126896E-002 -0.442281E-003  0.134383E-002  0.110000E+002  0.200000E+001  0.100000E+001  0.500000E+000  0.300000E+000  0.200000E+001  0.100000E+001  0.100000E+001  0.100000E+002
 -0.171114E+002  0.601539E+001  0.305000E+002 -0.200000E+002  0.549464E-003  0.464660E-003  0.719597E-003 -0.986897E-003 -0.834580E-003  0.129247E-002  0.110000E+002  0.200000E+001  0.100000E+001  0.500000E+000  0.300000E+000  0.200000E+001  0.100000E+001  0.100000E+001  0.100000E+002
 -0.169026E+002  0.608749E+001  0.309000E+002 -0.200000E+002  0.333517E-003  0.607771E-003  0.693267E-003 -0.598318E-003 -0.109032E-002  0.124370E-002  0.110000E+002  0.200000E+001  0.100000E+001  0.500000E+000  0.300000E+000  0.200000E+001  0.100000E+001  0.100000E+001  0.100000E+002
 -0.166987E+002  0.615967E+001  0.313000E+002 -0.200000E+002  0.896798E-004  0.662143E-003  0.668189E-003 -0.160699E-003 -0.118651E-002  0.119734E-002  0.110000E+002  0.200000E+001  0.100000E+001  0.500000E+000  0.300000E+000  0.200000E+001  0.100000E+001  0.100000E+001  0.100000E+002
 -0.164995E+002  0.623193E+001  0.317000E+002 -0.200000E+002 -0.148740E-003  0.626887E-003  0.644291E-003  0.266241E-003 -0.112211E-002  0.115327E-002  0.110000E+002  0.200000E+001  0.100000E+001  0.500000E+000  0.300000E+000  0.200000E+001  0.100000E+001  0.100000E+001  0.100000E+002
 -0.163049E+002  0.630426E+001  0.321000E+002 -0.200000E+002 -0.351359E-003  0.512661E-003  0.621510E-003  0.628273E-003 -0.916701E-003  0.111134E-002  0.110000E+002  0.200000E+001  0.100000E+001  0.500000E+000  0.300000E+000  0.200000E+001  0.100000E+001  0.100000E+001  0.100000E+002
 -0.161147E+002  0.637666E+001  0.325000E+002 -0.200000E+002 -0.494411E-003  0.339553E-003  0.599782E-003  0.883193E-003 -0.606563E-003  0.107142E-002  0.110000E+002  0.200000E+001  0.100000E+001  0.500000E+000  0.300000E+000  0.200000E+001  0.100000E+001  0.100000E+001  0.100000E+002
 -0.159288E+002  0.644913E+001  0.329000E+002 -0.200000E+002 -0.563354E-003  0.133910E-003  0.579051E-003  0.100540E-002 -0.238984E-003  0.103341E-002  0.110000E+002  0.200000E+001  0.100000E+001  0.500000E+000  0.300000E+000  0.200000E+001  0.100000E+001  0.100000E+001  0.100000E+002
 -0.157470E+002  0.652166E+001  0.333000E+002 -0.200000E+002 -0.554149E-003 -0.754489E-004  0.559262E-003  0.988078E-003  0.134530E-003  0.997194E-003  0.110000E+002  0.200000E+001  0.100000E+001  0.500000E+000  0.300000E+000  0.200000E+001  0.100000E+001  0.100000E+001  0.100000E+002
 -0.155692E+002  0.659426E+001  0.337000E+002 -0.200000E+002 -0.473105E-003 -0.261081E-003  0.540363E-003  0.842844E-003  0.465120E-003  0.962664E-003  0.110000E+002  0.200000E+001  0.100000E+001  0.500000E+000  0.300000E+000  0.200000E+001  0.100000E+001  0.100000E+001  0.100000E+002
 -0.153953E+002  0.666693E+001  0.341000E+002 -0.200000E+002 -0.335425E-003 -0.400370E-003  0.522308E-003  0.597070E-003  0.712674E-003  0.929729E-003  0.110000E+002  0.200000E+001  0.100000E+001  0.500000E+000  0.300000E+000  0.200000E+001  0.100000E+001  0.100000E+001  0.100000E+002
 -0.152251E+002  0.673965E+001  0.345000E+002 -0.200000E+002 -0.162683E-003 -0.478133E-003  0.505052E-003  0.289352E-003  0.850423E-003  0.898301E-003  0.110000E+002  0.200000E+001  0.100000E+001  0.500000E+000  0.300000E+000  0.200000E+001  0.100000E+001  0.100000E+001  0.100000E+002
 -0.150586E+002  0.681243E+001  0.349000E+002 -0.200000E+002  0.203484E-004 -0.488126E-003  0.488550E-003 -0.361649E-004  0.867538E-003  0.868291E-003  0.110000E+002  0.200000E+001  0.100000E+001  0.500000E+000  0.300000E+000  0.200000E+001  0.100000E+001  0.100000E+001  0.100000E+002
 -0.148956E+002  0.688527E+001  0.353000E+002 -0.200000E+002  0.189095E-003 -0.433300E-003  0.472764E-003 -0.335831E-003  0.769536E-003  0.839624E-003  0.110000E+002  0.200000E+001  0.100000E+001  0.500000E+000  0.300000E+000  0.200000E+001  0.100000E+001  0.100000E+001  0.100000E+002
 -0.147360E+002  0.695816E+001  0.357000E+002 -0.200000E+002  0.322355E-003 -0.324864E-003  0.457656E-003 -0.572099E-003  0.576552E-003  0.812225E-003  0.110000E+002  0.200000E+001  0.100000E+001  0.500000E+000  0.300000E+000  0.200000E+001  0.100000E+001  0.100000E+001  0.100000E+002
 -0.145797E+002  0.703110E+001  0.361000E+002 -0.200000E+002  0.404845E-003 -0.180333E-003  0.443192E-003 -0.718017E-003  0.319831E-003  0.786028E-003  0.110000E+002  0.200000E+001  0.100000E+001  0.500000E+000  0.300000E+000  0.200000E+001  0.100000E+001  0.100000E+001  0.100000E+002
 -0.144266E+002  0.710410E+001  0.365000E+002 -0.200000E+002  0.428829E-003 -0.208773E-004  0.429337E-003 -0.760065E-003  0.370033E-004  0.760965E-003  0.110000E+002  0.200000E+001  0.100000E+001  0.500000E+000  0.300000E+000  0.200000E+001  0.100000E+001  0.100000E+001  0.100000E+002
 -0.142766E+002  0.717714E+001  0.369000E+002 -0.200000E+002  0.394684E-003  0.131643E-003  0.416060E-003 -0.699114E-003 -0.233183E-003  0.736977E-003  0.110000E+002  0.200000E+001  0.100000E+001  0.500000E+000  0.300000E+000  0.200000E+001  0.100000E+001  0.100000E+001  0.100000E+002
 -0.141297E+002  0.725024E+001  0.373000E+002 -0.200000E+002  0.310376E-003  0.257572E-003  0.403332E-003 -0.549451E-003 -0.455973E-003  0.714009E-003  0.110000E+002  0.200000E+001  0.100000E+001  0.500000E+000  0.300000E+000  0.200000E+001  0.100000E+001  0.100000E+001  0.100000E+002
 -0.139857E+002  0.732338E+001  0.377000E+002 -0.200000E+002  0.189978E-003  0.341889E-003  0.391126E-003 -0.336121E-003 -0.604892E-003  0.692005E-003  0.110000E+002  0.200000E+001  0.100000E+001  0.500000E+000  0.300000E+000  0.200000E+001  0.100000E+001  0.100000E+001  0.100000E+002
 -0.138445E+002  0.739656E+001  0.381000E+002 -0.200000E+002  0.514839E-004  0.375906E-003  0.379415E-003 -0.910387E-004 -0.664712E-003  0.670917E-003  0.110000E+002  0.200000E+001  0.100000E+001  0.500000E+000  0.300000E+000  0.200000E+001  0.100000E+001  0.100000E+001  0.100000E+002
 -0.137062E+002  0.746979E+001  0.385000E+002 -0.200000E+002 -0.857673E-004  0.358045E-003  0.368174E-003  0.151582E-003 -0.632793E-003  0.650695E-003  0.110000E+002  0.200000E+001  0.100000E+001  0.500000E+000  0.300000E+000  0.200000E+001  0.100000E+001  0.100000E+001  0.100000E+002
 -0.135705E+002  0.754306E+001  0.389000E+002 -0.200000E+002 -0.203701E-003  0.293644E-003  0.357381E-003  0.359830E-003 -0.518710E-003  0.631299E-003  0.110000E+002  0.200000E+001  0.100000E+001  0.500000E+000  0.300000E+000  0.200000E+001  0.100000E+001  0.100000E+001  0.100000E+002
 -0.134374E+002  0.761638E+001  0.393000E+002 -0.200000E+002 -0.287806E-003  0.193871E-003  0.347014E-003  0.508149E-003 -0.342297E-003  0.612685E-003  0.110000E+002  0.200000E+001  0.100000E+001  0.500000E+000  0.300000E+000  0.200000E+001  0.100000E+001  0.100000E+001  0.100000E+002
 -0.133068E+002  0.768973E+001  0.397000E+002 -0.200000E+002 -0.328843E-003  0.739328E-004  0.337051E-003  0.580329E-003 -0.130474E-003  0.594815E-003  0.110000E+002  0.200000E+001  0.100000E+001  0.500000E+000  0.300000E+000  0.200000E+001  0.100000E+001  0.100000E+001  0.100000E+002
 -0.131787E+002  0.776312E+001  0.401000E+002 -0.200000E+002 -0.323766E-003 -0.491407E-004  0.327474E-003  0.571110E-003  0.866821E-004  0.577651E-003  0.110000E+002  0.200000E+001  0.100000E+001  0.500000E+000  0.300000E+000  0.200000E+001  0.100000E+001  0.100000E+001  0.100000E+002
 -0.130531E+002  0.783656E+001  0.405000E+002 -0.200000E+002 -0.275794E-003 -0.158838E-003  0.318264E-003  0.486276E-003  0.280061E-003  0.561158E-003  0.110000E+002  0.200000E+001  0.100000E+001  0.500000E+000  0.300000E+000  0.200000E+001  0.100000E+001  0.100000E+001  0.100000E+002
 -0.129297E+002  0.791002E+001  0.409000E+002 -0.200000E+002 -0.193645E-003 -0.241315E-003  0.309404E-003  0.341286E-003  0.425301E-003  0.545305E-003  0.110000E+002  0.200000E+001  0.100000E+001  0.500000E+000  0.300000E+000  0.200000E+001  0.100000E+001  0.100000E+001  0.100000E+002
 -0.128086E+002  0.798353E+001  0.413000E+002 -0.200000E+002 -0.900912E-004 -0.287072E-003  0.300877E-003  0.158715E-003  0.505739E-003  0.530059E-003  0.110000E+002  0.200000E+001  0.100000E+001  0.500000E+000  0.300000E+000  0.200000E+001  0.100000E+001  0.100000E+001  0.100000E+002
 -0.126898E+002  0.805707E+001  0.417000E+002 -0.200000E+002  0.199333E-004 -0.291988E-003  0.292668E-003 -0.351030E-004  0.514197E-003  0.515394E-003  0.110000E+002  0.200000E+001  0.100000E+001  0.500000E+000  0.300000E+000  0.200000E+001  0.100000E+001  0.100000E+001  0.100000E+002
 -0.125730E+002  0.813064E+001  0.421000E+002 -0.200000E+002  0.121427E-003 -0.257574E-003  0.284762E-003 -0.213754E-003  0.453420E-003  0.501279E-003  0.110000E+002  0.200000E+001  0.100000E+001  0.500000E+000  0.300000E+000  0.200000E+001  0.100000E+001  0.100000E+001  0.100000E+002
 -0.124584E+002  0.820425E+001  0.425000E+002 -0.200000E+002  0.201305E-003 -0.190488E-003  0.277145E-003 -0.354236E-003  0.335202E-003  0.487692E-003  0.110000E+002  0.200000E+001  0.100000E+001  0.500000E+000  0.300000E+000  0.200000E+001  0.100000E+001  0.100000E+001  0.100000E+002
 -0.123458E+002  0.827789E+001  0.429000E+002 -0.200000E+002  0.250032E-003 -0.101384E-003  0.269805E-003 -0.439824E-003  0.178342E-003  0.474606E-003  0.110000E+002  0.200000E+001  0.100000E+001  0.500000E+000  0.300000E+000  0.200000E+001  0.100000E+001  0.100000E+001  0.100000E+002
 -0.122352E+002  0.835156E+001  0.433000E+002 -0.200000E+002  0.262708E-003 -0.329801E-005  0.262729E-003 -0.461963E-003  0.579944E-005  0.461999E-003  0.110000E+002  0.200000E+001  0.100000E+001  0.500000E+000  0.300000E+000  0.200000E+001  0.100000E+001  0.100000E+001  0.100000E+002
 -0.121266E+002  0.842526E+001  0.437000E+002 -0.200000E+002  0.239480E-003  0.901994E-004  0.255903E-003 -0.420977E-003 -0.158560E-003  0.449847E-003  0.110000E+002  0.200000E+001  0.100000E+001  0.500000E+000  0.300000E+000  0.200000E+001  0.100000E+001  0.100000E+001  0.100000E+002
 -0.120198E+002  0.849899E+001  0.441000E+002 -0.200000E+002  0.185275E-003  0.166834E-003  0.249320E-003 -0.325586E-003 -0.293180E-003  0.438133E-003  0.110000E+002  0.200000E+001  0.100000E+001  0.500000E+000  0.300000E+000  0.200000E+001  0.100000E+001  0.100000E+001  0.100000E+002
 -0.119149E+002  0.857275E+001  0.445000E+002 -0.200000E+002  0.108902E-003  0.217193E-003  0.242966E-003 -0.191316E-003 -0.381557E-003  0.426834E-003  0.110000E+002  0.200000E+001  0.100000E+001  0.500000E+000  0.300000E+000  0.200000E+001  0.100000E+001  0.100000E+001  0.100000E+002
 -0.118117E+002  0.864654E+001  0.449000E+002 -0.200000E+002  0.216962E-004  0.235837E-003  0.236833E-003 -0.381035E-004 -0.414185E-003  0.415934E-003  0.110000E+002  0.200000E+001  0.100000E+001  0.500000E+000  0.300000E+000  0.200000E+001  0.100000E+001  0.100000E+001  0.100000E+002
 -0.117103E+002  0.872035E+001  0.453000E+002 -0.200000E+002 -0.641197E-004  0.221829E-003  0.230910E-003  0.112576E-003 -0.389469E-003  0.405413E-003  0.110000E+002  0.200000E+001  0.100000E+001  0.500000E+000  0.300000E+000  0.200000E+001  0.100000E+001  0.100000E+001  0.100000E+002
 -0.116106E+002  0.879419E+001  0.457000E+002 -0.200000E+002 -0.137101E-003  0.178643E-003  0.225189E-003  0.240643E-003 -0.313558E-003  0.395256E-003  0.110000E+002  0.200000E+001  0.100000E+001  0.500000E+000  0.300000E+000  0.200000E+001  0.100000E+001  0.100000E+001  0.100000E+002
 -0.115126E+002  0.886806E+001  0.461000E+002 -0.200000E+002 -0.188073E-003  0.113488E-003  0.219661E-003  0.330019E-003 -0.199142E-003  0.385448E-003  0.110000E+002  0.200000E+001  0.100000E+001  0.500000E+000  0.300000E+000  0.200000E+001  0.100000E+001  0.100000E+001  0.100000E+002
 -0.114161E+002  0.894196E+001  0.465000E+002 -0.200000E+002 -0.211245E-003  0.361701E-004  0.214319E-003  0.370580E-003 -0.634522E-004  0.375973E-003  0.110000E+002  0.200000E+001  0.100000E+001  0.500000E+000  0.300000E+000  0.200000E+001  0.100000E+001  0.100000E+001  0.100000E+002
 -0.113213E+002  0.901587E+001  0.469000E+002 -0.200000E+002 -0.204822E-003 -0.423412E-004  0.209153E-003  0.359221E-003  0.742587E-004  0.366816E-003  0.110000E+002  0.200000E+001  0.100000E+001  0.500000E+000  0.300000E+000  0.200000E+001  0.100000E+001  0.100000E+001  0.100000E+002
 -0.112280E+002  0.908982E+001  0.473000E+002 -0.200000E+002 -0.171066E-003 -0.111431E-003  0.204158E-003  0.299943E-003  0.195380E-003  0.357965E-003  0.110000E+002  0.200000E+001  0.100000E+001  0.500000E+000  0.300000E+000  0.200000E+001  0.100000E+001  0.100000E+001  0.100000E+002
 -0.111362E+002  0.916378E+001  0.477000E+002 -0.200000E+002 -0.115794E-003 -0.162240E-003  0.199324E-003  0.202980E-003  0.284399E-003  0.349405E-003  0.110000E+002  0.200000E+001  0.100000E+001  0.500000E+000  0.300000E+000  0.200000E+001  0.100000E+001  0.100000E+001  0.100000E+002
 -0.110459E+002  0.923777E+001  0.481000E+002 -0.200000E+002 -0.474461E-004 -0.188777E-003  0.194648E-003  0.831509E-004  0.330838E-003  0.341127E-003  0.110000E+002  0.200000E+001  0.100000E+001  0.500000E+000  0.300000E+000  0.200000E+001  0.100000E+001  0.100000E+001  0.100000E+002
 -0.109570E+002  0.931179E+001  0.485000E+002 -0.200000E+002  0.241692E-004 -0.188578E-003  0.190121E-003 -0.423475E-004  0.330414E-003  0.333117E-003  0.110000E+002  0.200000E+001  0.100000E+001  0.500000E+000  0.300000E+000  0.200000E+001  0.100000E+001  0.100000E+001  0.100000E+002
 -0.108695E+002  0.938582E+001  0.489000E+002 -0.200000E+002  0.892494E-004 -0.162890E-003  0.185738E-003 -0.156342E-003  0.285341E-003  0.325365E-003  0.110000E+002  0.200000E+001  0.100000E+001  0.500000E+000  0.300000E+000  0.200000E+001  0.100000E+001  0.100000E+001  0.100000E+002
 -0.107834E+002  0.945988E+001  0.493000E+002 -0.200000E+002  0.139312E-003 -0.116327E-003  0.181494E-003 -0.243987E-003  0.203731E-003  0.317862E-003  0.110000E+002  0.200000E+001  0.100000E+001  0.500000E+000  0.300000E+000  0.200000E+001  0.100000E+001  0.100000E+001  0.100000E+002
 -0.106986E+002  0.953396E+001  0.497000E+002 -0.200000E+002  0.168275E-003 -0.561079E-004  0.177383E-003 -0.294648E-003  0.982445E-004  0.310596E-003  0.110000E+002  0.200000E+001  0.100000E+001  0.500000E+000  0.300000E+000  0.200000E+001  0.100000E+001  0.100000E+001  0.100000E+002
 -0.106151E+002  0.960805E+001  0.501000E+002 -0.200000E+002  0.173162E-003  0.903194E-005  0.173398E-003 -0.303144E-003 -0.158116E-004  0.303556E-003  0.110000E+002  0.200000E+001  0.100000E+001  0.500000E+000  0.300000E+000  0.200000E+001  0.100000E+001  0.100000E+001  0.100000E+002
 -0.105330E+002  0.968217E+001  0.505000E+002 -0.200000E+002  0.154375E-003  0.700757E-004  0.169536E-003 -0.270201E-003 -0.122652E-003  0.296736E-003  0.110000E+002  0.200000E+001  0.100000E+001  0.500000E+000  0.300000E+000  0.200000E+001  0.100000E+001  0.100000E+001  0.100000E+002
 -0.104520E+002  0.975631E+001  0.509000E+002 -0.200000E+002  0.115487E-003  0.118952E-003  0.165792E-003 -0.202096E-003 -0.208161E-003  0.290127E-003  0.110000E+002  0.200000E+001  0.100000E+001  0.500000E+000  0.300000E+000  0.200000E+001  0.100000E+001  0.100000E+001  0.100000E+002
 -0.103723E+002  0.983047E+001  0.513000E+002 -0.200000E+002  0.626258E-004  0.149580E-003  0.162161E-003 -0.109571E-003 -0.261708E-003  0.283720E-003  0.110000E+002  0.200000E+001  0.100000E+001  0.500000E+000  0.300000E+000  0.200000E+001  0.100000E+001  0.100000E+001  0.100000E+002
 -0.102938E+002  0.990464E+001  0.517000E+002 -0.200000E+002  0.354302E-005  0.158600E-003  0.158639E-003 -0.619780E-005 -0.277438E-003  0.277508E-003  0.110000E+002  0.200000E+001  0.100000E+001  0.500000E+000  0.300000E+000  0.200000E+001  0.100000E+001  0.100000E+001  0.100000E+002
 -0.102164E+002  0.997883E+001  0.521000E+002 -0.200000E+002 -0.535001E-004  0.145712E-003  0.155223E-003  0.935710E-004 -0.254848E-003  0.271483E-003  0.110000E+002  0.200000E+001  0.100000E+001  0.500000E+000  0.300000E+000  0.200000E+001  0.100000E+001  0.100000E+001  0.100000E+002
 -0.101402E+002  0.100530E+002  0.525000E+002 -0.200000E+002 -0.100866E-003  0.113586E-003  0.151907E-003  0.176382E-003 -0.198627E-003  0.265637E-003  0.110000E+002  0.200000E+001  0.100000E+001  0.500000E+000  0.300000E+000  0.200000E+001  0.100000E+001  0.100000E+001  0.100000E+002
 -0.100651E+002  0.101273E+002  0.529000E+002 -0.200000E+002 -0.132543E-003  0.673826E-004  0.148688E-003  0.231737E-003 -0.117811E-003  0.259965E-003  0.110000E+002  0.200000E+001  0.100000E+001  0.500000E+000  0.300000E+000  0.200000E+001  0.100000E+001  0.100000E+001  0.100000E+002
 -0.999108E+001  0.102015E+002  0.533000E+002 -0.200000E+002 -0.144894E-003  0.139478E-004  0.145563E-003  0.253289E-003 -0.243823E-004  0.254460E-003  0.110000E+002  0.200000E+001  0.100000E+001  0.500000E+000  0.300000E+000  0.200000E+001  0.100000E+001  0.100000E+001  0.100000E+002
 -0.991814E+001  0.102758E+002  0.537000E+002 -0.200000E+002 -0.137039E-003 -0.391751E-004  0.142529E-003  0.239520E-003  0.684711E-004  0.249114E-003  0.110000E+002  0.200000E+001  0.100000E+001  0.500000E+000  0.300000E+000  0.200000E+001  0.100000E+001  0.100000E+001  0.100000E+002
 -0.984625E+001  0.103501E+002  0.541000E+002 -0.200000E+002 -0.110873E-003 -0.847935E-004  0.139580E-003  0.193755E-003  0.148181E-003  0.243923E-003  0.110000E+002  0.200000E+001  0.100000E+001  0.500000E+000  0.300000E+000  0.200000E+001  0.100000E+001  0.100000E+001  0.100000E+002
 -0.977538E+001  0.104244E+002  0.545000E+002 -0.200000E+002 -0.706898E-004 -0.117023E-003  0.136717E-003  0.123515E-003  0.204473E-003  0.238883E-003  0.110000E+002  0.200000E+001  0.100000E+001  0.500000E+000  0.300000E+000  0.200000E+001  0.100000E+001  0.100000E+001  0.100000E+002
 -0.970552E+001  0.104987E+002  0.549000E+002 -0.200000E+002 -0.225092E-004 -0.132028E-003  0.133933E-003  0.393241E-004  0.230656E-003  0.233984E-003  0.110000E+002  0.200000E+001  0.100000E+001  0.500000E+000  0.300000E+000  0.200000E+001  0.100000E+001  0.100000E+001  0.100000E+002
 -0.963664E+001  0.105730E+002  0.553000E+002 -0.200000E+002  0.268056E-004 -0.128461E-003  0.131228E-003 -0.468233E-004  0.224392E-003  0.229225E-003  0.110000E+002  0.200000E+001  0.100000E+001  0.500000E+000  0.300000E+000  0.200000E+001  0.100000E+001  0.100000E+001  0.100000E+002
 -0.956872E+001  0.106473E+002  0.557000E+002 -0.200000E+002  0.705103E-004 -0.107543E-003  0.128597E-003 -0.123148E-003  0.187826E-003  0.224597E-003  0.110000E+002  0.200000E+001  0.100000E+001  0.500000E+000  0.300000E+000  0.200000E+001  0.100000E+001  0.100000E+001  0.100000E+002
 -0.950174E+001  0.107217E+002  0.561000E+002 -0.200000E+002  0.102887E-003 -0.728015E-004  0.126039E-003 -0.179670E-003  0.127132E-003  0.220100E-003  0.110000E+002  0.200000E+001  0.100000E+001  0.500000E+000  0.300000E+000  0.200000E+001  0.100000E+001  0.100000E+001  0.100000E+002
 -0.943568E+001  0.107961E+002  0.565000E+002 -0.200000E+002  0.119978E-003 -0.295007E-004  0.123552E-003 -0.209488E-003  0.515097E-004  0.215728E-003  0.110000E+002  0.200000E+001  0.100000E+001  0.500000E+000  0.300000E+000  0.200000E+001  0.100000E+001  0.100000E+001  0.100000E+002
 -0.937053E+001  0.108705E+002  0.569000E+002 -0.200000E+002  0.120051E-003  0.161391E-004  0.121131E-003 -0.209587E-003 -0.281760E-004  0.211473E-003  0.110000E+002  0.200000E+001  0.100000E+001  0.500000E+000  0.300000E+000  0.200000E+001  0.100000E+001  0.100000E+001  0.100000E+002
 -0.930627E+001  0.109449E+002  0.573000E+002 -0.200000E+002  0.103754E-003  0.578186E-004  0.118776E-003 -0.181112E-003 -0.100928E-003  0.207336E-003  0.110000E+002  0.200000E+001  0.100000E+001  0.500000E+000  0.300000E+000  0.200000E+001  0.100000E+001  0.100000E+001  0.100000E+002
 -0.924287E+001  0.110193E+002  0.577000E+002 -0.200000E+002  0.739288E-004  0.900168E-004  0.116484E-003 -0.129034E-003 -0.157114E-003  0.203309E-003  0.110000E+002  0.200000E+001  0.100000E+001  0.500000E+000  0.300000E+000  0.200000E+001  0.100000E+001  0.100000E+001  0.100000E+002
 -0.918032E+001  0.110937E+002  0.581000E+002 -0.200000E+002  0.351518E-004  0.108711E-003  0.114253E-003 -0.613458E-004 -0.189720E-003  0.199391E-003  0.110000E+002  0.200000E+001  0.100000E+001  0.500000E+000  0.300000E+000  0.200000E+001  0.100000E+001  0.100000E+001  0.100000E+002
 -0.911861E+001  0.111681E+002  0.585000E+002 -0.200000E+002 -0.696000E-005  0.111865E-003  0.112081E-003  0.121449E-004 -0.195199E-003  0.195577E-003  0.110000E+002  0.200000E+001  0.100000E+001  0.500000E+000  0.300000E+000  0.200000E+001  0.100000E+001  0.100000E+001  0.100000E+002
 -0.905771E+001  0.112426E+002  0.589000E+002 -0.200000E+002 -0.465449E-004  0.996297E-004  0.109966E-003  0.812096E-004 -0.173830E-003  0.191864E-003  0.110000E+002  0.200000E+001  0.100000E+001  0.500000E+000  0.300000E+000  0.200000E+001  0.100000E+001  0.100000E+001  0.100000E+002
 -0.899762E+001  0.113170E+002  0.593000E+002 -0.200000E+002 -0.783020E-004  0.742446E-004  0.107905E-003  0.136603E-003 -0.129524E-003  0.188247E-003  0.110000E+002  0.200000E+001  0.100000E+001  0.500000E+000  0.300000E+000  0.200000E+001  0.100000E+001  0.100000E+001  0.100000E+002
 -0.893831E+001  0.113915E+002  0.597000E+002 -0.200000E+002 -0.981928E-004  0.396565E-004  0.105898E-003  0.171284E-003 -0.691755E-004  0.184726E-003  0.110000E+002  0.200000E+001  0.100000E+001  0.500000E+000  0.300000E+000  0.200000E+001  0.100000E+001  0.100000E+001  0.100000E+002
 -0.887977E+001  0.114660E+002  0.601000E+002 -0.200000E+002 -0.103939E-003  0.917574E-006  0.103943E-003  0.181288E-003 -0.160041E-005  0.181295E-003  0.110000E+002  0.200000E+001  0.100000E+001  0.500000E+000  0.300000E+000  0.200000E+001  0.100000E+001  0.100000E+001  0.100000E+002
 -0.882199E+001  0.115405E+002  0.605000E+002 -0.200000E+002 -0.952708E-004 -0.365369E-004  0.102037E-003  0.166152E-003  0.637202E-004  0.177951E-003  0.110000E+002  0.200000E+001  0.100000E+001  0.500000E+000  0.300000E+000  0.200000E+001  0.100000E+001  0.100000E+001  0.100000E+002
 -0.876495E+001  0.116150E+002  0.609000E+002 -0.200000E+002 -0.738931E-004 -0.676435E-004  0.100179E-003  0.128856E-003  0.117958E-003  0.174694E-003  0.110000E+002  0.200000E+001  0.100000E+001  0.500000E+000  0.300000E+000  0.200000E+001  0.100000E+001  0.100000E+001  0.100000E+002
 -0.870863E+001  0.116895E+002  0.613000E+002 -0.200000E+002 -0.431788E-004 -0.883847E-004  0.983680E-004  0.752881E-004  0.154111E-003  0.171518E-003  0.110000E+002  0.200000E+001  0.100000E+001  0.500000E+000  0.300000E+000  0.200000E+001  0.100000E+001  0.100000E+001  0.100000E+002
 -0.865303E+001  0.117641E+002  0.617000E+002 -0.200000E+002 -0.765342E-005 -0.962979E-004  0.966016E-004  0.133435E-004  0.167892E-003  0.168421E-003  0.110000E+002  0.200000E+001  0.100000E+001  0.500000E+000  0.300000E+000  0.200000E+001  0.100000E+001  0.100000E+001  0.100000E+002
 -0.859813E+001  0.118386E+002  0.621000E+002 -0.200000E+002  0.276615E-004 -0.907580E-004  0.948798E-004 -0.482222E-004  0.158218E-003  0.165404E-003  0.110000E+002  0.200000E+001  0.100000E+001  0.500000E+000  0.300000E+000  0.200000E+001  0.100000E+001  0.100000E+001  0.100000E+002
 -0.854392E+001  0.119132E+002  0.625000E+002 -0.200000E+002  0.579499E-004 -0.729932E-004  0.931998E-004 -0.101014E-003  0.127237E-003  0.162460E-003  0.110000E+002  0.200000E+001  0.100000E+001  0.500000E+000  0.300000E+000  0.200000E+001  0.100000E+001  0.100000E+001  0.100000E+002
 -0.849038E+001  0.119877E+002  0.629000E+002 -0.200000E+002  0.792499E-004 -0.458585E-004  0.915617E-004 -0.138130E-003  0.799300E-004  0.159589E-003  0.110000E+002  0.200000E+001  0.100000E+001  0.500000E+000  0.300000E+000  0.200000E+001  0.100000E+001  0.100000E+001  0.100000E+002
 -0.843750E+001  0.120623E+002  0.633000E+002 -0.200000E+002  0.889605E-004 -0.133859E-004  0.899620E-004 -0.155042E-003  0.233291E-004  0.156787E-003  0.110000E+002  0.200000E+001  0.100000E+001  0.500000E+000  0.300000E+000  0.200000E+001  0.100000E+001  0.100000E+001  0.100000E+002
 -0.838528E+001  0.121369E+002  0.637000E+002 -0.200000E+002  0.861563E-004  0.198010E-004  0.884024E-004 -0.150141E-003 -0.345064E-004  0.154055E-003  0.110000E+002  0.200000E+001  0.100000E+001  0.500000E+000  0.300000E+000  0.200000E+001  0.100000E+001  0.100000E+001  0.100000E+002
 -0.833369E+001  0.122115E+002  0.641000E+002 -0.200000E+002  0.716460E-004  0.491401E-004  0.868786E-004 -0.124844E-003 -0.856270E-004  0.151387E-003  0.110000E+002  0.200000E+001  0.100000E+001  0.500000E+000  0.300000E+000  0.200000E+001  0.100000E+001  0.100000E+001  0.100000E+002
 -0.828272E+001  0.122861E+002  0.645000E+002 -0.200000E+002  0.478146E-004  0.707507E-004  0.853926E-004 -0.833101E-004 -0.123273E-003  0.148785E-003  0.110000E+002  0.200000E+001  0.100000E+001  0.500000E+000  0.300000E+000  0.200000E+001  0.100000E+001  0.100000E+001  0.100000E+002
 -0.823238E+001  0.123607E+002  0.649000E+002 -0.200000E+002  0.182352E-004  0.819362E-004  0.839408E-004 -0.317696E-004 -0.142750E-003  0.146243E-003  0.110000E+002  0.200000E+001  0.100000E+001  0.500000E+000  0.300000E+000  0.200000E+001  0.100000E+001  0.100000E+001  0.100000E+002
 -0.818263E+001  0.124354E+002  0.653000E+002 -0.200000E+002 -0.128513E-004  0.815167E-004  0.825235E-004  0.223878E-004 -0.142008E-003  0.143762E-003  0.110000E+002  0.200000E+001  0.100000E+001  0.500000E+000  0.300000E+000  0.200000E+001  0.100000E+001  0.100000E+001  0.100000E+002
 -0.813348E+001  0.125100E+002  0.657000E+002 -0.200000E+002 -0.411397E-004  0.699353E-004  0.811383E-004  0.716626E-004 -0.121823E-003  0.141338E-003  0.110000E+002  0.200000E+001  0.100000E+001  0.500000E+000  0.300000E+000  0.200000E+001  0.100000E+001  0.100000E+001  0.100000E+002
 -0.808492E+001  0.125846E+002  0.661000E+002 -0.200000E+002 -0.628508E-004  0.491489E-004  0.797862E-004  0.109473E-003 -0.856074E-004  0.138971E-003  0.110000E+002  0.200000E+001  0.100000E+001  0.500000E+000  0.300000E+000  0.200000E+001  0.100000E+001  0.100000E+001  0.100000E+002
 -0.803692E+001  0.126593E+002  0.665000E+002 -0.200000E+002 -0.752276E-004  0.223054E-004  0.784648E-004  0.131021E-003 -0.388485E-004  0.136659E-003  0.110000E+002  0.200000E+001  0.100000E+001  0.500000E+000  0.300000E+000  0.200000E+001  0.100000E+001  0.100000E+001  0.100000E+002
 -0.798949E+001  0.127340E+002  0.669000E+002 -0.200000E+002 -0.768812E-004 -0.672032E-005  0.771744E-004  0.133891E-003  0.117037E-004  0.134402E-003  0.110000E+002  0.200000E+001  0.100000E+001  0.500000E+000  0.300000E+000  0.200000E+001  0.100000E+001  0.100000E+001  0.100000E+002
 -0.794261E+001  0.128086E+002  0.673000E+002 -0.200000E+002 -0.679322E-004 -0.338813E-004  0.759126E-004  0.118297E-003  0.590011E-004  0.132195E-003  0.110000E+002  0.200000E+001  0.100000E+001  0.500000E+000  0.300000E+000  0.200000E+001  0.100000E+001  0.100000E+001  0.100000E+002
 -0.789628E+001  0.128833E+002  0.677000E+002 -0.200000E+002 -0.499500E-004 -0.555164E-004  0.746798E-004  0.869769E-004  0.966696E-004  0.130038E-003  0.110000E+002  0.200000E+001  0.100000E+001  0.500000E+000  0.300000E+000  0.200000E+001  0.100000E+001  0.100000E+001  0.100000E+002
 -0.785048E+001  0.129580E+002  0.681000E+002 -0.200000E+002 -0.256884E-004 -0.688376E-004  0.734745E-004  0.447275E-004  0.119857E-003  0.127931E-003  0.110000E+002  0.200000E+001  0.100000E+001  0.500000E+000  0.300000E+000  0.200000E+001  0.100000E+001  0.100000E+001  0.100000E+002
 -0.780520E+001  0.130327E+002  0.685000E+002 -0.200000E+002  0.132660E-005 -0.722832E-004  0.722954E-004 -0.230965E-005  0.125848E-003  0.125869E-003  0.110000E+002  0.200000E+001  0.100000E+001  0.500000E+000  0.300000E+000  0.200000E+001  0.100000E+001  0.100000E+001  0.100000E+002
 -0.776044E+001  0.131074E+002  0.689000E+002 -0.200000E+002  0.273036E-004 -0.656956E-004  0.711435E-004 -0.475334E-004  0.114371E-003  0.123855E-003  0.110000E+002  0.200000E+001  0.100000E+001  0.500000E+000  0.300000E+000  0.200000E+001  0.100000E+001  0.100000E+001  0.100000E+002
 -0.771619E+001  0.131821E+002  0.693000E+002 -0.200000E+002  0.487133E-004 -0.502927E-004  0.700168E-004 -0.848003E-004  0.875497E-004  0.121885E-003  0.110000E+002  0.200000E+001  0.100000E+001  0.500000E+000  0.300000E+000  0.200000E+001  0.100000E+001  0.100000E+001  0.100000E+002
 -0.767244E+001  0.132568E+002  0.697000E+002 -0.200000E+002  0.627619E-004 -0.284635E-004  0.689146E-004 -0.109249E-003  0.495461E-004  0.119959E-003  0.110000E+002  0.200000E+001  0.100000E+001  0.500000E+000  0.300000E+000  0.200000E+001  0.100000E+001  0.100000E+001  0.100000E+002
 -0.762918E+001  0.133315E+002  0.701000E+002 -0.200000E+002  0.677504E-004 -0.340251E-005  0.678358E-004 -0.117925E-003  0.592234E-005  0.118073E-003  0.110000E+002  0.200000E+001  0.100000E+001  0.500000E+000  0.300000E+000  0.200000E+001  0.100000E+001  0.100000E+001  0.100000E+002
 -0.758639E+001  0.134063E+002  0.705000E+002 -0.200000E+002  0.632763E-004  0.213513E-004  0.667815E-004 -0.110130E-003 -0.371613E-004  0.116231E-003  0.110000E+002  0.200000E+001  0.100000E+001  0.500000E+000  0.300000E+000  0.200000E+001  0.100000E+001  0.100000E+001  0.100000E+002
 -0.754409E+001  0.134810E+002  0.709000E+002 -0.200000E+002  0.502424E-004  0.424100E-004  0.657488E-004 -0.874400E-004 -0.738087E-004  0.114427E-003  0.110000E+002  0.200000E+001  0.100000E+001  0.500000E+000  0.300000E+000  0.200000E+001  0.100000E+001  0.100000E+001  0.100000E+002
 -0.750225E+001  0.135558E+002  0.713000E+002 -0.200000E+002  0.307010E-004  0.569963E-004  0.647389E-004 -0.534276E-004 -0.991882E-004  0.112662E-003  0.110000E+002  0.200000E+001  0.100000E+001  0.500000E+000  0.300000E+000  0.200000E+001  0.100000E+001  0.100000E+001  0.100000E+002
 -0.746087E+001  0.136305E+002  0.717000E+002 -0.200000E+002  0.753189E-005  0.633041E-004  0.637506E-004 -0.131066E-004 -0.110159E-003  0.110936E-003  0.110000E+002  0.200000E+001  0.100000E+001  0.500000E+000  0.300000E+000  0.200000E+001  0.100000E+001  0.100000E+001  0.100000E+002
 -0.741994E+001  0.137053E+002  0.721000E+002 -0.200000E+002 -0.159738E-004  0.607166E-004  0.627827E-004  0.277952E-004 -0.105650E-003  0.109245E-003  0.110000E+002  0.200000E+001  0.100000E+001  0.500000E+000  0.300000E+000  0.200000E+001  0.100000E+001  0.100000E+001  0.100000E+002
 -0.737945E+001  0.137801E+002  0.725000E+002 -0.200000E+002 -0.365775E-004  0.498570E-004  0.618355E-004  0.636432E-004 -0.867488E-004  0.107591E-003  0.110000E+002  0.200000E+001  0.100000E+001  0.500000E+000  0.300000E+000  0.200000E+001  0.100000E+001  0.100000E+001  0.100000E+002
 -0.733941E+001  0.138548E+002  0.729000E+002 -0.200000E+002 -0.515356E-004  0.324633E-004  0.609080E-004  0.896645E-004 -0.564814E-004  0.105971E-003  0.110000E+002  0.200000E+001  0.100000E+001  0.500000E+000  0.300000E+000  0.200000E+001  0.100000E+001  0.100000E+001  0.100000E+002
 -0.729979E+001  0.139296E+002  0.733000E+002 -0.200000E+002 -0.589603E-004  0.111193E-004  0.599996E-004  0.102577E-003 -0.193450E-004  0.104385E-003  0.110000E+002  0.200000E+001  0.100000E+001  0.500000E+000  0.300000E+000  0.200000E+001  0.100000E+001  0.100000E+001  0.100000E+002
 -0.726059E+001  0.140044E+002  0.737000E+002 -0.200000E+002 -0.580538E-004 -0.111253E-004  0.591102E-004  0.100994E-003  0.193544E-004  0.102832E-003  0.110000E+002  0.200000E+001  0.100000E+001  0.500000E+000  0.300000E+000  0.200000E+001  0.100000E+001  0.100000E+001  0.100000E+002
 -0.722181E+001  0.140792E+002  0.741000E+002 -0.200000E+002 -0.491851E-004 -0.311872E-004  0.582393E-004  0.855611E-004  0.542525E-004  0.101312E-003  0.110000E+002  0.200000E+001  0.100000E+001  0.500000E+000  0.300000E+000  0.200000E+001  0.100000E+001  0.100000E+001  0.100000E+002
 -0.718345E+001  0.141540E+002  0.745000E+002 -0.200000E+002 -0.338049E-004 -0.463720E-004  0.573858E-004  0.588031E-004  0.806633E-004  0.998217E-004  0.110000E+002  0.200000E+001  0.100000E+001  0.500000E+000  0.300000E+000  0.200000E+001  0.100000E+001  0.100000E+001  0.100000E+002
 -0.714548E+001  0.142288E+002  0.749000E+002 -0.200000E+002 -0.142169E-004 -0.547332E-004  0.565494E-004  0.247288E-004  0.952026E-004  0.983618E-004  0.110000E+002  0.200000E+001  0.100000E+001  0.500000E+000  0.300000E+000  0.200000E+001  0.100000E+001  0.100000E+001  0.100000E+002
 -0.710791E+001  0.143036E+002  0.753000E+002 -0.200000E+002  0.676401E-005 -0.553186E-004  0.557306E-004 -0.117647E-004  0.962160E-004  0.969326E-004  0.110000E+002  0.200000E+001  0.100000E+001  0.500000E+000  0.300000E+000  0.200000E+001  0.100000E+001  0.100000E+001  0.100000E+002
 -0.707073E+001  0.143785E+002  0.757000E+002 -0.200000E+002  0.262124E-004 -0.482694E-004  0.549274E-004 -0.455891E-004  0.839512E-004  0.955310E-004  0.110000E+002  0.200000E+001  0.100000E+001  0.500000E+000  0.300000E+000  0.200000E+001  0.100000E+001  0.100000E+001  0.100000E+002
 -0.703394E+001  0.144533E+002  0.761000E+002 -0.200000E+002  0.414967E-004 -0.347738E-004  0.541405E-004 -0.721685E-004  0.604764E-004  0.941578E-004  0.110000E+002  0.200000E+001  0.100000E+001  0.500000E+000  0.300000E+000  0.200000E+001  0.100000E+001  0.100000E+001  0.100000E+002
 -0.699753E+001  0.145281E+002  0.765000E+002 -0.200000E+002  0.506327E-004 -0.168711E-004  0.533695E-004 -0.880530E-004  0.293397E-004  0.928124E-004  0.110000E+002  0.200000E+001  0.100000E+001  0.500000E+000  0.300000E+000  0.200000E+001  0.100000E+001  0.100000E+001  0.100000E+002
 -0.696149E+001  0.146030E+002  0.769000E+002 -0.200000E+002  0.525368E-004  0.285143E-005  0.526141E-004 -0.913600E-004 -0.495857E-005  0.914945E-004  0.110000E+002  0.200000E+001  0.100000E+001  0.500000E+000  0.300000E+000  0.200000E+001  0.100000E+001  0.100000E+001  0.100000E+002
 -0.692582E+001  0.146778E+002  0.773000E+002 -0.200000E+002  0.471483E-004  0.216284E-004  0.518724E-004 -0.819858E-004 -0.376096E-004  0.902006E-004  0.110000E+002  0.200000E+001  0.100000E+001  0.500000E+000  0.300000E+000  0.200000E+001  0.100000E+001  0.100000E+001  0.100000E+002
 -0.689051E+001  0.147527E+002  0.777000E+002 -0.200000E+002  0.354138E-004  0.369021E-004  0.511459E-004 -0.615781E-004 -0.641659E-004  0.889333E-004  0.110000E+002  0.200000E+001  0.100000E+001  0.500000E+000  0.300000E+000  0.200000E+001  0.100000E+001  0.100000E+001  0.100000E+002
 -0.685555E+001  0.148275E+002  0.781000E+002 -0.200000E+002  0.191241E-004  0.466669E-004  0.504335E-004 -0.332517E-004 -0.811416E-004  0.876905E-004  0.110000E+002  0.200000E+001  0.100000E+001  0.500000E+000  0.300000E+000  0.200000E+001  0.100000E+001  0.100000E+001  0.100000E+002
 -0.682095E+001  0.149024E+002  0.785000E+002 -0.200000E+002  0.647352E-006  0.497306E-004  0.497349E-004 -0.112553E-005 -0.864647E-004  0.864721E-004  0.110000E+002  0.200000E+001  0.100000E+001  0.500000E+000  0.300000E+000  0.200000E+001  0.100000E+001  0.100000E+001  0.100000E+002
 -0.678669E+001  0.149772E+002  0.789000E+002 -0.200000E+002 -0.174122E-004  0.458552E-004  0.490498E-004  0.302727E-004 -0.797232E-004  0.852774E-004  0.110000E+002  0.200000E+001  0.100000E+001  0.500000E+000  0.300000E+000  0.200000E+001  0.100000E+001  0.100000E+001  0.100000E+002
 -0.675278E+001  0.150521E+002  0.793000E+002 -0.200000E+002 -0.325787E-004  0.357631E-004  0.483774E-004  0.566385E-004 -0.621746E-004  0.841047E-004  0.110000E+002  0.200000E+001  0.100000E+001  0.500000E+000  0.300000E+000  0.200000E+001  0.100000E+001  0.100000E+001  0.100000E+002
 -0.671920E+001  0.151270E+002  0.797000E+002 -0.200000E+002 -0.428420E-004  0.210138E-004  0.477181E-004  0.744783E-004 -0.365313E-004  0.829551E-004  0.110000E+002  0.200000E+001  0.100000E+001  0.500000E+000  0.300000E+000  0.200000E+001  0.100000E+001  0.100000E+001  0.100000E+002
 -0.668595E+001  0.152019E+002  0.801000E+002 -0.200000E+002 -0.469202E-004  0.376442E-005  0.470709E-004  0.815646E-004 -0.654396E-005  0.818267E-004  0.110000E+002  0.200000E+001  0.100000E+001  0.500000E+000  0.300000E+000  0.200000E+001  0.100000E+001  0.100000E+001  0.100000E+002
 -0.665302E+001  0.152768E+002  0.805000E+002 -0.200000E+002 -0.444183E-004 -0.135413E-004  0.464365E-004  0.772123E-004  0.235389E-004  0.807206E-004  0.110000E+002  0.200000E+001  0.100000E+001  0.500000E+000  0.300000E+000  0.200000E+001  0.100000E+001  0.100000E+001  0.100000E+002
 -0.662042E+001  0.153517E+002  0.809000E+002 -0.200000E+002 -0.358555E-004 -0.285170E-004  0.458130E-004  0.623251E-004  0.495691E-004  0.796336E-004  0.110000E+002  0.200000E+001  0.100000E+001  0.500000E+000  0.300000E+000  0.200000E+001  0.100000E+001  0.100000E+001  0.100000E+002
 -0.658814E+001  0.154266E+002  0.813000E+002 -0.200000E+002 -0.225743E-004 -0.391613E-004  0.452019E-004  0.392379E-004  0.680688E-004  0.785683E-004  0.110000E+002  0.200000E+001  0.100000E+001  0.500000E+000  0.300000E+000  0.200000E+001  0.100000E+001  0.100000E+001  0.100000E+002
 -0.655616E+001  0.155015E+002  0.817000E+002 -0.200000E+002 -0.652932E-005 -0.441216E-004  0.446021E-004  0.113486E-004  0.766877E-004  0.775228E-004  0.110000E+002  0.200000E+001  0.100000E+001  0.500000E+000  0.300000E+000  0.200000E+001  0.100000E+001  0.100000E+001  0.100000E+002
 -0.652450E+001  0.155764E+002  0.821000E+002 -0.200000E+002  0.999504E-005 -0.428628E-004  0.440127E-004 -0.173717E-004  0.744969E-004  0.764955E-004  0.110000E+002  0.200000E+001  0.100000E+001  0.500000E+000  0.300000E+000  0.200000E+001  0.100000E+001  0.100000E+001  0.100000E+002
 -0.649313E+001  0.156513E+002  0.825000E+002 -0.200000E+002  0.247084E-004 -0.357226E-004  0.434351E-004 -0.429423E-004  0.620848E-004  0.754888E-004  0.110000E+002  0.200000E+001  0.100000E+001  0.500000E+000  0.300000E+000  0.200000E+001  0.100000E+001  0.100000E+001  0.100000E+002
 -0.646207E+001  0.157262E+002  0.829000E+002 -0.200000E+002  0.356287E-004 -0.238373E-004  0.428675E-004 -0.619193E-004  0.414270E-004  0.744997E-004  0.110000E+002  0.200000E+001  0.100000E+001  0.500000E+000  0.300000E+000  0.200000E+001  0.100000E+001  0.100000E+001  0.100000E+002
 -0.643130E+001  0.158011E+002  0.833000E+002 -0.200000E+002  0.413482E-004 -0.896907E-005  0.423098E-004 -0.718567E-004  0.155868E-004  0.735278E-004  0.110000E+002  0.200000E+001  0.100000E+001  0.500000E+000  0.300000E+000  0.200000E+001  0.100000E+001  0.100000E+001  0.100000E+002
 -0.640082E+001  0.158760E+002  0.837000E+002 -0.200000E+002  0.412128E-004  0.675438E-005  0.417626E-004 -0.716188E-004 -0.117376E-004  0.725742E-004  0.110000E+002  0.200000E+001  0.100000E+001  0.500000E+000  0.300000E+000  0.200000E+001  0.100000E+001  0.100000E+001  0.100000E+002
 -0.637063E+001  0.159510E+002  0.841000E+002 -0.200000E+002  0.353912E-004  0.211429E-004  0.412257E-004 -0.615000E-004 -0.367404E-004  0.716388E-004  0.110000E+002  0.200000E+001  0.100000E+001  0.500000E+000  0.300000E+000  0.200000E+001  0.100000E+001  0.100000E+001  0.100000E+002
 -0.634072E+001  0.160259E+002  0.845000E+002 -0.200000E+002  0.248304E-004  0.322449E-004  0.406974E-004 -0.431469E-004 -0.560307E-004  0.707184E-004  0.110000E+002  0.200000E+001  0.100000E+001  0.500000E+000  0.300000E+000  0.200000E+001  0.100000E+001  0.100000E+001  0.100000E+002
 -0.631108E+001  0.161008E+002  0.849000E+002 -0.200000E+002  0.111089E-004  0.386129E-004  0.401792E-004 -0.193028E-004 -0.670939E-004  0.698154E-004  0.110000E+002  0.200000E+001  0.100000E+001  0.500000E+000  0.300000E+000  0.200000E+001  0.100000E+001  0.100000E+001  0.100000E+002
 -0.628173E+001  0.161758E+002  0.853000E+002 -0.200000E+002 -0.380080E-005  0.394875E-004  0.396700E-004  0.660407E-005 -0.686113E-004  0.689284E-004  0.110000E+002  0.200000E+001  0.100000E+001  0.500000E+000  0.300000E+000  0.200000E+001  0.100000E+001  0.100000E+001  0.100000E+002
 -0.625264E+001  0.162507E+002  0.857000E+002 -0.200000E+002 -0.178113E-004  0.348860E-004  0.391698E-004  0.309470E-004 -0.606140E-004  0.680571E-004  0.110000E+002  0.200000E+001  0.100000E+001  0.500000E+000  0.300000E+000  0.200000E+001  0.100000E+001  0.100000E+001  0.100000E+002
 -0.622382E+001  0.163257E+002  0.861000E+002 -0.200000E+002 -0.290110E-004  0.255798E-004  0.386777E-004  0.504046E-004 -0.444432E-004  0.671999E-004  0.110000E+002  0.200000E+001  0.100000E+001  0.500000E+000  0.300000E+000  0.200000E+001  0.100000E+001  0.100000E+001  0.100000E+002
 -0.619526E+001  0.164006E+002  0.865000E+002 -0.200000E+002 -0.359248E-004  0.129717E-004  0.381950E-004  0.624150E-004 -0.225367E-004  0.663591E-004  0.110000E+002  0.200000E+001  0.100000E+001  0.500000E+000  0.300000E+000  0.200000E+001  0.100000E+001  0.100000E+001  0.100000E+002
 -0.616697E+001  0.164756E+002  0.869000E+002 -0.200000E+002 -0.377035E-004 -0.111701E-005  0.377201E-004  0.655032E-004  0.194061E-005  0.655320E-004  0.110000E+002  0.200000E+001  0.100000E+001  0.500000E+000  0.300000E+000  0.200000E+001  0.100000E+001  0.100000E+001  0.100000E+002
 -0.613893E+001  0.165506E+002  0.873000E+002 -0.200000E+002 -0.342288E-004 -0.147044E-004  0.372536E-004  0.594647E-004  0.255455E-004  0.647195E-004  0.110000E+002  0.200000E+001  0.100000E+001  0.500000E+000  0.300000E+000  0.200000E+001  0.100000E+001  0.100000E+001  0.100000E+002
 -0.611114E+001  0.166255E+002  0.877000E+002 -0.200000E+002 -0.261092E-004 -0.259271E-004  0.367954E-004  0.453574E-004  0.450410E-004  0.639217E-004  0.110000E+002  0.200000E+001  0.100000E+001  0.500000E+000  0.300000E+000  0.200000E+001  0.100000E+001  0.100000E+001  0.100000E+002
 -0.608360E+001  0.167005E+002  0.881000E+002 -0.200000E+002 -0.145787E-004 -0.332925E-004  0.363446E-004  0.253257E-004  0.578347E-004  0.631367E-004  0.110000E+002  0.200000E+001  0.100000E+001  0.500000E+000  0.300000E+000  0.200000E+001  0.100000E+001  0.100000E+001  0.100000E+002
 -0.605631E+001  0.167755E+002  0.885000E+002 -0.200000E+002 -0.131310E-005 -0.358779E-004  0.359020E-004  0.228101E-005  0.623241E-004  0.623659E-004  0.110000E+002  0.200000E+001  0.100000E+001  0.500000E+000  0.300000E+000  0.200000E+001  0.100000E+001  0.100000E+001  0.100000E+002
 -0.602926E+001  0.168505E+002  0.889000E+002 -0.200000E+002  0.118138E-004 -0.334410E-004  0.354664E-004 -0.205213E-004  0.580893E-004  0.616075E-004  0.110000E+002  0.200000E+001  0.100000E+001  0.500000E+000  0.300000E+000  0.200000E+001  0.100000E+001  0.100000E+001  0.100000E+002
 -0.600245E+001  0.169254E+002  0.893000E+002 -0.200000E+002  0.229923E-004 -0.264400E-004  0.350388E-004 -0.399379E-004  0.459266E-004  0.608629E-004  0.110000E+002  0.200000E+001  0.100000E+001  0.500000E+000  0.300000E+000  0.200000E+001  0.100000E+001  0.100000E+001  0.100000E+002
 -0.597588E+001  0.170004E+002  0.897000E+002 -0.200000E+002  0.307245E-004 -0.159504E-004  0.346181E-004 -0.533674E-004  0.277054E-004  0.601305E-004  0.110000E+002  0.200000E+001  0.100000E+001  0.500000E+000  0.300000E+000  0.200000E+001  0.100000E+001  0.100000E+001  0.100000E+002
 -0.594954E+001  0.170754E+002  0.901000E+002 -0.200000E+002  0.340234E-004 -0.350488E-005  0.342034E-004 -0.590959E-004  0.608770E-005  0.594087E-004  0.110000E+002  0.200000E+001  0.100000E+001  0.500000E+000  0.300000E+000  0.200000E+001  0.100000E+001  0.100000E+001  0.100000E+002
 -0.592343E+001  0.171504E+002  0.905000E+002 -0.200000E+002  0.325405E-004  0.913032E-005  0.337971E-004 -0.565187E-004 -0.158582E-004  0.587013E-004  0.110000E+002  0.200000E+001  0.100000E+001  0.500000E+000  0.300000E+000  0.200000E+001  0.100000E+001  0.100000E+001  0.100000E+002
 -0.589755E+001  0.172254E+002  0.909000E+002 -0.200000E+002  0.265915E-004  0.202048E-004  0.333967E-004 -0.461848E-004 -0.350923E-004  0.580043E-004  0.110000E+002  0.200000E+001  0.100000E+001  0.500000E+000  0.300000E+000  0.200000E+001  0.100000E+001  0.100000E+001  0.100000E+002
 -0.587189E+001  0.173004E+002  0.913000E+002 -0.200000E+002  0.171042E-004  0.282247E-004  0.330029E-004 -0.297063E-004 -0.490201E-004  0.573187E-004  0.110000E+002  0.200000E+001  0.100000E+001  0.500000E+000  0.300000E+000  0.200000E+001  0.100000E+001  0.100000E+001  0.100000E+002
 -0.584646E+001  0.173754E+002  0.917000E+002 -0.200000E+002  0.547285E-005  0.321530E-004  0.326155E-004 -0.950489E-005 -0.558413E-004  0.566445E-004  0.110000E+002  0.200000E+001  0.100000E+001  0.500000E+000  0.300000E+000  0.200000E+001  0.100000E+001  0.100000E+001  0.100000E+002
 -0.582124E+001  0.174504E+002  0.921000E+002 -0.200000E+002 -0.664501E-005  0.315421E-004  0.322345E-004  0.115403E-004 -0.547789E-004  0.559813E-004  0.110000E+002  0.200000E+001  0.100000E+001  0.500000E+000  0.300000E+000  0.200000E+001  0.100000E+001  0.100000E+001  0.100000E+002
 -0.579624E+001  0.175254E+002  0.925000E+002 -0.200000E+002 -0.175630E-004  0.265817E-004  0.318598E-004  0.305007E-004 -0.461630E-004  0.553292E-004  0.110000E+002  0.200000E+001  0.100000E+001  0.500000E+000  0.300000E+000  0.200000E+001  0.100000E+001  0.100000E+001  0.100000E+002
 -0.577145E+001  0.176005E+002  0.929000E+002 -0.200000E+002 -0.257995E-004  0.180578E-004  0.314912E-004  0.448035E-004 -0.313592E-004  0.546878E-004  0.110000E+002  0.200000E+001  0.100000E+001  0.500000E+000  0.300000E+000  0.200000E+001  0.100000E+001  0.100000E+001  0.100000E+002
 -0.574687E+001  0.176755E+002  0.933000E+002 -0.200000E+002 -0.302774E-004  0.723071E-005  0.311289E-004  0.525786E-004 -0.125566E-004  0.540571E-004  0.110000E+002  0.200000E+001  0.100000E+001  0.500000E+000  0.300000E+000  0.200000E+001  0.100000E+001  0.100000E+001  0.100000E+002
 -0.572250E+001  0.177505E+002  0.937000E+002 -0.200000E+002 -0.304627E-004 -0.434989E-005  0.307717E-004  0.528991E-004  0.755367E-005  0.534357E-004  0.110000E+002  0.200000E+001  0.100000E+001  0.500000E+000  0.300000E+000  0.200000E+001  0.100000E+001  0.100000E+001  0.100000E+002
 -0.569834E+001  0.178255E+002  0.941000E+002 -0.200000E+002 -0.264282E-004 -0.150652E-004  0.304206E-004  0.458920E-004  0.261604E-004  0.528246E-004  0.110000E+002  0.200000E+001  0.100000E+001  0.500000E+000  0.300000E+000  0.200000E+001  0.100000E+001  0.100000E+001  0.100000E+002
 -0.567437E+001  0.179005E+002  0.945000E+002 -0.200000E+002 -0.188268E-004 -0.234526E-004  0.300745E-004  0.326916E-004  0.407240E-004  0.522225E-004  0.110000E+002  0.200000E+001  0.100000E+001  0.500000E+000  0.300000E+000  0.200000E+001  0.100000E+001  0.100000E+001  0.100000E+002
 -0.565061E+001  0.179756E+002  0.949000E+002 -0.200000E+002 -0.879110E-005 -0.284050E-004  0.297342E-004  0.152648E-004  0.493222E-004  0.516304E-004  0.110000E+002  0.200000E+001  0.100000E+001  0.500000E+000  0.300000E+000  0.200000E+001  0.100000E+001  0.100000E+001  0.100000E+002
 -0.562705E+001  0.180506E+002  0.953000E+002 -0.200000E+002  0.223646E-005 -0.293145E-004  0.293997E-004 -0.388329E-005  0.509004E-004  0.510483E-004  0.110000E+002  0.200000E+001  0.100000E+001  0.500000E+000  0.300000E+000  0.200000E+001  0.100000E+001  0.100000E+001  0.100000E+002
 -0.560368E+001  0.181256E+002  0.957000E+002 -0.200000E+002  0.127082E-004 -0.261451E-004  0.290700E-004 -0.220655E-004  0.453962E-004  0.504748E-004  0.110000E+002  0.200000E+001  0.100000E+001  0.500000E+000  0.300000E+000  0.200000E+001  0.100000E+001  0.100000E+001  0.100000E+002
 -0.558050E+001  0.182007E+002  0.961000E+002 -0.200000E+002  0.211875E-004 -0.194263E-004  0.287453E-004 -0.367874E-004  0.337294E-004  0.499097E-004  0.110000E+002  0.200000E+001  0.100000E+001  0.500000E+000  0.300000E+000  0.200000E+001  0.100000E+001  0.100000E+001  0.100000E+002
 -0.555752E+001  0.182757E+002  0.965000E+002 -0.200000E+002  0.265457E-004 -0.101666E-004  0.284259E-004 -0.460896E-004  0.176517E-004  0.493542E-004  0.110000E+002  0.200000E+001  0.100000E+001  0.500000E+000  0.300000E+000  0.200000E+001  0.100000E+001  0.100000E+001  0.100000E+002
 -0.553472E+001  0.183508E+002  0.969000E+002 -0.200000E+002  0.281097E-004  0.296763E-006  0.281113E-004 -0.488041E-004 -0.515240E-006  0.488069E-004  0.110000E+002  0.200000E+001  0.100000E+001  0.500000E+000  0.300000E+000  0.200000E+001  0.100000E+001  0.100000E+001  0.100000E+002
 -0.551210E+001  0.184258E+002  0.973000E+002 -0.200000E+002  0.257472E-004  0.104896E-004  0.278020E-004 -0.447014E-004 -0.182116E-004  0.482689E-004  0.110000E+002  0.200000E+001  0.100000E+001  0.500000E+000  0.300000E+000  0.200000E+001  0.100000E+001  0.100000E+001  0.100000E+002
 -0.548967E+001  0.185009E+002  0.977000E+002 -0.200000E+002  0.198703E-004  0.190071E-004  0.274973E-004 -0.344974E-004 -0.329988E-004  0.477388E-004  0.110000E+002  0.200000E+001  0.100000E+001  0.500000E+000  0.300000E+000  0.200000E+001  0.100000E+001  0.100000E+001  0.100000E+002
 -0.546743E+001  0.185759E+002  0.981000E+002 -0.200000E+002  0.113690E-004  0.247068E-004  0.271971E-004 -0.197376E-004 -0.428933E-004  0.472166E-004  0.110000E+002  0.200000E+001  0.100000E+001  0.500000E+000  0.300000E+000  0.200000E+001  0.100000E+001  0.100000E+001  0.100000E+002
 -0.544536E+001  0.186510E+002  0.985000E+002 -0.200000E+002  0.147703E-005  0.268607E-004  0.269013E-004 -0.256420E-005 -0.466317E-004  0.467022E-004  0.110000E+002  0.200000E+001  0.100000E+001  0.500000E+000  0.300000E+000  0.200000E+001  0.100000E+001  0.100000E+001  0.100000E+002
 -0.542347E+001  0.187260E+002  0.989000E+002 -0.200000E+002 -0.840615E-005  0.252472E-004  0.266099E-004  0.145932E-004 -0.438297E-004  0.461953E-004  0.110000E+002  0.200000E+001  0.100000E+001  0.500000E+000  0.300000E+000  0.200000E+001  0.100000E+001  0.100000E+001  0.100000E+002
 -0.540175E+001  0.188011E+002  0.993000E+002 -0.200000E+002 -0.169124E-004  0.201708E-004  0.263228E-004  0.293596E-004 -0.350162E-004  0.456960E-004  0.110000E+002  0.200000E+001  0.100000E+001  0.500000E+000  0.300000E+000  0.200000E+001  0.100000E+001  0.100000E+001  0.100000E+002
 -0.538020E+001  0.188762E+002  0.997000E+002 -0.200000E+002 -0.228941E-004  0.124088E-004  0.260407E-004  0.397430E-004 -0.215411E-004  0.452054E-004  0.110000E+002  0.200000E+001  0.100000E+001  0.500000E+000  0.300000E+000  0.200000E+001  0.100000E+001  0.100000E+001  0.100000E+002
