 % the field is psp
% Dinn5 settings , t1, t2, t3, t4, tm, tp, eps, step, IntLimit
%   0.250000E+001  0.250000E+001  0.250000E+001  0.280000E+002  0.200000E-001  0.000000E+000  0.100000E-005  0.100000E-001  0.100000E+006
% 1)psi, 2) R, 3) x, 4) z, 5) re(u), 6) im(u), 7) abs(u), 8) re(w), 9) im(w), 10) abs(w), 11) fieldCode, 12) cp(1), 13) cp(2), 14) cs(1), 15) cs(2), 16) rho(1), 17) rho(2), 18) h, 19) w
 -0.893898E+002  0.177001E+001  0.100000E+000 -0.200000E+002  0.276590E-004  0.438830E-004  0.518724E-004  0.697535E-004 -0.443280E-004  0.826469E-004  0.210000E+002  0.200000E+001  0.100000E+001  0.500000E+000  0.300000E+000  0.200000E+001  0.100000E+001  0.100000E+001  0.100000E+002
 -0.869519E+002  0.177242E+001  0.500000E+000 -0.200000E+002  0.134167E-003  0.220506E-003  0.258116E-003  0.708073E-004 -0.403846E-004  0.815143E-004  0.210000E+002  0.200000E+001  0.100000E+001  0.500000E+000  0.300000E+000  0.200000E+001  0.100000E+001  0.100000E+001  0.100000E+002
 -0.845249E+002  0.177802E+001  0.900000E+000 -0.200000E+002  0.224227E-003  0.400978E-003  0.459414E-003  0.728104E-004 -0.312407E-004  0.792296E-004  0.210000E+002  0.200000E+001  0.100000E+001  0.500000E+000  0.300000E+000  0.200000E+001  0.100000E+001  0.100000E+001  0.100000E+002
 -0.821175E+002  0.178679E+001  0.130000E+001 -0.200000E+002  0.285022E-003  0.586370E-003  0.651972E-003  0.747114E-004 -0.170997E-004  0.766433E-004  0.210000E+002  0.200000E+001  0.100000E+001  0.500000E+000  0.300000E+000  0.200000E+001  0.100000E+001  0.100000E+001  0.100000E+002
 -0.797378E+002  0.179869E+001  0.170000E+001 -0.200000E+002  0.304605E-003  0.774517E-003  0.832263E-003  0.749898E-004  0.154803E-005  0.750058E-004  0.210000E+002  0.200000E+001  0.100000E+001  0.500000E+000  0.300000E+000  0.200000E+001  0.100000E+001  0.100000E+001  0.100000E+002
 -0.773933E+002  0.181364E+001  0.210000E+001 -0.200000E+002  0.272845E-003  0.959087E-003  0.997142E-003  0.718511E-004  0.237479E-004  0.756740E-004  0.210000E+002  0.200000E+001  0.100000E+001  0.500000E+000  0.300000E+000  0.200000E+001  0.100000E+001  0.100000E+001  0.100000E+002
 -0.750909E+002  0.183157E+001  0.250000E+001 -0.200000E+002  0.182782E-003  0.112925E-002  0.114395E-002  0.635152E-004  0.479272E-004  0.795688E-004  0.210000E+002  0.200000E+001  0.100000E+001  0.500000E+000  0.300000E+000  0.200000E+001  0.100000E+001  0.100000E+001  0.100000E+002
 -0.728367E+002  0.185240E+001  0.290000E+001 -0.200000E+002  0.322644E-004  0.127019E-002  0.127060E-002  0.485828E-004  0.718360E-004  0.867220E-004  0.210000E+002  0.200000E+001  0.100000E+001  0.500000E+000  0.300000E+000  0.200000E+001  0.100000E+001  0.100000E+001  0.100000E+002
 -0.706360E+002  0.187604E+001  0.330000E+001 -0.200000E+002 -0.174480E-003  0.136453E-002  0.137564E-002  0.264354E-004  0.926473E-004  0.963449E-004  0.210000E+002  0.200000E+001  0.100000E+001  0.500000E+000  0.300000E+000  0.200000E+001  0.100000E+001  0.100000E+001  0.100000E+002
 -0.684931E+002  0.190237E+001  0.370000E+001 -0.200000E+002 -0.425763E-003  0.139477E-002  0.145831E-002 -0.241614E-005  0.107254E-003  0.107281E-003  0.210000E+002  0.200000E+001  0.100000E+001  0.500000E+000  0.300000E+000  0.200000E+001  0.100000E+001  0.100000E+001  0.100000E+002
 -0.664115E+002  0.193128E+001  0.410000E+001 -0.200000E+002 -0.702334E-003  0.134635E-002  0.151853E-002 -0.361380E-004  0.112751E-003  0.118401E-003  0.210000E+002  0.200000E+001  0.100000E+001  0.500000E+000  0.300000E+000  0.200000E+001  0.100000E+001  0.100000E+001  0.100000E+002
 -0.643939E+002  0.196267E+001  0.450000E+001 -0.200000E+002 -0.978618E-003  0.121092E-002  0.155693E-002 -0.716328E-004  0.107016E-003  0.128777E-003  0.210000E+002  0.200000E+001  0.100000E+001  0.500000E+000  0.300000E+000  0.200000E+001  0.100000E+001  0.100000E+001  0.100000E+002
 -0.624422E+002  0.199642E+001  0.490000E+001 -0.200000E+002 -0.122538E-002  0.989040E-003  0.157473E-002 -0.104898E-003  0.892601E-004  0.137735E-003  0.210000E+002  0.200000E+001  0.100000E+001  0.500000E+000  0.300000E+000  0.200000E+001  0.100000E+001  0.100000E+001  0.100000E+002
 -0.605574E+002  0.203240E+001  0.530000E+001 -0.200000E+002 -0.141353E-002  0.691700E-003  0.157370E-002 -0.131650E-003  0.603863E-004  0.144838E-003  0.210000E+002  0.200000E+001  0.100000E+001  0.500000E+000  0.300000E+000  0.200000E+001  0.100000E+001  0.100000E+001  0.100000E+002
 -0.587402E+002  0.207050E+001  0.570000E+001 -0.200000E+002 -0.151841E-002  0.340058E-003  0.155602E-002 -0.148085E-003  0.230227E-004  0.149863E-003  0.210000E+002  0.200000E+001  0.100000E+001  0.500000E+000  0.300000E+000  0.200000E+001  0.100000E+001  0.100000E+001  0.100000E+002
 -0.569902E+002  0.211061E+001  0.610000E+001 -0.200000E+002 -0.152373E-002 -0.366794E-004  0.152418E-002 -0.151606E-003 -0.188031E-004  0.152768E-003  0.210000E+002  0.200000E+001  0.100000E+001  0.500000E+000  0.300000E+000  0.200000E+001  0.100000E+001  0.100000E+001  0.100000E+002
 -0.553071E+002  0.215262E+001  0.650000E+001 -0.200000E+002 -0.142431E-002 -0.404922E-003  0.148075E-002 -0.141325E-003 -0.602940E-004  0.153650E-003  0.210000E+002  0.200000E+001  0.100000E+001  0.500000E+000  0.300000E+000  0.200000E+001  0.100000E+001  0.100000E+001  0.100000E+002
 -0.536897E+002  0.219641E+001  0.690000E+001 -0.200000E+002 -0.122700E-002 -0.731196E-003  0.142835E-002 -0.118222E-003 -0.966650E-004  0.152711E-003  0.210000E+002  0.200000E+001  0.100000E+001  0.500000E+000  0.300000E+000  0.200000E+001  0.100000E+001  0.100000E+001  0.100000E+002
 -0.521367E+002  0.224188E+001  0.730000E+001 -0.200000E+002 -0.949732E-003 -0.986590E-003  0.136943E-002 -0.849473E-004 -0.123893E-003  0.150218E-003  0.210000E+002  0.200000E+001  0.100000E+001  0.500000E+000  0.300000E+000  0.200000E+001  0.100000E+001  0.100000E+001  0.100000E+002
 -0.506465E+002  0.228893E+001  0.770000E+001 -0.200000E+002 -0.618900E-003 -0.115035E-002  0.130627E-002 -0.453358E-004 -0.139275E-003  0.146468E-003  0.210000E+002  0.200000E+001  0.100000E+001  0.500000E+000  0.300000E+000  0.200000E+001  0.100000E+001  0.100000E+001  0.100000E+002
 -0.492173E+002  0.233747E+001  0.810000E+001 -0.200000E+002 -0.265673E-003 -0.121206E-002  0.124084E-002 -0.377157E-005 -0.141711E-003  0.141761E-003  0.210000E+002  0.200000E+001  0.100000E+001  0.500000E+000  0.300000E+000  0.200000E+001  0.100000E+001  0.100000E+001  0.100000E+002
 -0.478470E+002  0.238740E+001  0.850000E+001 -0.200000E+002  0.780140E-004 -0.117220E-002  0.117479E-002  0.354580E-004 -0.131692E-003  0.136382E-003  0.210000E+002  0.200000E+001  0.100000E+001  0.500000E+000  0.300000E+000  0.200000E+001  0.100000E+001  0.100000E+001  0.100000E+002
 -0.465336E+002  0.243864E+001  0.890000E+001 -0.200000E+002  0.383151E-003 -0.104124E-002  0.110950E-002  0.686979E-004 -0.111052E-003  0.130583E-003  0.210000E+002  0.200000E+001  0.100000E+001  0.500000E+000  0.300000E+000  0.200000E+001  0.100000E+001  0.100000E+001  0.100000E+002
 -0.452749E+002  0.249111E+001  0.930000E+001 -0.200000E+002  0.626537E-003 -0.837594E-003  0.104600E-002  0.932836E-004 -0.825770E-004  0.124582E-003  0.210000E+002  0.200000E+001  0.100000E+001  0.500000E+000  0.300000E+000  0.200000E+001  0.100000E+001  0.100000E+001  0.100000E+002
 -0.440687E+002  0.254473E+001  0.970000E+001 -0.200000E+002  0.792605E-003 -0.584920E-003  0.985065E-003  0.107704E-003 -0.495513E-004  0.118556E-003  0.210000E+002  0.200000E+001  0.100000E+001  0.500000E+000  0.300000E+000  0.200000E+001  0.100000E+001  0.100000E+001  0.100000E+002
 -0.429127E+002  0.259943E+001  0.101000E+002 -0.200000E+002  0.874146E-003 -0.309237E-003  0.927232E-003  0.111594E-003 -0.153394E-004  0.112643E-003  0.210000E+002  0.200000E+001  0.100000E+001  0.500000E+000  0.300000E+000  0.200000E+001  0.100000E+001  0.100000E+001  0.100000E+002
 -0.418048E+002  0.265515E+001  0.105000E+002 -0.200000E+002  0.872075E-003 -0.362173E-004  0.872827E-003  0.105594E-003  0.169622E-004  0.106947E-003  0.210000E+002  0.200000E+001  0.100000E+001  0.500000E+000  0.300000E+000  0.200000E+001  0.100000E+001  0.100000E+001  0.100000E+002
 -0.407428E+002  0.271182E+001  0.109000E+002 -0.200000E+002  0.794443E-003  0.211084E-003  0.822007E-003  0.911405E-004  0.447716E-004  0.101543E-003  0.210000E+002  0.200000E+001  0.100000E+001  0.500000E+000  0.300000E+000  0.200000E+001  0.100000E+001  0.100000E+001  0.100000E+002
 -0.397247E+002  0.276938E+001  0.113000E+002 -0.200000E+002  0.654967E-003  0.413905E-003  0.774790E-003  0.702158E-004  0.661624E-004  0.964765E-004  0.210000E+002  0.200000E+001  0.100000E+001  0.500000E+000  0.300000E+000  0.200000E+001  0.100000E+001  0.100000E+001  0.100000E+002
 -0.387483E+002  0.282778E+001  0.117000E+002 -0.200000E+002  0.471324E-003  0.558862E-003  0.731077E-003  0.451127E-004  0.799113E-004  0.917658E-004  0.210000E+002  0.200000E+001  0.100000E+001  0.500000E+000  0.300000E+000  0.200000E+001  0.100000E+001  0.100000E+001  0.100000E+002
 -0.378117E+002  0.288697E+001  0.121000E+002 -0.200000E+002  0.263402E-003  0.638481E-003  0.690679E-003  0.182406E-004  0.854816E-004  0.874061E-004  0.210000E+002  0.200000E+001  0.100000E+001  0.500000E+000  0.300000E+000  0.200000E+001  0.100000E+001  0.100000E+001  0.100000E+002
 -0.369129E+002  0.294690E+001  0.125000E+002 -0.200000E+002  0.516212E-004  0.651302E-003  0.653344E-003 -0.802399E-005  0.829849E-004  0.833720E-004  0.210000E+002  0.200000E+001  0.100000E+001  0.500000E+000  0.300000E+000  0.200000E+001  0.100000E+001  0.100000E+001  0.100000E+002
 -0.360502E+002  0.300753E+001  0.129000E+002 -0.200000E+002 -0.144645E-003  0.601640E-003  0.618783E-003 -0.314649E-004  0.731437E-004  0.796244E-004  0.210000E+002  0.200000E+001  0.100000E+001  0.500000E+000  0.300000E+000  0.200000E+001  0.100000E+001  0.100000E+001  0.100000E+002
 -0.352217E+002  0.306881E+001  0.133000E+002 -0.200000E+002 -0.308557E-003  0.499008E-003  0.586699E-003 -0.501626E-004  0.572516E-004  0.761185E-004  0.210000E+002  0.200000E+001  0.100000E+001  0.500000E+000  0.300000E+000  0.200000E+001  0.100000E+001  0.100000E+001  0.100000E+002
 -0.344259E+002  0.313071E+001  0.137000E+002 -0.200000E+002 -0.427157E-003  0.357177E-003  0.556811E-003 -0.626488E-004  0.371013E-004  0.728105E-004  0.210000E+002  0.200000E+001  0.100000E+001  0.500000E+000  0.300000E+000  0.200000E+001  0.100000E+001  0.100000E+001  0.100000E+002
 -0.336610E+002  0.319318E+001  0.141000E+002 -0.200000E+002 -0.492453E-003  0.192850E-003  0.528868E-003 -0.680605E-004  0.148519E-004  0.696621E-004  0.210000E+002  0.200000E+001  0.100000E+001  0.500000E+000  0.300000E+000  0.200000E+001  0.100000E+001  0.100000E+001  0.100000E+002
 -0.329256E+002  0.325621E+001  0.145000E+002 -0.200000E+002 -0.502089E-003  0.239906E-004  0.502662E-003 -0.662573E-004 -0.717264E-005  0.666444E-004  0.210000E+002  0.200000E+001  0.100000E+001  0.500000E+000  0.300000E+000  0.200000E+001  0.100000E+001  0.100000E+001  0.100000E+002
 -0.322183E+002  0.331975E+001  0.149000E+002 -0.200000E+002 -0.459438E-003 -0.132040E-003  0.478036E-003 -0.578600E-004 -0.267409E-004  0.637406E-004  0.210000E+002  0.200000E+001  0.100000E+001  0.500000E+000  0.300000E+000  0.200000E+001  0.100000E+001  0.100000E+001  0.100000E+002
 -0.315376E+002  0.338378E+001  0.153000E+002 -0.200000E+002 -0.373026E-003 -0.260311E-003  0.454874E-003 -0.441785E-004 -0.419836E-004  0.609456E-004  0.210000E+002  0.200000E+001  0.100000E+001  0.500000E+000  0.300000E+000  0.200000E+001  0.100000E+001  0.100000E+001  0.100000E+002
 -0.308823E+002  0.344826E+001  0.157000E+002 -0.200000E+002 -0.255346E-003 -0.349818E-003  0.433099E-003 -0.270292E-004 -0.516152E-004  0.582641E-004  0.210000E+002  0.200000E+001  0.100000E+001  0.500000E+000  0.300000E+000  0.200000E+001  0.100000E+001  0.100000E+001  0.100000E+002
 -0.302511E+002  0.351318E+001  0.161000E+002 -0.200000E+002 -0.121237E-003 -0.394446E-003  0.412657E-003 -0.848075E-005 -0.550562E-004  0.557055E-004  0.210000E+002  0.200000E+001  0.100000E+001  0.500000E+000  0.300000E+000  0.200000E+001  0.100000E+001  0.100000E+001  0.100000E+002
 -0.296429E+002  0.357852E+001  0.165000E+002 -0.200000E+002  0.139083E-004 -0.393260E-003  0.393506E-003  0.941219E-005 -0.524426E-004  0.532806E-004  0.210000E+002  0.200000E+001  0.100000E+001  0.500000E+000  0.300000E+000  0.200000E+001  0.100000E+001  0.100000E+001  0.100000E+002
 -0.290566E+002  0.364424E+001  0.169000E+002 -0.200000E+002  0.135828E-003 -0.350185E-003  0.375604E-003  0.248406E-004 -0.445401E-004  0.509988E-004  0.210000E+002  0.200000E+001  0.100000E+001  0.500000E+000  0.300000E+000  0.200000E+001  0.100000E+001  0.100000E+001  0.100000E+002
 -0.284911E+002  0.371033E+001  0.173000E+002 -0.200000E+002  0.232790E-003 -0.273171E-003  0.358906E-003  0.364101E-004 -0.325925E-004  0.488668E-004  0.210000E+002  0.200000E+001  0.100000E+001  0.500000E+000  0.300000E+000  0.200000E+001  0.100000E+001  0.100000E+001  0.100000E+002
 -0.279455E+002  0.377677E+001  0.177000E+002 -0.200000E+002  0.296561E-003 -0.173037E-003  0.343351E-003  0.432342E-004 -0.181412E-004  0.468860E-004  0.210000E+002  0.200000E+001  0.100000E+001  0.500000E+000  0.300000E+000  0.200000E+001  0.100000E+001  0.100000E+001  0.100000E+002
 -0.274188E+002  0.384353E+001  0.181000E+002 -0.200000E+002  0.322938E-003 -0.621567E-004  0.328866E-003  0.449605E-004 -0.284883E-005  0.450507E-004  0.210000E+002  0.200000E+001  0.100000E+001  0.500000E+000  0.300000E+000  0.200000E+001  0.100000E+001  0.100000E+001  0.100000E+002
 -0.269101E+002  0.391062E+001  0.185000E+002 -0.200000E+002  0.311860E-003  0.468568E-004  0.315360E-003  0.417522E-004  0.116526E-004  0.433478E-004  0.210000E+002  0.200000E+001  0.100000E+001  0.500000E+000  0.300000E+000  0.200000E+001  0.100000E+001  0.100000E+001  0.100000E+002
 -0.264186E+002  0.397800E+001  0.189000E+002 -0.200000E+002  0.267158E-003  0.142400E-003  0.302739E-003  0.342476E-004  0.238967E-004  0.417606E-004  0.210000E+002  0.200000E+001  0.100000E+001  0.500000E+000  0.300000E+000  0.200000E+001  0.100000E+001  0.100000E+001  0.100000E+002
 -0.259435E+002  0.404566E+001  0.193000E+002 -0.200000E+002  0.195984E-003  0.214984E-003  0.290909E-003  0.234917E-004  0.327107E-004  0.402723E-004  0.210000E+002  0.200000E+001  0.100000E+001  0.500000E+000  0.300000E+000  0.200000E+001  0.100000E+001  0.100000E+001  0.100000E+002
 -0.254840E+002  0.411359E+001  0.197000E+002 -0.200000E+002  0.107927E-003  0.258123E-003  0.279779E-003  0.108284E-004  0.373278E-004  0.388667E-004  0.210000E+002  0.200000E+001  0.100000E+001  0.500000E+000  0.300000E+000  0.200000E+001  0.100000E+001  0.100000E+001  0.100000E+002
 -0.250395E+002  0.418178E+001  0.201000E+002 -0.200000E+002  0.138992E-004  0.268910E-003  0.269269E-003 -0.224209E-005  0.374620E-004  0.375291E-004  0.210000E+002  0.200000E+001  0.100000E+001  0.500000E+000  0.300000E+000  0.200000E+001  0.100000E+001  0.100000E+001  0.100000E+002
 -0.246093E+002  0.425021E+001  0.205000E+002 -0.200000E+002 -0.751100E-004  0.248196E-003  0.259312E-003 -0.142273E-004  0.333376E-004  0.362465E-004  0.210000E+002  0.200000E+001  0.100000E+001  0.500000E+000  0.300000E+000  0.200000E+001  0.100000E+001  0.100000E+001  0.100000E+002
 -0.241928E+002  0.431888E+001  0.209000E+002 -0.200000E+002 -0.149281E-003  0.200360E-003  0.249858E-003 -0.238166E-004  0.256616E-004  0.350107E-004  0.210000E+002  0.200000E+001  0.100000E+001  0.500000E+000  0.300000E+000  0.200000E+001  0.100000E+001  0.100000E+001  0.100000E+002
 -0.237893E+002  0.438776E+001  0.213000E+002 -0.200000E+002 -0.201061E-003  0.132641E-003  0.240872E-003 -0.300433E-004  0.155289E-004  0.338193E-004  0.210000E+002  0.200000E+001  0.100000E+001  0.500000E+000  0.300000E+000  0.200000E+001  0.100000E+001  0.100000E+001  0.100000E+002
 -0.233983E+002  0.445686E+001  0.217000E+002 -0.200000E+002 -0.225939E-003  0.541391E-004  0.232334E-003 -0.323950E-004  0.426416E-005  0.326745E-004  0.210000E+002  0.200000E+001  0.100000E+001  0.500000E+000  0.300000E+000  0.200000E+001  0.100000E+001  0.100000E+001  0.100000E+002
 -0.230193E+002  0.452615E+001  0.221000E+002 -0.200000E+002 -0.222794E-003 -0.253716E-004  0.224234E-003 -0.308477E-004 -0.676002E-005  0.315797E-004  0.210000E+002  0.200000E+001  0.100000E+001  0.500000E+000  0.300000E+000  0.200000E+001  0.100000E+001  0.100000E+001  0.100000E+002
 -0.226517E+002  0.459564E+001  0.225000E+002 -0.200000E+002 -0.193808E-003 -0.966253E-004  0.216559E-003 -0.258293E-004 -0.162902E-004  0.305372E-004  0.210000E+002  0.200000E+001  0.100000E+001  0.500000E+000  0.300000E+000  0.200000E+001  0.100000E+001  0.100000E+001  0.100000E+002
 -0.222951E+002  0.466532E+001  0.229000E+002 -0.200000E+002 -0.143994E-003 -0.151898E-003  0.209302E-003 -0.181381E-004 -0.233275E-004  0.295493E-004  0.210000E+002  0.200000E+001  0.100000E+001  0.500000E+000  0.300000E+000  0.200000E+001  0.100000E+001  0.100000E+001  0.100000E+002
 -0.219489E+002  0.473516E+001  0.233000E+002 -0.200000E+002 -0.804348E-004 -0.185789E-003  0.202454E-003 -0.882280E-005 -0.272252E-004  0.286191E-004  0.210000E+002  0.200000E+001  0.100000E+001  0.500000E+000  0.300000E+000  0.200000E+001  0.100000E+001  0.100000E+001  0.100000E+002
 -0.216129E+002  0.480518E+001  0.237000E+002 -0.200000E+002 -0.113397E-004 -0.195671E-003  0.195999E-003  0.958621E-006 -0.277320E-004  0.277486E-004  0.210000E+002  0.200000E+001  0.100000E+001  0.500000E+000  0.300000E+000  0.200000E+001  0.100000E+001  0.100000E+001  0.100000E+002
 -0.212865E+002  0.487536E+001  0.241000E+002 -0.200000E+002  0.549342E-004 -0.181799E-003  0.189917E-003  0.100710E-004 -0.249826E-004  0.269361E-004  0.210000E+002  0.200000E+001  0.100000E+001  0.500000E+000  0.300000E+000  0.200000E+001  0.100000E+001  0.100000E+001  0.100000E+002
 -0.209694E+002  0.494569E+001  0.245000E+002 -0.200000E+002  0.110802E-003 -0.147119E-003  0.184177E-003  0.175096E-004 -0.194565E-004  0.261752E-004  0.210000E+002  0.200000E+001  0.100000E+001  0.500000E+000  0.300000E+000  0.200000E+001  0.100000E+001  0.100000E+001  0.100000E+002
 -0.206612E+002  0.501616E+001  0.249000E+002 -0.200000E+002  0.150249E-003 -0.968224E-004  0.178744E-003  0.224935E-004 -0.119216E-004  0.254575E-004  0.210000E+002  0.200000E+001  0.100000E+001  0.500000E+000  0.300000E+000  0.200000E+001  0.100000E+001  0.100000E+001  0.100000E+002
 -0.203616E+002  0.508678E+001  0.253000E+002 -0.200000E+002  0.169445E-003 -0.376771E-004  0.173583E-003  0.245487E-004 -0.335004E-005  0.247762E-004  0.210000E+002  0.200000E+001  0.100000E+001  0.500000E+000  0.300000E+000  0.200000E+001  0.100000E+001  0.100000E+001  0.100000E+002
 -0.200701E+002  0.515754E+001  0.257000E+002 -0.200000E+002  0.167116E-003  0.228068E-004  0.168666E-003  0.235592E-004  0.519876E-005  0.241260E-004  0.210000E+002  0.200000E+001  0.100000E+001  0.500000E+000  0.300000E+000  0.200000E+001  0.100000E+001  0.100000E+001  0.100000E+002
 -0.197866E+002  0.522842E+001  0.261000E+002 -0.200000E+002  0.144605E-003  0.772836E-004  0.163961E-003  0.197718E-004  0.127037E-004  0.235012E-004  0.210000E+002  0.200000E+001  0.100000E+001  0.500000E+000  0.300000E+000  0.200000E+001  0.100000E+001  0.100000E+001  0.100000E+002
 -0.195106E+002  0.529943E+001  0.265000E+002 -0.200000E+002  0.105624E-003  0.119440E-003  0.159444E-003  0.137603E-004  0.182983E-004  0.228949E-004  0.210000E+002  0.200000E+001  0.100000E+001  0.500000E+000  0.300000E+000  0.200000E+001  0.100000E+001  0.100000E+001  0.100000E+002
 -0.192420E+002  0.537056E+001  0.269000E+002 -0.200000E+002  0.557406E-004  0.144730E-003  0.155093E-003  0.635792E-005  0.213763E-004  0.223018E-004  0.210000E+002  0.200000E+001  0.100000E+001  0.500000E+000  0.300000E+000  0.200000E+001  0.100000E+001  0.100000E+001  0.100000E+002
 -0.189803E+002  0.544180E+001  0.273000E+002 -0.200000E+002  0.161621E-005  0.150891E-003  0.150900E-003 -0.145459E-005  0.216725E-004  0.217213E-004  0.210000E+002  0.200000E+001  0.100000E+001  0.500000E+000  0.300000E+000  0.200000E+001  0.100000E+001  0.100000E+001  0.100000E+002
 -0.187255E+002  0.551315E+001  0.277000E+002 -0.200000E+002 -0.498827E-004  0.138132E-003  0.146863E-003 -0.869077E-005  0.192891E-004  0.211565E-004  0.210000E+002  0.200000E+001  0.100000E+001  0.500000E+000  0.300000E+000  0.200000E+001  0.100000E+001  0.100000E+001  0.100000E+002
 -0.184772E+002  0.558461E+001  0.281000E+002 -0.200000E+002 -0.925596E-004  0.108983E-003  0.142985E-003 -0.144913E-004  0.146566E-004  0.206110E-004  0.210000E+002  0.200000E+001  0.100000E+001  0.500000E+000  0.300000E+000  0.200000E+001  0.100000E+001  0.100000E+001  0.100000E+002
 -0.182351E+002  0.565617E+001  0.285000E+002 -0.200000E+002 -0.121616E-003  0.678555E-004  0.139265E-003 -0.182190E-004  0.845627E-005  0.200858E-004  0.210000E+002  0.200000E+001  0.100000E+001  0.500000E+000  0.300000E+000  0.200000E+001  0.100000E+001  0.100000E+001  0.100000E+002
 -0.179991E+002  0.572783E+001  0.289000E+002 -0.200000E+002 -0.134163E-003  0.204041E-004  0.135706E-003 -0.195220E-004  0.152591E-005  0.195815E-004  0.210000E+002  0.200000E+001  0.100000E+001  0.500000E+000  0.300000E+000  0.200000E+001  0.100000E+001  0.100000E+001  0.100000E+002
 -0.177689E+002  0.579959E+001  0.293000E+002 -0.200000E+002 -0.129476E-003 -0.272293E-004  0.132309E-003 -0.183647E-004 -0.525101E-005  0.191006E-004  0.210000E+002  0.200000E+001  0.100000E+001  0.500000E+000  0.300000E+000  0.200000E+001  0.100000E+001  0.100000E+001  0.100000E+002
 -0.175444E+002  0.587144E+001  0.297000E+002 -0.200000E+002 -0.108964E-003 -0.691915E-004  0.129076E-003 -0.150119E-004 -0.110616E-004  0.186472E-004  0.210000E+002  0.200000E+001  0.100000E+001  0.500000E+000  0.300000E+000  0.200000E+001  0.100000E+001  0.100000E+001  0.100000E+002
 -0.173253E+002  0.594337E+001  0.301000E+002 -0.200000E+002 -0.758771E-004 -0.100598E-003  0.126005E-003 -0.996977E-005 -0.152535E-004  0.182227E-004  0.210000E+002  0.200000E+001  0.100000E+001  0.500000E+000  0.300000E+000  0.200000E+001  0.100000E+001  0.100000E+001  0.100000E+002
 -0.171114E+002  0.601539E+001  0.305000E+002 -0.200000E+002 -0.348356E-004 -0.118052E-003  0.123084E-003 -0.391424E-005 -0.173889E-004  0.178240E-004  0.210000E+002  0.200000E+001  0.100000E+001  0.500000E+000  0.300000E+000  0.200000E+001  0.100000E+001  0.100000E+001  0.100000E+002
 -0.169026E+002  0.608749E+001  0.309000E+002 -0.200000E+002  0.875613E-005 -0.119978E-003  0.120297E-003  0.238031E-005 -0.172825E-004  0.174457E-004  0.210000E+002  0.200000E+001  0.100000E+001  0.500000E+000  0.300000E+000  0.200000E+001  0.100000E+001  0.100000E+001  0.100000E+002
 -0.166987E+002  0.615967E+001  0.313000E+002 -0.200000E+002  0.493761E-004 -0.106763E-003  0.117628E-003  0.812866E-005 -0.150259E-004  0.170837E-004  0.210000E+002  0.200000E+001  0.100000E+001  0.500000E+000  0.300000E+000  0.200000E+001  0.100000E+001  0.100000E+001  0.100000E+002
 -0.164995E+002  0.623193E+001  0.317000E+002 -0.200000E+002  0.820651E-004 -0.806541E-004  0.115064E-003  0.126359E-004 -0.109749E-004  0.167366E-004  0.210000E+002  0.200000E+001  0.100000E+001  0.500000E+000  0.300000E+000  0.200000E+001  0.100000E+001  0.100000E+001  0.100000E+002
 -0.163049E+002  0.630426E+001  0.321000E+002 -0.200000E+002  0.103022E-003 -0.454263E-004  0.112593E-003  0.153821E-004 -0.569516E-005  0.164026E-004  0.210000E+002  0.200000E+001  0.100000E+001  0.500000E+000  0.300000E+000  0.200000E+001  0.100000E+001  0.100000E+001  0.100000E+002
 -0.161147E+002  0.637666E+001  0.325000E+002 -0.200000E+002  0.110042E-003 -0.587329E-005  0.110198E-003  0.160765E-004  0.110336E-006  0.160769E-004  0.210000E+002  0.200000E+001  0.100000E+001  0.500000E+000  0.300000E+000  0.200000E+001  0.100000E+001  0.100000E+001  0.100000E+002
 -0.159288E+002  0.644913E+001  0.329000E+002 -0.200000E+002  0.102756E-003  0.328133E-004  0.107868E-003  0.146936E-004  0.568298E-005  0.157543E-004  0.210000E+002  0.200000E+001  0.100000E+001  0.500000E+000  0.300000E+000  0.200000E+001  0.100000E+001  0.100000E+001  0.100000E+002
 -0.157470E+002  0.652166E+001  0.333000E+002 -0.200000E+002  0.826463E-004  0.657250E-004  0.105594E-003  0.114840E-004  0.103099E-004  0.154329E-004  0.210000E+002  0.200000E+001  0.100000E+001  0.500000E+000  0.300000E+000  0.200000E+001  0.100000E+001  0.100000E+001  0.100000E+002
 -0.155692E+002  0.659426E+001  0.337000E+002 -0.200000E+002  0.527962E-004  0.888814E-004  0.103380E-003  0.693506E-005  0.134306E-004  0.151155E-004  0.210000E+002  0.200000E+001  0.100000E+001  0.500000E+000  0.300000E+000  0.200000E+001  0.100000E+001  0.100000E+001  0.100000E+002
 -0.153953E+002  0.666693E+001  0.341000E+002 -0.200000E+002  0.174155E-004  0.997185E-004  0.101228E-003  0.168589E-005  0.147092E-004  0.148055E-004  0.210000E+002  0.200000E+001  0.100000E+001  0.500000E+000  0.300000E+000  0.200000E+001  0.100000E+001  0.100000E+001  0.100000E+002
 -0.152251E+002  0.673965E+001  0.345000E+002 -0.200000E+002 -0.187541E-004  0.973518E-004  0.991418E-004 -0.356660E-005  0.140587E-004  0.145041E-004  0.210000E+002  0.200000E+001  0.100000E+001  0.500000E+000  0.300000E+000  0.200000E+001  0.100000E+001  0.100000E+001  0.100000E+002
 -0.150586E+002  0.681243E+001  0.349000E+002 -0.200000E+002 -0.510633E-004  0.826159E-004  0.971228E-004 -0.815233E-005  0.116394E-004  0.142104E-004  0.210000E+002  0.200000E+001  0.100000E+001  0.500000E+000  0.300000E+000  0.200000E+001  0.100000E+001  0.100000E+001  0.100000E+002
 -0.148956E+002  0.688527E+001  0.353000E+002 -0.200000E+002 -0.755451E-004  0.578894E-004  0.951748E-004 -0.115131E-004  0.783361E-005  0.139254E-004  0.210000E+002  0.200000E+001  0.100000E+001  0.500000E+000  0.300000E+000  0.200000E+001  0.100000E+001  0.100000E+001  0.100000E+002
 -0.147360E+002  0.695816E+001  0.357000E+002 -0.200000E+002 -0.893965E-004  0.267206E-004  0.933045E-004 -0.132767E-004  0.318454E-005  0.136533E-004  0.210000E+002  0.200000E+001  0.100000E+001  0.500000E+000  0.300000E+000  0.200000E+001  0.100000E+001  0.100000E+001  0.100000E+002
 -0.145797E+002  0.703110E+001  0.361000E+002 -0.200000E+002 -0.912723E-004 -0.668243E-005  0.915166E-004 -0.132907E-004 -0.169127E-005  0.133979E-004  0.210000E+002  0.200000E+001  0.100000E+001  0.500000E+000  0.300000E+000  0.200000E+001  0.100000E+001  0.100000E+001  0.100000E+002
 -0.144266E+002  0.710410E+001  0.365000E+002 -0.200000E+002 -0.813740E-004 -0.379985E-004  0.898087E-004 -0.116172E-004 -0.618022E-005  0.131588E-004  0.210000E+002  0.200000E+001  0.100000E+001  0.500000E+000  0.300000E+000  0.200000E+001  0.100000E+001  0.100000E+001  0.100000E+002
 -0.142766E+002  0.717714E+001  0.369000E+002 -0.200000E+002 -0.613673E-004 -0.633122E-004  0.881725E-004 -0.851707E-005 -0.973132E-005  0.129321E-004  0.210000E+002  0.200000E+001  0.100000E+001  0.500000E+000  0.300000E+000  0.200000E+001  0.100000E+001  0.100000E+001  0.100000E+002
 -0.141297E+002  0.725024E+001  0.373000E+002 -0.200000E+002 -0.341454E-004 -0.795830E-004  0.865989E-004 -0.442501E-005 -0.119193E-004  0.127141E-004  0.210000E+002  0.200000E+001  0.100000E+001  0.500000E+000  0.300000E+000  0.200000E+001  0.100000E+001  0.100000E+001  0.100000E+002
 -0.139857E+002  0.732338E+001  0.377000E+002 -0.200000E+002 -0.343755E-005 -0.850124E-004  0.850819E-004  0.105680E-006 -0.125042E-004  0.125047E-004  0.210000E+002  0.200000E+001  0.100000E+001  0.500000E+000  0.300000E+000  0.200000E+001  0.100000E+001  0.100000E+001  0.100000E+002
 -0.138445E+002  0.739656E+001  0.381000E+002 -0.200000E+002  0.266905E-004 -0.792414E-004  0.836157E-004  0.448324E-005 -0.114584E-004  0.123042E-004  0.210000E+002  0.200000E+001  0.100000E+001  0.500000E+000  0.300000E+000  0.200000E+001  0.100000E+001  0.100000E+001  0.100000E+002
 -0.137062E+002  0.746979E+001  0.385000E+002 -0.200000E+002  0.523586E-004 -0.633560E-004  0.821912E-004  0.815038E-005 -0.895733E-005  0.121104E-004  0.210000E+002  0.200000E+001  0.100000E+001  0.500000E+000  0.300000E+000  0.200000E+001  0.100000E+001  0.100000E+001  0.100000E+002
 -0.135705E+002  0.754306E+001  0.389000E+002 -0.200000E+002  0.703577E-004 -0.397234E-004  0.807970E-004  0.106452E-004 -0.535911E-005  0.119180E-004  0.210000E+002  0.200000E+001  0.100000E+001  0.500000E+000  0.300000E+000  0.200000E+001  0.100000E+001  0.100000E+001  0.100000E+002
 -0.134374E+002  0.761638E+001  0.393000E+002 -0.200000E+002  0.785626E-004 -0.116722E-004  0.794249E-004  0.116651E-004 -0.116767E-005  0.117234E-004  0.210000E+002  0.200000E+001  0.100000E+001  0.500000E+000  0.300000E+000  0.200000E+001  0.100000E+001  0.100000E+001  0.100000E+002
 -0.133068E+002  0.768973E+001  0.397000E+002 -0.200000E+002  0.762068E-004  0.169750E-004  0.780745E-004  0.111195E-004  0.304032E-005  0.115276E-004  0.210000E+002  0.200000E+001  0.100000E+001  0.500000E+000  0.300000E+000  0.200000E+001  0.100000E+001  0.100000E+001  0.100000E+002
 -0.131787E+002  0.776312E+001  0.401000E+002 -0.200000E+002  0.639476E-004  0.424409E-004  0.767497E-004  0.913519E-005  0.670910E-005  0.113342E-004  0.210000E+002  0.200000E+001  0.100000E+001  0.500000E+000  0.300000E+000  0.200000E+001  0.100000E+001  0.100000E+001  0.100000E+002
 -0.130531E+002  0.783656E+001  0.405000E+002 -0.200000E+002  0.437200E-004  0.614962E-004  0.754534E-004  0.602126E-005  0.937818E-005  0.111448E-004  0.210000E+002  0.200000E+001  0.100000E+001  0.500000E+000  0.300000E+000  0.200000E+001  0.100000E+001  0.100000E+001  0.100000E+002
 -0.129297E+002  0.791002E+001  0.409000E+002 -0.200000E+002  0.184367E-004  0.718585E-004  0.741860E-004  0.222138E-005  0.107305E-004  0.109580E-004  0.210000E+002  0.200000E+001  0.100000E+001  0.500000E+000  0.300000E+000  0.200000E+001  0.100000E+001  0.100000E+001  0.100000E+002
 -0.128086E+002  0.798353E+001  0.413000E+002 -0.200000E+002 -0.842159E-005  0.724613E-004  0.729490E-004 -0.174099E-005  0.106313E-004  0.107729E-004  0.210000E+002  0.200000E+001  0.100000E+001  0.500000E+000  0.300000E+000  0.200000E+001  0.100000E+001  0.100000E+001  0.100000E+002
 -0.126898E+002  0.805707E+001  0.417000E+002 -0.200000E+002 -0.332902E-004  0.635582E-004  0.717487E-004 -0.533918E-005  0.914827E-005  0.105923E-004  0.210000E+002  0.200000E+001  0.100000E+001  0.500000E+000  0.300000E+000  0.200000E+001  0.100000E+001  0.100000E+001  0.100000E+002
 -0.125730E+002  0.813064E+001  0.421000E+002 -0.200000E+002 -0.529993E-004  0.466311E-004  0.705931E-004 -0.812314E-005  0.652805E-005  0.104212E-004  0.210000E+002  0.200000E+001  0.100000E+001  0.500000E+000  0.300000E+000  0.200000E+001  0.100000E+001  0.100000E+001  0.100000E+002
 -0.124584E+002  0.820425E+001  0.425000E+002 -0.200000E+002 -0.651591E-004  0.241358E-004  0.694856E-004 -0.976809E-005  0.314402E-005  0.102616E-004  0.210000E+002  0.200000E+001  0.100000E+001  0.500000E+000  0.300000E+000  0.200000E+001  0.100000E+001  0.100000E+001  0.100000E+002
 -0.123458E+002  0.827789E+001  0.429000E+002 -0.200000E+002 -0.684175E-004 -0.839751E-006  0.684227E-004 -0.100962E-004 -0.551566E-006  0.101113E-004  0.210000E+002  0.200000E+001  0.100000E+001  0.500000E+000  0.300000E+000  0.200000E+001  0.100000E+001  0.100000E+001  0.100000E+002
 -0.122352E+002  0.835156E+001  0.433000E+002 -0.200000E+002 -0.626022E-004 -0.249704E-004  0.673985E-004 -0.909632E-005 -0.407293E-005  0.996654E-005  0.210000E+002  0.200000E+001  0.100000E+001  0.500000E+000  0.300000E+000  0.200000E+001  0.100000E+001  0.100000E+001  0.100000E+002
 -0.121266E+002  0.842526E+001  0.437000E+002 -0.200000E+002 -0.487244E-004 -0.451237E-004  0.664095E-004 -0.693301E-005 -0.696416E-005  0.982681E-005  0.210000E+002  0.200000E+001  0.100000E+001  0.500000E+000  0.300000E+000  0.200000E+001  0.100000E+001  0.100000E+001  0.100000E+002
 -0.120198E+002  0.849899E+001  0.441000E+002 -0.200000E+002 -0.288202E-004 -0.587678E-004  0.654542E-004 -0.391939E-005 -0.886625E-005  0.969392E-005  0.210000E+002  0.200000E+001  0.100000E+001  0.500000E+000  0.300000E+000  0.200000E+001  0.100000E+001  0.100000E+001  0.100000E+002
 -0.119149E+002  0.857275E+001  0.445000E+002 -0.200000E+002 -0.565672E-005 -0.642802E-004  0.645286E-004 -0.465543E-006 -0.955657E-005  0.956791E-005  0.210000E+002  0.200000E+001  0.100000E+001  0.500000E+000  0.300000E+000  0.200000E+001  0.100000E+001  0.100000E+001  0.100000E+002
 -0.118117E+002  0.864654E+001  0.449000E+002 -0.200000E+002  0.176319E-004 -0.611316E-004  0.636235E-004  0.296906E-005 -0.896599E-005  0.944481E-005  0.210000E+002  0.200000E+001  0.100000E+001  0.500000E+000  0.300000E+000  0.200000E+001  0.100000E+001  0.100000E+001  0.100000E+002
 -0.117103E+002  0.872035E+001  0.453000E+002 -0.200000E+002  0.379496E-004 -0.499484E-004  0.627297E-004  0.592485E-005 -0.719398E-005  0.931972E-005  0.210000E+002  0.200000E+001  0.100000E+001  0.500000E+000  0.300000E+000  0.200000E+001  0.100000E+001  0.100000E+001  0.100000E+002
 -0.116106E+002  0.879419E+001  0.457000E+002 -0.200000E+002  0.526605E-004 -0.324264E-004  0.618433E-004  0.801073E-005 -0.450672E-005  0.919142E-005  0.210000E+002  0.200000E+001  0.100000E+001  0.500000E+000  0.300000E+000  0.200000E+001  0.100000E+001  0.100000E+001  0.100000E+002
 -0.115126E+002  0.886806E+001  0.461000E+002 -0.200000E+002  0.599521E-004 -0.110760E-004  0.609666E-004  0.896996E-005 -0.129324E-005  0.906271E-005  0.210000E+002  0.200000E+001  0.100000E+001  0.500000E+000  0.300000E+000  0.200000E+001  0.100000E+001  0.100000E+001  0.100000E+002
 -0.114161E+002  0.894196E+001  0.465000E+002 -0.200000E+002  0.590588E-004  0.111518E-004  0.601025E-004  0.870877E-005  0.200296E-005  0.893614E-005  0.210000E+002  0.200000E+001  0.100000E+001  0.500000E+000  0.300000E+000  0.200000E+001  0.100000E+001  0.100000E+001  0.100000E+002
 -0.113213E+002  0.901587E+001  0.469000E+002 -0.200000E+002  0.503258E-004  0.312723E-004  0.592507E-004  0.729422E-005  0.494212E-005  0.881080E-005  0.210000E+002  0.200000E+001  0.100000E+001  0.500000E+000  0.300000E+000  0.200000E+001  0.100000E+001  0.100000E+001  0.100000E+002
 -0.112280E+002  0.908982E+001  0.473000E+002 -0.200000E+002  0.351359E-004  0.466607E-004  0.584102E-004  0.494534E-005  0.713863E-005  0.868426E-005  0.210000E+002  0.200000E+001  0.100000E+001  0.500000E+000  0.300000E+000  0.200000E+001  0.100000E+001  0.100000E+001  0.100000E+002
 -0.111362E+002  0.916378E+001  0.477000E+002 -0.200000E+002  0.157014E-004  0.554021E-004  0.575841E-004  0.200769E-005  0.831821E-005  0.855707E-005  0.210000E+002  0.200000E+001  0.100000E+001  0.500000E+000  0.300000E+000  0.200000E+001  0.100000E+001  0.100000E+001  0.100000E+002
 -0.110459E+002  0.923777E+001  0.481000E+002 -0.200000E+002 -0.526943E-005  0.565351E-004  0.567802E-004 -0.110587E-005  0.836079E-005  0.843361E-005  0.210000E+002  0.200000E+001  0.100000E+001  0.500000E+000  0.300000E+000  0.200000E+001  0.100000E+001  0.100000E+001  0.100000E+002
 -0.109570E+002  0.931179E+001  0.485000E+002 -0.200000E+002 -0.249621E-004  0.501348E-004  0.560054E-004 -0.398397E-005  0.730187E-005  0.831802E-005  0.210000E+002  0.200000E+001  0.100000E+001  0.500000E+000  0.300000E+000  0.200000E+001  0.100000E+001  0.100000E+001  0.100000E+002
 -0.108695E+002  0.938582E+001  0.489000E+002 -0.200000E+002 -0.408177E-004  0.372512E-004  0.552606E-004 -0.626246E-005  0.530920E-005  0.821012E-005  0.210000E+002  0.200000E+001  0.100000E+001  0.500000E+000  0.300000E+000  0.200000E+001  0.100000E+001  0.100000E+001  0.100000E+002
 -0.107834E+002  0.945988E+001  0.493000E+002 -0.200000E+002 -0.508406E-004  0.197501E-004  0.545420E-004 -0.765675E-005  0.266300E-005  0.810663E-005  0.210000E+002  0.200000E+001  0.100000E+001  0.500000E+000  0.300000E+000  0.200000E+001  0.100000E+001  0.100000E+001  0.100000E+002
 -0.106986E+002  0.953396E+001  0.497000E+002 -0.200000E+002 -0.538468E-004  0.629731E-007  0.538468E-004 -0.800124E-005 -0.271501E-006  0.800585E-005  0.210000E+002  0.200000E+001  0.100000E+001  0.500000E+000  0.300000E+000  0.200000E+001  0.100000E+001  0.100000E+001  0.100000E+002
 -0.106151E+002  0.960805E+001  0.501000E+002 -0.200000E+002 -0.496090E-004 -0.191471E-004  0.531758E-004 -0.727748E-005 -0.309853E-005  0.790965E-005  0.210000E+002  0.200000E+001  0.100000E+001  0.500000E+000  0.300000E+000  0.200000E+001  0.100000E+001  0.100000E+001  0.100000E+002
 -0.105330E+002  0.968217E+001  0.505000E+002 -0.200000E+002 -0.388581E-004 -0.353461E-004  0.525290E-004 -0.560655E-005 -0.545178E-005  0.782019E-005  0.210000E+002  0.200000E+001  0.100000E+001  0.500000E+000  0.300000E+000  0.200000E+001  0.100000E+001  0.100000E+001  0.100000E+002
 -0.104520E+002  0.975631E+001  0.509000E+002 -0.200000E+002 -0.231610E-004 -0.464469E-004  0.519013E-004 -0.322277E-005 -0.703250E-005  0.773578E-005  0.210000E+002  0.200000E+001  0.100000E+001  0.500000E+000  0.300000E+000  0.200000E+001  0.100000E+001  0.100000E+001  0.100000E+002
 -0.103723E+002  0.983047E+001  0.513000E+002 -0.200000E+002 -0.471510E-005 -0.510664E-004  0.512837E-004 -0.451826E-006 -0.763816E-005  0.765151E-005  0.210000E+002  0.200000E+001  0.100000E+001  0.500000E+000  0.300000E+000  0.200000E+001  0.100000E+001  0.100000E+001  0.100000E+002
 -0.102938E+002  0.990464E+001  0.517000E+002 -0.200000E+002  0.139397E-004 -0.487144E-004  0.506695E-004  0.232209E-005 -0.719879E-005  0.756404E-005  0.210000E+002  0.200000E+001  0.100000E+001  0.500000E+000  0.300000E+000  0.200000E+001  0.100000E+001  0.100000E+001  0.100000E+002
 -0.102164E+002  0.997883E+001  0.521000E+002 -0.200000E+002  0.302797E-004 -0.398622E-004  0.500585E-004  0.471801E-005 -0.579732E-005  0.747452E-005  0.210000E+002  0.200000E+001  0.100000E+001  0.500000E+000  0.300000E+000  0.200000E+001  0.100000E+001  0.100000E+001  0.100000E+002
 -0.101402E+002  0.100530E+002  0.525000E+002 -0.200000E+002  0.421559E-004 -0.258552E-004  0.494532E-004  0.642191E-005 -0.364863E-005  0.738603E-005  0.210000E+002  0.200000E+001  0.100000E+001  0.500000E+000  0.300000E+000  0.200000E+001  0.100000E+001  0.100000E+001  0.100000E+002
 -0.100651E+002  0.101273E+002  0.529000E+002 -0.200000E+002  0.480727E-004 -0.870029E-005  0.488537E-004  0.722190E-005 -0.105770E-005  0.729894E-005  0.210000E+002  0.200000E+001  0.100000E+001  0.500000E+000  0.300000E+000  0.200000E+001  0.100000E+001  0.100000E+001  0.100000E+002
 -0.999108E+001  0.102015E+002  0.533000E+002 -0.200000E+002  0.473692E-004  0.921498E-005  0.482572E-004  0.702685E-005  0.161671E-005  0.721044E-005  0.210000E+002  0.200000E+001  0.100000E+001  0.500000E+000  0.300000E+000  0.200000E+001  0.100000E+001  0.100000E+001  0.100000E+002
 -0.991814E+001  0.102758E+002  0.537000E+002 -0.200000E+002  0.403002E-004  0.254492E-004  0.476631E-004  0.588511E-005  0.400512E-005  0.711867E-005  0.210000E+002  0.200000E+001  0.100000E+001  0.500000E+000  0.300000E+000  0.200000E+001  0.100000E+001  0.100000E+001  0.100000E+002
 -0.984625E+001  0.103501E+002  0.541000E+002 -0.200000E+002  0.279856E-004  0.378549E-004  0.470764E-004  0.398197E-005  0.578883E-005  0.702614E-005  0.210000E+002  0.200000E+001  0.100000E+001  0.500000E+000  0.300000E+000  0.200000E+001  0.100000E+001  0.100000E+001  0.100000E+002
 -0.977538E+001  0.104244E+002  0.545000E+002 -0.200000E+002  0.122188E-004  0.448713E-004  0.465052E-004  0.159888E-005  0.675093E-005  0.693768E-005  0.210000E+002  0.200000E+001  0.100000E+001  0.500000E+000  0.300000E+000  0.200000E+001  0.100000E+001  0.100000E+001  0.100000E+002
 -0.970552E+001  0.104987E+002  0.549000E+002 -0.200000E+002 -0.480777E-005  0.457016E-004  0.459538E-004 -0.938038E-006  0.679099E-005  0.685547E-005  0.210000E+002  0.200000E+001  0.100000E+001  0.500000E+000  0.300000E+000  0.200000E+001  0.100000E+001  0.100000E+001  0.100000E+002
 -0.963664E+001  0.105730E+002  0.553000E+002 -0.200000E+002 -0.207939E-004  0.403814E-004  0.454208E-004 -0.329289E-005  0.592366E-005  0.677737E-005  0.210000E+002  0.200000E+001  0.100000E+001  0.500000E+000  0.300000E+000  0.200000E+001  0.100000E+001  0.100000E+001  0.100000E+002
 -0.956872E+001  0.106473E+002  0.557000E+002 -0.200000E+002 -0.336251E-004  0.297604E-004  0.449035E-004 -0.515416E-005  0.428177E-005  0.670066E-005  0.210000E+002  0.200000E+001  0.100000E+001  0.500000E+000  0.300000E+000  0.200000E+001  0.100000E+001  0.100000E+001  0.100000E+002
 -0.950174E+001  0.107217E+002  0.561000E+002 -0.200000E+002 -0.416542E-004  0.153800E-004  0.444029E-004 -0.628300E-005  0.210443E-005  0.662606E-005  0.210000E+002  0.200000E+001  0.100000E+001  0.500000E+000  0.300000E+000  0.200000E+001  0.100000E+001  0.100000E+001  0.100000E+002
 -0.943568E+001  0.107961E+002  0.565000E+002 -0.200000E+002 -0.439152E-004 -0.754876E-006  0.439217E-004 -0.654970E-005 -0.305746E-006  0.655683E-005  0.210000E+002  0.200000E+001  0.100000E+001  0.500000E+000  0.300000E+000  0.200000E+001  0.100000E+001  0.100000E+001  0.100000E+002
 -0.937053E+001  0.108705E+002  0.569000E+002 -0.200000E+002 -0.402238E-004 -0.164554E-004  0.434596E-004 -0.593764E-005 -0.262986E-005  0.649398E-005  0.210000E+002  0.200000E+001  0.100000E+001  0.500000E+000  0.300000E+000  0.200000E+001  0.100000E+001  0.100000E+001  0.100000E+002
 -0.930627E+001  0.109449E+002  0.573000E+002 -0.200000E+002 -0.311804E-004 -0.296248E-004  0.430099E-004 -0.453670E-005 -0.456239E-005  0.643405E-005  0.210000E+002  0.200000E+001  0.100000E+001  0.500000E+000  0.300000E+000  0.200000E+001  0.100000E+001  0.100000E+001  0.100000E+002
 -0.924287E+001  0.110193E+002  0.577000E+002 -0.200000E+002 -0.180972E-004 -0.385259E-004  0.425647E-004 -0.254299E-005 -0.584305E-005  0.637244E-005  0.210000E+002  0.200000E+001  0.100000E+001  0.500000E+000  0.300000E+000  0.200000E+001  0.100000E+001  0.100000E+001  0.100000E+002
 -0.918032E+001  0.110937E+002  0.581000E+002 -0.200000E+002 -0.282489E-005 -0.420260E-004  0.421208E-004 -0.241057E-006 -0.630351E-005  0.630812E-005  0.210000E+002  0.200000E+001  0.100000E+001  0.500000E+000  0.300000E+000  0.200000E+001  0.100000E+001  0.100000E+001  0.100000E+002
 -0.911861E+001  0.111681E+002  0.585000E+002 -0.200000E+002  0.125175E-004 -0.397558E-004  0.416798E-004  0.204634E-005 -0.589887E-005  0.624373E-005  0.210000E+002  0.200000E+001  0.100000E+001  0.500000E+000  0.300000E+000  0.200000E+001  0.100000E+001  0.100000E+001  0.100000E+002
 -0.905771E+001  0.112426E+002  0.589000E+002 -0.200000E+002  0.258471E-004 -0.321388E-004  0.412429E-004  0.401138E-005 -0.470281E-005  0.618123E-005  0.210000E+002  0.200000E+001  0.100000E+001  0.500000E+000  0.300000E+000  0.200000E+001  0.100000E+001  0.100000E+001  0.100000E+002
 -0.899762E+001  0.113170E+002  0.593000E+002 -0.200000E+002  0.353921E-004 -0.203132E-004  0.408072E-004  0.539371E-005 -0.288895E-005  0.611867E-005  0.210000E+002  0.200000E+001  0.100000E+001  0.500000E+000  0.300000E+000  0.200000E+001  0.100000E+001  0.100000E+001  0.100000E+002
 -0.893831E+001  0.113915E+002  0.597000E+002 -0.200000E+002  0.399243E-004 -0.597470E-005  0.403689E-004  0.601010E-005 -0.716056E-006  0.605261E-005  0.210000E+002  0.200000E+001  0.100000E+001  0.500000E+000  0.300000E+000  0.200000E+001  0.100000E+001  0.100000E+001  0.100000E+002
 -0.887977E+001  0.114660E+002  0.601000E+002 -0.200000E+002  0.389330E-004  0.886273E-005  0.399290E-004  0.579068E-005  0.150412E-005  0.598284E-005  0.210000E+002  0.200000E+001  0.100000E+001  0.500000E+000  0.300000E+000  0.200000E+001  0.100000E+001  0.100000E+001  0.100000E+002
 -0.882199E+001  0.115405E+002  0.605000E+002 -0.200000E+002  0.326854E-004  0.221687E-004  0.394941E-004  0.479215E-005  0.346454E-005  0.591336E-005  0.210000E+002  0.200000E+001  0.100000E+001  0.500000E+000  0.300000E+000  0.200000E+001  0.100000E+001  0.100000E+001  0.100000E+002
 -0.876495E+001  0.116150E+002  0.609000E+002 -0.200000E+002  0.221526E-004  0.321834E-004  0.390706E-004  0.317321E-005  0.491233E-005  0.584810E-005  0.210000E+002  0.200000E+001  0.100000E+001  0.500000E+000  0.300000E+000  0.200000E+001  0.100000E+001  0.100000E+001  0.100000E+002
 -0.870863E+001  0.116895E+002  0.613000E+002 -0.200000E+002  0.884813E-005  0.376336E-004  0.386597E-004  0.116188E-005  0.566907E-005  0.578691E-005  0.210000E+002  0.200000E+001  0.100000E+001  0.500000E+000  0.300000E+000  0.200000E+001  0.100000E+001  0.100000E+001  0.100000E+002
 -0.865303E+001  0.117641E+002  0.617000E+002 -0.200000E+002 -0.537697E-005  0.378796E-004  0.382593E-004 -0.965868E-006  0.564474E-005  0.572678E-005  0.210000E+002  0.200000E+001  0.100000E+001  0.500000E+000  0.300000E+000  0.200000E+001  0.100000E+001  0.100000E+001  0.100000E+002
 -0.859813E+001  0.118386E+002  0.621000E+002 -0.200000E+002 -0.185819E-004  0.329964E-004  0.378689E-004 -0.291762E-005  0.485783E-005  0.566665E-005  0.210000E+002  0.200000E+001  0.100000E+001  0.500000E+000  0.300000E+000  0.200000E+001  0.100000E+001  0.100000E+001  0.100000E+002
 -0.854392E+001  0.119132E+002  0.625000E+002 -0.200000E+002 -0.290087E-004  0.237522E-004  0.374922E-004 -0.443452E-005  0.343514E-005  0.560938E-005  0.210000E+002  0.200000E+001  0.100000E+001  0.500000E+000  0.300000E+000  0.200000E+001  0.100000E+001  0.100000E+001  0.100000E+002
 -0.849038E+001  0.119877E+002  0.629000E+002 -0.200000E+002 -0.353147E-004  0.114764E-004  0.371327E-004 -0.532872E-005  0.158053E-005  0.555817E-005  0.210000E+002  0.200000E+001  0.100000E+001  0.500000E+000  0.300000E+000  0.200000E+001  0.100000E+001  0.100000E+001  0.100000E+002
 -0.843750E+001  0.120623E+002  0.633000E+002 -0.200000E+002 -0.367262E-004 -0.213025E-005  0.367879E-004 -0.549315E-005 -0.457630E-006  0.551217E-005  0.210000E+002  0.200000E+001  0.100000E+001  0.500000E+000  0.300000E+000  0.200000E+001  0.100000E+001  0.100000E+001  0.100000E+002
 -0.838528E+001  0.121369E+002  0.637000E+002 -0.200000E+002 -0.331261E-004 -0.152095E-004  0.364509E-004 -0.490936E-005 -0.240539E-005  0.546697E-005  0.210000E+002  0.200000E+001  0.100000E+001  0.500000E+000  0.300000E+000  0.200000E+001  0.100000E+001  0.100000E+001  0.100000E+002
 -0.833369E+001  0.122115E+002  0.641000E+002 -0.200000E+002 -0.250799E-004 -0.259879E-004  0.361161E-004 -0.366323E-005 -0.399388E-005  0.541944E-005  0.210000E+002  0.200000E+001  0.100000E+001  0.500000E+000  0.300000E+000  0.200000E+001  0.100000E+001  0.100000E+001  0.100000E+002
 -0.828272E+001  0.122861E+002  0.645000E+002 -0.200000E+002 -0.137607E-004 -0.330315E-004  0.357832E-004 -0.193901E-005 -0.500855E-005  0.537078E-005  0.210000E+002  0.200000E+001  0.100000E+001  0.500000E+000  0.300000E+000  0.200000E+001  0.100000E+001  0.100000E+001  0.100000E+002
 -0.823238E+001  0.123607E+002  0.649000E+002 -0.200000E+002 -0.769328E-006 -0.354460E-004  0.354543E-004  0.184781E-007 -0.532388E-005  0.532391E-005  0.210000E+002  0.200000E+001  0.100000E+001  0.500000E+000  0.300000E+000  0.200000E+001  0.100000E+001  0.100000E+001  0.100000E+002
 -0.818263E+001  0.124354E+002  0.653000E+002 -0.200000E+002  0.120959E-004 -0.329799E-004  0.351281E-004  0.194261E-005 -0.490833E-005  0.527877E-005  0.210000E+002  0.200000E+001  0.100000E+001  0.500000E+000  0.300000E+000  0.200000E+001  0.100000E+001  0.100000E+001  0.100000E+002
 -0.813348E+001  0.125100E+002  0.657000E+002 -0.200000E+002  0.230758E-004 -0.260484E-004  0.347996E-004  0.356999E-005 -0.382451E-005  0.523179E-005  0.210000E+002  0.200000E+001  0.100000E+001  0.500000E+000  0.300000E+000  0.200000E+001  0.100000E+001  0.100000E+001  0.100000E+002
 -0.808492E+001  0.125846E+002  0.661000E+002 -0.200000E+002  0.306912E-004 -0.156822E-004  0.344657E-004  0.467447E-005 -0.223249E-005  0.518023E-005  0.210000E+002  0.200000E+001  0.100000E+001  0.500000E+000  0.300000E+000  0.200000E+001  0.100000E+001  0.100000E+001  0.100000E+002
 -0.803692E+001  0.126593E+002  0.665000E+002 -0.200000E+002  0.339617E-004 -0.337659E-005  0.341292E-004  0.511251E-005 -0.368925E-006  0.512580E-005  0.210000E+002  0.200000E+001  0.100000E+001  0.500000E+000  0.300000E+000  0.200000E+001  0.100000E+001  0.100000E+001  0.100000E+002
 -0.798949E+001  0.127340E+002  0.669000E+002 -0.200000E+002  0.325364E-004  0.914380E-005  0.337968E-004  0.484539E-005  0.150230E-005  0.507294E-005  0.210000E+002  0.200000E+001  0.100000E+001  0.500000E+000  0.300000E+000  0.200000E+001  0.100000E+001  0.100000E+001  0.100000E+002
 -0.794261E+001  0.128086E+002  0.673000E+002 -0.200000E+002  0.267093E-004  0.201746E-004  0.334724E-004  0.392793E-005  0.313193E-005  0.502370E-005  0.210000E+002  0.200000E+001  0.100000E+001  0.500000E+000  0.300000E+000  0.200000E+001  0.100000E+001  0.100000E+001  0.100000E+002
 -0.789628E+001  0.128833E+002  0.677000E+002 -0.200000E+002  0.173570E-004  0.282484E-004  0.331547E-004  0.249365E-005  0.430608E-005  0.497600E-005  0.210000E+002  0.200000E+001  0.100000E+001  0.500000E+000  0.300000E+000  0.200000E+001  0.100000E+001  0.100000E+001  0.100000E+002
 -0.785048E+001  0.129580E+002  0.681000E+002 -0.200000E+002  0.581920E-005  0.323223E-004  0.328420E-004  0.746809E-006  0.487031E-005  0.492723E-005  0.210000E+002  0.200000E+001  0.100000E+001  0.500000E+000  0.300000E+000  0.200000E+001  0.100000E+001  0.100000E+001  0.100000E+002
 -0.780520E+001  0.130327E+002  0.685000E+002 -0.200000E+002 -0.629043E-005  0.319228E-004  0.325367E-004 -0.106437E-005  0.476095E-005  0.487847E-005  0.210000E+002  0.200000E+001  0.100000E+001  0.500000E+000  0.300000E+000  0.200000E+001  0.100000E+001  0.100000E+001  0.100000E+002
 -0.776044E+001  0.131074E+002  0.689000E+002 -0.200000E+002 -0.173219E-004  0.271961E-004  0.322440E-004 -0.269474E-005  0.401287E-005  0.483372E-005  0.210000E+002  0.200000E+001  0.100000E+001  0.500000E+000  0.300000E+000  0.200000E+001  0.100000E+001  0.100000E+001  0.100000E+002
 -0.771619E+001  0.131821E+002  0.693000E+002 -0.200000E+002 -0.258105E-004  0.188589E-004  0.319663E-004 -0.393595E-005  0.273859E-005  0.479496E-005  0.210000E+002  0.200000E+001  0.100000E+001  0.500000E+000  0.300000E+000  0.200000E+001  0.100000E+001  0.100000E+001  0.100000E+002
 -0.767244E+001  0.132568E+002  0.697000E+002 -0.200000E+002 -0.306495E-004  0.809074E-005  0.316994E-004 -0.462827E-005  0.111022E-005  0.475957E-005  0.210000E+002  0.200000E+001  0.100000E+001  0.500000E+000  0.300000E+000  0.200000E+001  0.100000E+001  0.100000E+001  0.100000E+002
 -0.762918E+001  0.133315E+002  0.701000E+002 -0.200000E+002 -0.312290E-004 -0.361096E-005  0.314371E-004 -0.467852E-005 -0.649098E-006  0.472334E-005  0.210000E+002  0.200000E+001  0.100000E+001  0.500000E+000  0.300000E+000  0.200000E+001  0.100000E+001  0.100000E+001  0.100000E+002
 -0.758639E+001  0.134063E+002  0.705000E+002 -0.200000E+002 -0.275305E-004 -0.146311E-004  0.311768E-004 -0.408623E-005 -0.229234E-005  0.468530E-005  0.210000E+002  0.200000E+001  0.100000E+001  0.500000E+000  0.300000E+000  0.200000E+001  0.100000E+001  0.100000E+001  0.100000E+002
 -0.754409E+001  0.134810E+002  0.709000E+002 -0.200000E+002 -0.201273E-004 -0.234726E-004  0.309204E-004 -0.294585E-005 -0.359548E-005  0.464817E-005  0.210000E+002  0.200000E+001  0.100000E+001  0.500000E+000  0.300000E+000  0.200000E+001  0.100000E+001  0.100000E+001  0.100000E+002
 -0.750225E+001  0.135558E+002  0.713000E+002 -0.200000E+002 -0.100871E-004 -0.289625E-004  0.306688E-004 -0.142063E-005 -0.438975E-005  0.461390E-005  0.210000E+002  0.200000E+001  0.100000E+001  0.500000E+000  0.300000E+000  0.200000E+001  0.100000E+001  0.100000E+001  0.100000E+002
 -0.746087E+001  0.136305E+002  0.717000E+002 -0.200000E+002  0.118055E-005 -0.303953E-004  0.304182E-004  0.280905E-006 -0.457173E-005  0.458035E-005  0.210000E+002  0.200000E+001  0.100000E+001  0.500000E+000  0.300000E+000  0.200000E+001  0.100000E+001  0.100000E+001  0.100000E+002
 -0.741994E+001  0.137053E+002  0.721000E+002 -0.200000E+002  0.121057E-004 -0.276269E-004  0.301628E-004  0.192066E-005 -0.411748E-005  0.454341E-005  0.210000E+002  0.200000E+001  0.100000E+001  0.500000E+000  0.300000E+000  0.200000E+001  0.100000E+001  0.100000E+001  0.100000E+002
 -0.737945E+001  0.137801E+002  0.725000E+002 -0.200000E+002  0.211800E-004 -0.211067E-004  0.299013E-004  0.326491E-005 -0.309970E-005  0.450198E-005  0.210000E+002  0.200000E+001  0.100000E+001  0.500000E+000  0.300000E+000  0.200000E+001  0.100000E+001  0.100000E+001  0.100000E+002
 -0.733941E+001  0.138548E+002  0.729000E+002 -0.200000E+002  0.271851E-004 -0.118060E-004  0.296380E-004  0.413211E-005 -0.167653E-005  0.445927E-005  0.210000E+002  0.200000E+001  0.100000E+001  0.500000E+000  0.300000E+000  0.200000E+001  0.100000E+001  0.100000E+001  0.100000E+002
 -0.729979E+001  0.139296E+002  0.733000E+002 -0.200000E+002  0.293594E-004 -0.105475E-005  0.293784E-004  0.441863E-005 -0.530036E-007  0.441894E-005  0.210000E+002  0.200000E+001  0.100000E+001  0.500000E+000  0.300000E+000  0.200000E+001  0.100000E+001  0.100000E+001  0.100000E+002
 -0.726059E+001  0.140044E+002  0.737000E+002 -0.200000E+002  0.274770E-004  0.965279E-005  0.291232E-004  0.409748E-005  0.154996E-005  0.438083E-005  0.210000E+002  0.200000E+001  0.100000E+001  0.500000E+000  0.300000E+000  0.200000E+001  0.100000E+001  0.100000E+001  0.100000E+002
 -0.722181E+001  0.140792E+002  0.741000E+002 -0.200000E+002  0.218647E-004  0.188522E-004  0.288699E-004  0.321926E-005  0.291343E-005  0.434186E-005  0.210000E+002  0.200000E+001  0.100000E+001  0.500000E+000  0.300000E+000  0.200000E+001  0.100000E+001  0.100000E+001  0.100000E+002
 -0.718345E+001  0.141540E+002  0.745000E+002 -0.200000E+002  0.133601E-004  0.253086E-004  0.286185E-004  0.191591E-005  0.385051E-005  0.430083E-005  0.210000E+002  0.200000E+001  0.100000E+001  0.500000E+000  0.300000E+000  0.200000E+001  0.100000E+001  0.100000E+001  0.100000E+002
 -0.714548E+001  0.142288E+002  0.749000E+002 -0.200000E+002  0.318278E-005  0.281945E-004  0.283736E-004  0.379527E-006  0.424381E-005  0.426074E-005  0.210000E+002  0.200000E+001  0.100000E+001  0.500000E+000  0.300000E+000  0.200000E+001  0.100000E+001  0.100000E+001  0.100000E+002
 -0.710791E+001  0.143036E+002  0.753000E+002 -0.200000E+002 -0.725504E-005  0.271893E-004  0.281406E-004 -0.117879E-005  0.405777E-005  0.422552E-005  0.210000E+002  0.200000E+001  0.100000E+001  0.500000E+000  0.300000E+000  0.200000E+001  0.100000E+001  0.100000E+001  0.100000E+002
 -0.707073E+001  0.143785E+002  0.757000E+002 -0.200000E+002 -0.165398E-004  0.224933E-004  0.279198E-004 -0.255592E-005  0.332684E-005  0.419531E-005  0.210000E+002  0.200000E+001  0.100000E+001  0.500000E+000  0.300000E+000  0.200000E+001  0.100000E+001  0.100000E+001  0.100000E+002
 -0.703394E+001  0.144533E+002  0.761000E+002 -0.200000E+002 -0.234266E-004  0.147928E-004  0.277062E-004 -0.356845E-005  0.215058E-005  0.416639E-005  0.210000E+002  0.200000E+001  0.100000E+001  0.500000E+000  0.300000E+000  0.200000E+001  0.100000E+001  0.100000E+001  0.100000E+002
 -0.699753E+001  0.145281E+002  0.765000E+002 -0.200000E+002 -0.270031E-004  0.517966E-005  0.274954E-004 -0.407720E-005  0.694129E-006  0.413586E-005  0.210000E+002  0.200000E+001  0.100000E+001  0.500000E+000  0.300000E+000  0.200000E+001  0.100000E+001  0.100000E+001  0.100000E+002
 -0.696149E+001  0.146030E+002  0.769000E+002 -0.200000E+002 -0.268260E-004 -0.500012E-005  0.272880E-004 -0.401913E-005 -0.834889E-006  0.410493E-005  0.210000E+002  0.200000E+001  0.100000E+001  0.500000E+000  0.300000E+000  0.200000E+001  0.100000E+001  0.100000E+001  0.100000E+002
 -0.692582E+001  0.146778E+002  0.773000E+002 -0.200000E+002 -0.229752E-004 -0.143463E-004  0.270865E-004 -0.341425E-005 -0.222766E-005  0.407672E-005  0.210000E+002  0.200000E+001  0.100000E+001  0.500000E+000  0.300000E+000  0.200000E+001  0.100000E+001  0.100000E+001  0.100000E+002
 -0.689051E+001  0.147527E+002  0.777000E+002 -0.200000E+002 -0.160243E-004 -0.215934E-004  0.268897E-004 -0.234970E-005 -0.330047E-005  0.405144E-005  0.210000E+002  0.200000E+001  0.100000E+001  0.500000E+000  0.300000E+000  0.200000E+001  0.100000E+001  0.100000E+001  0.100000E+002
 -0.685555E+001  0.148275E+002  0.781000E+002 -0.200000E+002 -0.696241E-005 -0.257679E-004  0.266920E-004 -0.970563E-006 -0.390665E-005  0.402541E-005  0.210000E+002  0.200000E+001  0.100000E+001  0.500000E+000  0.300000E+000  0.200000E+001  0.100000E+001  0.100000E+001  0.100000E+002
 -0.682095E+001  0.149024E+002  0.785000E+002 -0.200000E+002  0.292901E-005 -0.263260E-004  0.264884E-004  0.526578E-006 -0.396031E-005  0.399516E-005  0.210000E+002  0.200000E+001  0.100000E+001  0.500000E+000  0.300000E+000  0.200000E+001  0.100000E+001  0.100000E+001  0.100000E+002
 -0.678669E+001  0.149772E+002  0.789000E+002 -0.200000E+002  0.122620E-004 -0.232437E-004  0.262798E-004  0.192472E-005 -0.346252E-005  0.396152E-005  0.210000E+002  0.200000E+001  0.100000E+001  0.500000E+000  0.300000E+000  0.200000E+001  0.100000E+001  0.100000E+001  0.100000E+002
 -0.675278E+001  0.150521E+002  0.793000E+002 -0.200000E+002  0.197561E-004 -0.170114E-004  0.260708E-004  0.303189E-005 -0.249784E-005  0.392830E-005  0.210000E+002  0.200000E+001  0.100000E+001  0.500000E+000  0.300000E+000  0.200000E+001  0.100000E+001  0.100000E+001  0.100000E+002
 -0.671920E+001  0.151270E+002  0.797000E+002 -0.200000E+002  0.244142E-004 -0.853958E-005  0.258646E-004  0.370587E-005 -0.120706E-005  0.389750E-005  0.210000E+002  0.200000E+001  0.100000E+001  0.500000E+000  0.300000E+000  0.200000E+001  0.100000E+001  0.100000E+001  0.100000E+002
 -0.668595E+001  0.152019E+002  0.801000E+002 -0.200000E+002  0.256407E-004  0.973346E-006  0.256591E-004  0.386004E-005  0.231370E-006  0.386697E-005  0.210000E+002  0.200000E+001  0.100000E+001  0.500000E+000  0.300000E+000  0.200000E+001  0.100000E+001  0.100000E+001  0.100000E+002
 -0.665302E+001  0.152768E+002  0.805000E+002 -0.200000E+002  0.233194E-004  0.101987E-004  0.254521E-004  0.347723E-005  0.161460E-005  0.383381E-005  0.210000E+002  0.200000E+001  0.100000E+001  0.500000E+000  0.300000E+000  0.200000E+001  0.100000E+001  0.100000E+001  0.100000E+002
 -0.662042E+001  0.153517E+002  0.809000E+002 -0.200000E+002  0.178342E-004  0.178684E-004  0.252456E-004  0.262287E-005  0.274787E-005  0.379872E-005  0.210000E+002  0.200000E+001  0.100000E+001  0.500000E+000  0.300000E+000  0.200000E+001  0.100000E+001  0.100000E+001  0.100000E+002
 -0.658814E+001  0.154266E+002  0.813000E+002 -0.200000E+002  0.999853E-005  0.229633E-004  0.250457E-004  0.142941E-005  0.348401E-005  0.376584E-005  0.210000E+002  0.200000E+001  0.100000E+001  0.500000E+000  0.300000E+000  0.200000E+001  0.100000E+001  0.100000E+001  0.100000E+002
 -0.655616E+001  0.155015E+002  0.817000E+002 -0.200000E+002  0.918717E-006  0.248394E-004  0.248564E-004  0.628989E-007  0.373742E-005  0.373795E-005  0.210000E+002  0.200000E+001  0.100000E+001  0.500000E+000  0.300000E+000  0.200000E+001  0.100000E+001  0.100000E+001  0.100000E+002
 -0.652450E+001  0.155764E+002  0.821000E+002 -0.200000E+002 -0.815589E-005  0.232892E-004  0.246760E-004 -0.129566E-005  0.347997E-005  0.371334E-005  0.210000E+002  0.200000E+001  0.100000E+001  0.500000E+000  0.300000E+000  0.200000E+001  0.100000E+001  0.100000E+001  0.100000E+002
 -0.649313E+001  0.156513E+002  0.825000E+002 -0.200000E+002 -0.159856E-004  0.185661E-004  0.244998E-004 -0.246069E-005  0.274740E-005  0.368825E-005  0.210000E+002  0.200000E+001  0.100000E+001  0.500000E+000  0.300000E+000  0.200000E+001  0.100000E+001  0.100000E+001  0.100000E+002
 -0.646207E+001  0.157262E+002  0.829000E+002 -0.200000E+002 -0.215107E-004  0.113601E-004  0.243262E-004 -0.327042E-005  0.164700E-005  0.366173E-005  0.210000E+002  0.200000E+001  0.100000E+001  0.500000E+000  0.300000E+000  0.200000E+001  0.100000E+001  0.100000E+001  0.100000E+002
 -0.643130E+001  0.158011E+002  0.833000E+002 -0.200000E+002 -0.240070E-004  0.269549E-005  0.241579E-004 -0.362082E-005  0.338478E-006  0.363661E-005  0.210000E+002  0.200000E+001  0.100000E+001  0.500000E+000  0.300000E+000  0.200000E+001  0.100000E+001  0.100000E+001  0.100000E+002
 -0.640082E+001  0.158760E+002  0.837000E+002 -0.200000E+002 -0.231751E-004 -0.622546E-005  0.239967E-004 -0.347428E-005 -0.100000E-005  0.361533E-005  0.210000E+002  0.200000E+001  0.100000E+001  0.500000E+000  0.300000E+000  0.200000E+001  0.100000E+001  0.100000E+001  0.100000E+002
 -0.637063E+001  0.159510E+002  0.841000E+002 -0.200000E+002 -0.191636E-004 -0.141799E-004  0.238394E-004 -0.285220E-005 -0.219030E-005  0.359617E-005  0.210000E+002  0.200000E+001  0.100000E+001  0.500000E+000  0.300000E+000  0.200000E+001  0.100000E+001  0.100000E+001  0.100000E+002
 -0.634072E+001  0.160259E+002  0.845000E+002 -0.200000E+002 -0.125547E-004 -0.200773E-004  0.236795E-004 -0.183831E-005 -0.306595E-005  0.357483E-005  0.210000E+002  0.200000E+001  0.100000E+001  0.500000E+000  0.300000E+000  0.200000E+001  0.100000E+001  0.100000E+001  0.100000E+002
 -0.631108E+001  0.161008E+002  0.849000E+002 -0.200000E+002 -0.429694E-005 -0.231181E-004  0.235140E-004 -0.580192E-006 -0.350164E-005  0.354938E-005  0.210000E+002  0.200000E+001  0.100000E+001  0.500000E+000  0.300000E+000  0.200000E+001  0.100000E+001  0.100000E+001  0.100000E+002
 -0.628173E+001  0.161758E+002  0.853000E+002 -0.200000E+002  0.443637E-005 -0.229201E-004  0.233455E-004  0.737529E-006 -0.344421E-005  0.352229E-005  0.210000E+002  0.200000E+001  0.100000E+001  0.500000E+000  0.300000E+000  0.200000E+001  0.100000E+001  0.100000E+001  0.100000E+002
 -0.625264E+001  0.162507E+002  0.857000E+002 -0.200000E+002  0.124311E-004 -0.195624E-004  0.231780E-004  0.193280E-005 -0.291424E-005  0.349693E-005  0.210000E+002  0.200000E+001  0.100000E+001  0.500000E+000  0.300000E+000  0.200000E+001  0.100000E+001  0.100000E+001  0.100000E+002
 -0.622382E+001  0.163257E+002  0.861000E+002 -0.200000E+002  0.185970E-004 -0.135529E-004  0.230115E-004  0.284663E-005 -0.198985E-005  0.347315E-005  0.210000E+002  0.200000E+001  0.100000E+001  0.500000E+000  0.300000E+000  0.200000E+001  0.100000E+001  0.100000E+001  0.100000E+002
 -0.619526E+001  0.164006E+002  0.865000E+002 -0.200000E+002  0.221052E-004 -0.575720E-005  0.228426E-004  0.335345E-005 -0.800497E-006  0.344767E-005  0.210000E+002  0.200000E+001  0.100000E+001  0.500000E+000  0.300000E+000  0.200000E+001  0.100000E+001  0.100000E+001  0.100000E+002
 -0.616697E+001  0.164756E+002  0.869000E+002 -0.200000E+002  0.225070E-004  0.271492E-005  0.226702E-004  0.338471E-005  0.480804E-006  0.341868E-005  0.210000E+002  0.200000E+001  0.100000E+001  0.500000E+000  0.300000E+000  0.200000E+001  0.100000E+001  0.100000E+001  0.100000E+002
 -0.613893E+001  0.165506E+002  0.873000E+002 -0.200000E+002  0.198028E-004  0.106782E-004  0.224983E-004  0.294878E-005  0.166984E-005  0.338875E-005  0.210000E+002  0.200000E+001  0.100000E+001  0.500000E+000  0.300000E+000  0.200000E+001  0.100000E+001  0.100000E+001  0.100000E+002
 -0.611114E+001  0.166255E+002  0.877000E+002 -0.200000E+002  0.144225E-004  0.170517E-004  0.223332E-004  0.212039E-005  0.260914E-005  0.336209E-005  0.210000E+002  0.200000E+001  0.100000E+001  0.500000E+000  0.300000E+000  0.200000E+001  0.100000E+001  0.100000E+001  0.100000E+002
 -0.608360E+001  0.167005E+002  0.881000E+002 -0.200000E+002  0.714183E-005  0.209952E-004  0.221767E-004  0.101612E-005  0.318134E-005  0.333967E-005  0.210000E+002  0.200000E+001  0.100000E+001  0.500000E+000  0.300000E+000  0.200000E+001  0.100000E+001  0.100000E+001  0.100000E+002
 -0.605631E+001  0.167755E+002  0.885000E+002 -0.200000E+002 -0.102179E-005  0.220018E-004  0.220255E-004 -0.215393E-006  0.331146E-005  0.331846E-005  0.210000E+002  0.200000E+001  0.100000E+001  0.500000E+000  0.300000E+000  0.200000E+001  0.100000E+001  0.100000E+001  0.100000E+002
 -0.602926E+001  0.168505E+002  0.889000E+002 -0.200000E+002 -0.893556E-005  0.199683E-004  0.218764E-004 -0.140177E-005  0.298269E-005  0.329566E-005  0.210000E+002  0.200000E+001  0.100000E+001  0.500000E+000  0.300000E+000  0.200000E+001  0.100000E+001  0.100000E+001  0.100000E+002
 -0.600245E+001  0.169254E+002  0.893000E+002 -0.200000E+002 -0.155136E-004  0.152170E-004  0.217308E-004 -0.237709E-005  0.224908E-005  0.327245E-005  0.210000E+002  0.200000E+001  0.100000E+001  0.500000E+000  0.300000E+000  0.200000E+001  0.100000E+001  0.100000E+001  0.100000E+002
 -0.597588E+001  0.170004E+002  0.897000E+002 -0.200000E+002 -0.198755E-004  0.843749E-005  0.215922E-004 -0.301478E-005  0.122013E-005  0.325233E-005  0.210000E+002  0.200000E+001  0.100000E+001  0.500000E+000  0.300000E+000  0.200000E+001  0.100000E+001  0.100000E+001  0.100000E+002
 -0.594954E+001  0.170754E+002  0.901000E+002 -0.200000E+002 -0.214533E-004  0.578036E-006  0.214611E-004 -0.323606E-005  0.348798E-007  0.323625E-005  0.210000E+002  0.200000E+001  0.100000E+001  0.500000E+000  0.300000E+000  0.200000E+001  0.100000E+001  0.100000E+001  0.100000E+002
 -0.592343E+001  0.171504E+002  0.905000E+002 -0.200000E+002 -0.200535E-004 -0.727450E-005  0.213322E-004 -0.300934E-005 -0.114805E-005  0.322089E-005  0.210000E+002  0.200000E+001  0.100000E+001  0.500000E+000  0.300000E+000  0.200000E+001  0.100000E+001  0.100000E+001  0.100000E+002
 -0.589755E+001  0.172254E+002  0.909000E+002 -0.200000E+002 -0.158932E-004 -0.140301E-004  0.211999E-004 -0.236363E-005 -0.216073E-005  0.320242E-005  0.210000E+002  0.200000E+001  0.100000E+001  0.500000E+000  0.300000E+000  0.200000E+001  0.100000E+001  0.100000E+001  0.100000E+002
 -0.587189E+001  0.173004E+002  0.913000E+002 -0.200000E+002 -0.958279E-005 -0.187574E-004  0.210635E-004 -0.139623E-005 -0.285805E-005  0.318086E-005  0.210000E+002  0.200000E+001  0.100000E+001  0.500000E+000  0.300000E+000  0.200000E+001  0.100000E+001  0.100000E+001  0.100000E+002
 -0.584646E+001  0.173754E+002  0.917000E+002 -0.200000E+002 -0.202905E-005 -0.208279E-004  0.209265E-004 -0.250590E-006 -0.314962E-005  0.315957E-005  0.210000E+002  0.200000E+001  0.100000E+001  0.500000E+000  0.300000E+000  0.200000E+001  0.100000E+001  0.100000E+001  0.100000E+002
 -0.582124E+001  0.174504E+002  0.921000E+002 -0.200000E+002  0.570847E-005 -0.199921E-004  0.207911E-004  0.915214E-006 -0.300424E-005  0.314055E-005  0.210000E+002  0.200000E+001  0.100000E+001  0.500000E+000  0.300000E+000  0.200000E+001  0.100000E+001  0.100000E+001  0.100000E+002
 -0.579624E+001  0.175254E+002  0.925000E+002 -0.200000E+002  0.125581E-004 -0.163985E-004  0.206547E-004  0.194274E-005 -0.244350E-005  0.312169E-005  0.210000E+002  0.200000E+001  0.100000E+001  0.500000E+000  0.300000E+000  0.200000E+001  0.100000E+001  0.100000E+001  0.100000E+002
 -0.577145E+001  0.176005E+002  0.929000E+002 -0.200000E+002  0.175753E-004 -0.105787E-004  0.205134E-004  0.268588E-005 -0.154699E-005  0.309954E-005  0.210000E+002  0.200000E+001  0.100000E+001  0.500000E+000  0.300000E+000  0.200000E+001  0.100000E+001  0.100000E+001  0.100000E+002
 -0.574687E+001  0.176755E+002  0.933000E+002 -0.200000E+002  0.200859E-004 -0.337809E-005  0.203680E-004  0.304093E-005 -0.449870E-006  0.307402E-005  0.210000E+002  0.200000E+001  0.100000E+001  0.500000E+000  0.300000E+000  0.200000E+001  0.100000E+001  0.100000E+001  0.100000E+002
 -0.572250E+001  0.177505E+002  0.937000E+002 -0.200000E+002  0.197873E-004  0.418031E-005  0.202240E-004  0.297049E-005  0.687272E-006  0.304896E-005  0.210000E+002  0.200000E+001  0.100000E+001  0.500000E+000  0.300000E+000  0.200000E+001  0.100000E+001  0.100000E+001  0.100000E+002
 -0.569834E+001  0.178255E+002  0.941000E+002 -0.200000E+002  0.167705E-004  0.110549E-004  0.200864E-004  0.249713E-005  0.171192E-005  0.302760E-005  0.210000E+002  0.200000E+001  0.100000E+001  0.500000E+000  0.300000E+000  0.200000E+001  0.100000E+001  0.100000E+001  0.100000E+002
 -0.567437E+001  0.179005E+002  0.945000E+002 -0.200000E+002  0.114862E-004  0.163171E-004  0.199545E-004  0.168819E-005  0.249078E-005  0.300898E-005  0.210000E+002  0.200000E+001  0.100000E+001  0.500000E+000  0.300000E+000  0.200000E+001  0.100000E+001  0.100000E+001  0.100000E+002
 -0.565061E+001  0.179756E+002  0.949000E+002 -0.200000E+002  0.468668E-005  0.192628E-004  0.198248E-004  0.654746E-006  0.291707E-005  0.298965E-005  0.210000E+002  0.200000E+001  0.100000E+001  0.500000E+000  0.300000E+000  0.200000E+001  0.100000E+001  0.100000E+001  0.100000E+002
 -0.562705E+001  0.180506E+002  0.953000E+002 -0.200000E+002 -0.266942E-005  0.195145E-004  0.196963E-004 -0.454466E-006  0.293350E-005  0.296849E-005  0.210000E+002  0.200000E+001  0.100000E+001  0.500000E+000  0.300000E+000  0.200000E+001  0.100000E+001  0.100000E+001  0.100000E+002
 -0.560368E+001  0.181256E+002  0.957000E+002 -0.200000E+002 -0.956167E-005  0.170781E-004  0.195726E-004 -0.148327E-005  0.254815E-005  0.294841E-005  0.210000E+002  0.200000E+001  0.100000E+001  0.500000E+000  0.300000E+000  0.200000E+001  0.100000E+001  0.100000E+001  0.100000E+002
 -0.558050E+001  0.182007E+002  0.961000E+002 -0.200000E+002 -0.150566E-004  0.123240E-004  0.194572E-004 -0.229772E-005  0.182218E-005  0.293255E-005  0.210000E+002  0.200000E+001  0.100000E+001  0.500000E+000  0.300000E+000  0.200000E+001  0.100000E+001  0.100000E+001  0.100000E+002
 -0.555752E+001  0.182757E+002  0.965000E+002 -0.200000E+002 -0.184192E-004  0.592334E-005  0.193482E-004 -0.279285E-005  0.852336E-006  0.292001E-005  0.210000E+002  0.200000E+001  0.100000E+001  0.500000E+000  0.300000E+000  0.200000E+001  0.100000E+001  0.100000E+001  0.100000E+002
 -0.553472E+001  0.183508E+002  0.969000E+002 -0.200000E+002 -0.192005E-004 -0.123134E-005  0.192399E-004 -0.289750E-005 -0.230903E-006  0.290669E-005  0.210000E+002  0.200000E+001  0.100000E+001  0.500000E+000  0.300000E+000  0.200000E+001  0.100000E+001  0.100000E+001  0.100000E+002
 -0.551210E+001  0.184258E+002  0.973000E+002 -0.200000E+002 -0.173110E-004 -0.813757E-005  0.191283E-004 -0.259526E-005 -0.127175E-005  0.289010E-005  0.210000E+002  0.200000E+001  0.100000E+001  0.500000E+000  0.300000E+000  0.200000E+001  0.100000E+001  0.100000E+001  0.100000E+002
 -0.548967E+001  0.185009E+002  0.977000E+002 -0.200000E+002 -0.130446E-004 -0.138350E-004  0.190149E-004 -0.193609E-005 -0.212143E-005  0.287209E-005  0.210000E+002  0.200000E+001  0.100000E+001  0.500000E+000  0.300000E+000  0.200000E+001  0.100000E+001  0.100000E+001  0.100000E+002
 -0.546743E+001  0.185759E+002  0.981000E+002 -0.200000E+002 -0.702253E-005 -0.175503E-004  0.189032E-004 -0.101889E-005 -0.266802E-005  0.285595E-005  0.210000E+002  0.200000E+001  0.100000E+001  0.500000E+000  0.300000E+000  0.200000E+001  0.100000E+001  0.100000E+001  0.100000E+002
 -0.544536E+001  0.186510E+002  0.985000E+002 -0.200000E+002 -0.950140E-007 -0.187924E-004  0.187926E-004  0.309429E-007 -0.284160E-005  0.284176E-005  0.210000E+002  0.200000E+001  0.100000E+001  0.500000E+000  0.300000E+000  0.200000E+001  0.100000E+001  0.100000E+001  0.100000E+002
 -0.542347E+001  0.187260E+002  0.989000E+002 -0.200000E+002  0.676737E-005 -0.174098E-004  0.186789E-004  0.106851E-005 -0.261629E-005  0.282607E-005  0.210000E+002  0.200000E+001  0.100000E+001  0.500000E+000  0.300000E+000  0.200000E+001  0.100000E+001  0.100000E+001  0.100000E+002
 -0.540175E+001  0.188011E+002  0.993000E+002 -0.200000E+002  0.126030E-004 -0.136235E-004  0.185590E-004  0.194279E-005 -0.202503E-005  0.280627E-005  0.210000E+002  0.200000E+001  0.100000E+001  0.500000E+000  0.300000E+000  0.200000E+001  0.100000E+001  0.100000E+001  0.100000E+002
 -0.538020E+001  0.188762E+002  0.997000E+002 -0.200000E+002  0.166098E-004 -0.799945E-005  0.184357E-004  0.253014E-005 -0.116173E-005  0.278411E-005  0.210000E+002  0.200000E+001  0.100000E+001  0.500000E+000  0.300000E+000  0.200000E+001  0.100000E+001  0.100000E+001  0.100000E+002
