 % the field is psp
% Dinn5 settings , t1, t2, t3, t4, tm, tp, eps, step, IntLimit
%   0.250000E+001  0.250000E+001  0.250000E+001  0.280000E+002  0.200000E-001  0.000000E+000  0.100000E-005  0.100000E-001  0.100000E+006
%psi, R, x, z, re(u), im(u), abs(u), re(w), im(w), abs(w), fieldCode, cp(1), cp(2), cs(1), cs(2), rho(1), rho(2), h, w
 -0.893898E+002  0.177001E+001  0.100000E+000 -0.200000E+002 -0.367195E-004 -0.326648E-004  0.491458E-004  0.733427E-007  0.652440E-007  0.981628E-007  0.210000E+002  0.200000E+001  0.100000E+001  0.500000E+000  0.300000E+000  0.200000E+001  0.100000E+001  0.100000E+001  0.100000E+002
 -0.869519E+002  0.177242E+001  0.500000E+000 -0.200000E+002 -0.180247E-003 -0.165269E-003  0.244546E-003  0.179746E-005  0.164810E-005  0.243867E-005  0.210000E+002  0.200000E+001  0.100000E+001  0.500000E+000  0.300000E+000  0.200000E+001  0.100000E+001  0.100000E+001  0.100000E+002
 -0.845249E+002  0.177802E+001  0.900000E+000 -0.200000E+002 -0.310317E-003 -0.305208E-003  0.435257E-003  0.555117E-005  0.545979E-005  0.778619E-005  0.210000E+002  0.200000E+001  0.100000E+001  0.500000E+000  0.300000E+000  0.200000E+001  0.100000E+001  0.100000E+001  0.100000E+002
 -0.821175E+002  0.178679E+001  0.130000E+001 -0.200000E+002 -0.416011E-003 -0.456609E-003  0.617703E-003  0.106920E-004  0.117354E-004  0.158757E-004  0.210000E+002  0.200000E+001  0.100000E+001  0.500000E+000  0.300000E+000  0.200000E+001  0.100000E+001  0.100000E+001  0.100000E+002
 -0.797378E+002  0.179869E+001  0.170000E+001 -0.200000E+002 -0.486415E-003 -0.620721E-003  0.788603E-003  0.162297E-004  0.207109E-004  0.263124E-004  0.210000E+002  0.200000E+001  0.100000E+001  0.500000E+000  0.300000E+000  0.200000E+001  0.100000E+001  0.100000E+001  0.100000E+002
 -0.773933E+002  0.181364E+001  0.210000E+001 -0.200000E+002 -0.511148E-003 -0.794926E-003  0.945082E-003  0.208761E-004  0.324660E-004  0.385986E-004  0.210000E+002  0.200000E+001  0.100000E+001  0.500000E+000  0.300000E+000  0.200000E+001  0.100000E+001  0.100000E+001  0.100000E+002
 -0.750909E+002  0.183157E+001  0.250000E+001 -0.200000E+002 -0.481344E-003 -0.972135E-003  0.108478E-002  0.231480E-004  0.467503E-004  0.521672E-004  0.210000E+002  0.200000E+001  0.100000E+001  0.500000E+000  0.300000E+000  0.200000E+001  0.100000E+001  0.100000E+001  0.100000E+002
 -0.728367E+002  0.185240E+001  0.290000E+001 -0.200000E+002 -0.391019E-003 -0.114075E-002  0.120590E-002  0.215367E-004  0.628307E-004  0.664193E-004  0.210000E+002  0.200000E+001  0.100000E+001  0.500000E+000  0.300000E+000  0.200000E+001  0.100000E+001  0.100000E+001  0.100000E+002
 -0.706360E+002  0.187604E+001  0.330000E+001 -0.200000E+002 -0.238634E-003 -0.128536E-002  0.130732E-002  0.147421E-004  0.794051E-004  0.807620E-004  0.210000E+002  0.200000E+001  0.100000E+001  0.500000E+000  0.300000E+000  0.200000E+001  0.100000E+001  0.100000E+001  0.100000E+002
 -0.684931E+002  0.190237E+001  0.370000E+001 -0.200000E+002 -0.285433E-004 -0.138823E-002  0.138852E-002  0.194555E-005  0.946238E-004  0.946438E-004  0.210000E+002  0.200000E+001  0.100000E+001  0.500000E+000  0.300000E+000  0.200000E+001  0.100000E+001  0.100000E+001  0.100000E+002
 -0.664115E+002  0.193128E+001  0.410000E+001 -0.200000E+002  0.228056E-003 -0.143159E-002  0.144964E-002 -0.169250E-004  0.106245E-003  0.107584E-003  0.210000E+002  0.200000E+001  0.100000E+001  0.500000E+000  0.300000E+000  0.200000E+001  0.100000E+001  0.100000E+001  0.100000E+002
 -0.643939E+002  0.196267E+001  0.450000E+001 -0.200000E+002  0.513030E-003 -0.140037E-002  0.149139E-002 -0.410029E-004  0.111922E-003  0.119196E-003  0.210000E+002  0.200000E+001  0.100000E+001  0.500000E+000  0.300000E+000  0.200000E+001  0.100000E+001  0.100000E+001  0.100000E+002
 -0.624422E+002  0.199642E+001  0.490000E+001 -0.200000E+002  0.802335E-003 -0.128506E-002  0.151496E-002 -0.684233E-004  0.109590E-003  0.129196E-003  0.210000E+002  0.200000E+001  0.100000E+001  0.500000E+000  0.300000E+000  0.200000E+001  0.100000E+001  0.100000E+001  0.100000E+002
 -0.605574E+002  0.203240E+001  0.530000E+001 -0.200000E+002  0.106819E-002 -0.108415E-002  0.152198E-002 -0.964415E-004  0.978820E-004  0.137411E-003  0.210000E+002  0.200000E+001  0.100000E+001  0.500000E+000  0.300000E+000  0.200000E+001  0.100000E+001  0.100000E+001  0.100000E+002
 -0.587402E+002  0.207050E+001  0.570000E+001 -0.200000E+002  0.128222E-002 -0.805624E-003  0.151431E-002 -0.121734E-003  0.764861E-004  0.143768E-003  0.210000E+002  0.200000E+001  0.100000E+001  0.500000E+000  0.300000E+000  0.200000E+001  0.100000E+001  0.100000E+001  0.100000E+002
 -0.569902E+002  0.211061E+001  0.610000E+001 -0.200000E+002  0.141908E-002 -0.467142E-003  0.149399E-002 -0.140850E-003  0.463659E-004  0.148286E-003  0.210000E+002  0.200000E+001  0.100000E+001  0.500000E+000  0.300000E+000  0.200000E+001  0.100000E+001  0.100000E+001  0.100000E+002
 -0.553071E+002  0.215262E+001  0.650000E+001 -0.200000E+002  0.146007E-002 -0.947163E-004  0.146314E-002 -0.150737E-003  0.977844E-005  0.151053E-003  0.210000E+002  0.200000E+001  0.100000E+001  0.500000E+000  0.300000E+000  0.200000E+001  0.100000E+001  0.100000E+001  0.100000E+002
 -0.536897E+002  0.219641E+001  0.690000E+001 -0.200000E+002  0.139600E-002  0.279957E-003  0.142379E-002 -0.149245E-003 -0.299299E-004  0.152217E-003  0.210000E+002  0.200000E+001  0.100000E+001  0.500000E+000  0.300000E+000  0.200000E+001  0.100000E+001  0.100000E+001  0.100000E+002
 -0.521367E+002  0.224188E+001  0.730000E+001 -0.200000E+002  0.122891E-002  0.623180E-003  0.137789E-002 -0.135526E-003 -0.687248E-004  0.151955E-003  0.210000E+002  0.200000E+001  0.100000E+001  0.500000E+000  0.300000E+000  0.200000E+001  0.100000E+001  0.100000E+001  0.100000E+002
 -0.506465E+002  0.228893E+001  0.770000E+001 -0.200000E+002  0.972285E-003  0.903376E-003  0.132719E-002 -0.110231E-003 -0.102418E-003  0.150467E-003  0.210000E+002  0.200000E+001  0.100000E+001  0.500000E+000  0.300000E+000  0.200000E+001  0.100000E+001  0.100000E+001  0.100000E+002
 -0.492173E+002  0.233747E+001  0.810000E+001 -0.200000E+002  0.649651E-003  0.109503E-002  0.127324E-002 -0.754918E-004 -0.127247E-003  0.147955E-003  0.210000E+002  0.200000E+001  0.100000E+001  0.500000E+000  0.300000E+000  0.200000E+001  0.100000E+001  0.100000E+001  0.100000E+002
 -0.478470E+002  0.238740E+001  0.850000E+001 -0.200000E+002  0.291884E-003  0.118187E-002  0.121738E-002 -0.346737E-004 -0.140398E-003  0.144616E-003  0.210000E+002  0.200000E+001  0.100000E+001  0.500000E+000  0.300000E+000  0.200000E+001  0.100000E+001  0.100000E+001  0.100000E+002
 -0.465336E+002  0.243864E+001  0.890000E+001 -0.200000E+002 -0.664809E-004  0.115882E-002  0.116073E-002  0.805476E-005 -0.140402E-003  0.140633E-003  0.210000E+002  0.200000E+001  0.100000E+001  0.500000E+000  0.300000E+000  0.200000E+001  0.100000E+001  0.100000E+001  0.100000E+002
 -0.452749E+002  0.249111E+001  0.930000E+001 -0.200000E+002 -0.391349E-003  0.103250E-002  0.110418E-002  0.482615E-004 -0.127329E-003  0.136169E-003  0.210000E+002  0.200000E+001  0.100000E+001  0.500000E+000  0.300000E+000  0.200000E+001  0.100000E+001  0.100000E+001  0.100000E+002
 -0.440687E+002  0.254473E+001  0.970000E+001 -0.200000E+002 -0.653023E-003  0.820257E-003  0.104846E-002  0.818211E-004 -0.102775E-003  0.131367E-003  0.210000E+002  0.200000E+001  0.100000E+001  0.500000E+000  0.300000E+000  0.200000E+001  0.100000E+001  0.100000E+001  0.100000E+002
 -0.429127E+002  0.259943E+001  0.101000E+002 -0.200000E+002 -0.829497E-003  0.547879E-003  0.994101E-003  0.105429E-003 -0.696357E-004  0.126351E-003  0.210000E+002  0.200000E+001  0.100000E+001  0.500000E+000  0.300000E+000  0.200000E+001  0.100000E+001  0.100000E+001  0.100000E+002
 -0.418048E+002  0.265515E+001  0.105000E+002 -0.200000E+002 -0.908706E-003  0.246388E-003  0.941517E-003  0.116996E-003 -0.317225E-004  0.121221E-003  0.210000E+002  0.200000E+001  0.100000E+001  0.500000E+000  0.300000E+000  0.200000E+001  0.100000E+001  0.100000E+001  0.100000E+002
 -0.407428E+002  0.271182E+001  0.109000E+002 -0.200000E+002 -0.889488E-003 -0.516820E-004  0.890988E-003  0.115864E-003  0.673207E-005  0.116060E-003  0.210000E+002  0.200000E+001  0.100000E+001  0.500000E+000  0.300000E+000  0.200000E+001  0.100000E+001  0.100000E+001  0.100000E+002
 -0.397247E+002  0.276938E+001  0.113000E+002 -0.200000E+002 -0.781204E-003 -0.316007E-003  0.842698E-003  0.102839E-003  0.415995E-004  0.110934E-003  0.210000E+002  0.200000E+001  0.100000E+001  0.500000E+000  0.300000E+000  0.200000E+001  0.100000E+001  0.100000E+001  0.100000E+002
 -0.387483E+002  0.282778E+001  0.117000E+002 -0.200000E+002 -0.602152E-003 -0.521752E-003  0.796751E-003  0.800304E-004  0.693447E-004  0.105894E-003  0.210000E+002  0.200000E+001  0.100000E+001  0.500000E+000  0.300000E+000  0.200000E+001  0.100000E+001  0.100000E+001  0.100000E+002
 -0.378117E+002  0.288697E+001  0.121000E+002 -0.200000E+002 -0.377020E-003 -0.652037E-003  0.753191E-003  0.505466E-004  0.874178E-004  0.100979E-003  0.210000E+002  0.200000E+001  0.100000E+001  0.500000E+000  0.300000E+000  0.200000E+001  0.100000E+001  0.100000E+001  0.100000E+002
 -0.369129E+002  0.294690E+001  0.125000E+002 -0.200000E+002 -0.133744E-003 -0.699337E-003  0.712011E-003  0.180736E-004  0.945054E-004  0.962181E-004  0.210000E+002  0.200000E+001  0.100000E+001  0.500000E+000  0.300000E+000  0.200000E+001  0.100000E+001  0.100000E+001  0.100000E+002
 -0.360502E+002  0.300753E+001  0.129000E+002 -0.200000E+002  0.998167E-004 -0.665731E-003  0.673173E-003 -0.135867E-004  0.906170E-004  0.916299E-004  0.210000E+002  0.200000E+001  0.100000E+001  0.500000E+000  0.300000E+000  0.200000E+001  0.100000E+001  0.100000E+001  0.100000E+002
 -0.352217E+002  0.306881E+001  0.133000E+002 -0.200000E+002  0.298996E-003 -0.562024E-003  0.636608E-003 -0.409683E-004  0.770083E-004  0.872277E-004  0.210000E+002  0.200000E+001  0.100000E+001  0.500000E+000  0.300000E+000  0.200000E+001  0.100000E+001  0.100000E+001  0.100000E+002
 -0.344259E+002  0.313071E+001  0.137000E+002 -0.200000E+002  0.444864E-003 -0.405929E-003  0.602231E-003 -0.613255E-004  0.559583E-004  0.830189E-004  0.210000E+002  0.200000E+001  0.100000E+001  0.500000E+000  0.300000E+000  0.200000E+001  0.100000E+001  0.100000E+001  0.100000E+002
 -0.336610E+002  0.319318E+001  0.141000E+002 -0.200000E+002  0.525949E-003 -0.219584E-003  0.569946E-003 -0.729075E-004  0.304389E-004  0.790065E-004  0.210000E+002  0.200000E+001  0.100000E+001  0.500000E+000  0.300000E+000  0.200000E+001  0.100000E+001  0.100000E+001  0.100000E+002
 -0.329256E+002  0.325621E+001  0.145000E+002 -0.200000E+002  0.538988E-003 -0.267176E-004  0.539649E-003 -0.750979E-004  0.372261E-005  0.751901E-004  0.210000E+002  0.200000E+001  0.100000E+001  0.500000E+000  0.300000E+000  0.200000E+001  0.100000E+001  0.100000E+001  0.100000E+002
 -0.322183E+002  0.331975E+001  0.149000E+002 -0.200000E+002  0.488683E-003  0.150157E-003  0.511232E-003 -0.684104E-004 -0.210203E-004  0.715670E-004  0.210000E+002  0.200000E+001  0.100000E+001  0.500000E+000  0.300000E+000  0.200000E+001  0.100000E+001  0.100000E+001  0.100000E+002
 -0.315376E+002  0.338378E+001  0.153000E+002 -0.200000E+002  0.386563E-003  0.292222E-003  0.484587E-003 -0.543503E-004 -0.410861E-004  0.681324E-004  0.210000E+002  0.200000E+001  0.100000E+001  0.500000E+000  0.300000E+000  0.200000E+001  0.100000E+001  0.100000E+001  0.100000E+002
 -0.308823E+002  0.344826E+001  0.157000E+002 -0.200000E+002  0.249131E-003  0.386228E-003  0.459606E-003 -0.351684E-004 -0.545217E-004  0.648802E-004  0.210000E+002  0.200000E+001  0.100000E+001  0.500000E+000  0.300000E+000  0.200000E+001  0.100000E+001  0.100000E+001  0.100000E+002
 -0.302511E+002  0.351318E+001  0.161000E+002 -0.200000E+002  0.955828E-004  0.425585E-003  0.436187E-003 -0.135432E-004 -0.603014E-004  0.618035E-004  0.210000E+002  0.200000E+001  0.100000E+001  0.500000E+000  0.300000E+000  0.200000E+001  0.100000E+001  0.100000E+001  0.100000E+002
 -0.296429E+002  0.357852E+001  0.165000E+002 -0.200000E+002 -0.546276E-004  0.410609E-003  0.414227E-003  0.776695E-005 -0.583804E-004  0.588948E-004  0.210000E+002  0.200000E+001  0.100000E+001  0.500000E+000  0.300000E+000  0.200000E+001  0.100000E+001  0.100000E+001  0.100000E+002
 -0.290566E+002  0.364424E+001  0.169000E+002 -0.200000E+002 -0.184073E-003  0.347941E-003  0.393632E-003  0.262555E-004 -0.496289E-004  0.561461E-004  0.210000E+002  0.200000E+001  0.100000E+001  0.500000E+000  0.300000E+000  0.200000E+001  0.100000E+001  0.100000E+001  0.100000E+002
 -0.284911E+002  0.371033E+001  0.173000E+002 -0.200000E+002 -0.279233E-003  0.249275E-003  0.374311E-003  0.399474E-004 -0.356616E-004  0.535494E-004  0.210000E+002  0.200000E+001  0.100000E+001  0.500000E+000  0.300000E+000  0.200000E+001  0.100000E+001  0.100000E+001  0.100000E+002
 -0.279455E+002  0.377677E+001  0.177000E+002 -0.200000E+002 -0.331770E-003  0.129581E-003  0.356178E-003  0.475953E-004 -0.185896E-004  0.510968E-004  0.210000E+002  0.200000E+001  0.100000E+001  0.500000E+000  0.300000E+000  0.200000E+001  0.100000E+001  0.100000E+001  0.100000E+002
 -0.274188E+002  0.384353E+001  0.181000E+002 -0.200000E+002 -0.339113E-003  0.508733E-005  0.339151E-003  0.487749E-004 -0.731713E-006  0.487803E-004  0.210000E+002  0.200000E+001  0.100000E+001  0.500000E+000  0.300000E+000  0.200000E+001  0.100000E+001  0.100000E+001  0.100000E+002
 -0.269101E+002  0.391062E+001  0.185000E+002 -0.200000E+002 -0.304308E-003 -0.108753E-003  0.323157E-003  0.438747E-004  0.156798E-004  0.465924E-004  0.210000E+002  0.200000E+001  0.100000E+001  0.500000E+000  0.300000E+000  0.200000E+001  0.100000E+001  0.100000E+001  0.100000E+002
 -0.264186E+002  0.397800E+001  0.189000E+002 -0.200000E+002 -0.235212E-003 -0.199037E-003  0.308124E-003  0.339893E-004  0.287618E-004  0.445254E-004  0.210000E+002  0.200000E+001  0.100000E+001  0.500000E+000  0.300000E+000  0.200000E+001  0.100000E+001  0.100000E+001  0.100000E+002
 -0.259435E+002  0.404566E+001  0.193000E+002 -0.200000E+002 -0.143180E-003 -0.256763E-003  0.293986E-003  0.207341E-004  0.371822E-004  0.425725E-004  0.210000E+002  0.200000E+001  0.100000E+001  0.500000E+000  0.300000E+000  0.200000E+001  0.100000E+001  0.100000E+001  0.100000E+002
 -0.254840E+002  0.411359E+001  0.197000E+002 -0.200000E+002 -0.414281E-004 -0.277608E-003  0.280682E-003  0.601118E-005  0.402807E-004  0.407267E-004  0.210000E+002  0.200000E+001  0.100000E+001  0.500000E+000  0.300000E+000  0.200000E+001  0.100000E+001  0.100000E+001  0.100000E+002
 -0.250395E+002  0.418178E+001  0.201000E+002 -0.200000E+002  0.567094E-004 -0.262091E-003  0.268156E-003 -0.824384E-005  0.381001E-004  0.389817E-004  0.210000E+002  0.200000E+001  0.100000E+001  0.500000E+000  0.300000E+000  0.200000E+001  0.100000E+001  0.100000E+001  0.100000E+002
 -0.246093E+002  0.425021E+001  0.205000E+002 -0.200000E+002  0.139404E-003 -0.215136E-003  0.256353E-003 -0.203007E-004  0.313291E-004  0.373314E-004  0.210000E+002  0.200000E+001  0.100000E+001  0.500000E+000  0.300000E+000  0.200000E+001  0.100000E+001  0.100000E+001  0.100000E+002
 -0.241928E+002  0.431888E+001  0.209000E+002 -0.200000E+002  0.197662E-003 -0.145141E-003  0.245227E-003 -0.288319E-004  0.211710E-004  0.357700E-004  0.210000E+002  0.200000E+001  0.100000E+001  0.500000E+000  0.300000E+000  0.200000E+001  0.100000E+001  0.100000E+001  0.100000E+002
 -0.237893E+002  0.438776E+001  0.213000E+002 -0.200000E+002  0.226205E-003 -0.626849E-004  0.234730E-003 -0.330466E-004  0.915773E-005  0.342920E-004  0.210000E+002  0.200000E+001  0.100000E+001  0.500000E+000  0.300000E+000  0.200000E+001  0.100000E+001  0.100000E+001  0.100000E+002
 -0.233983E+002  0.445686E+001  0.217000E+002 -0.200000E+002  0.223844E-003  0.209326E-004  0.224820E-003 -0.327496E-004 -0.306256E-005  0.328925E-004  0.210000E+002  0.200000E+001  0.100000E+001  0.500000E+000  0.300000E+000  0.200000E+001  0.100000E+001  0.100000E+001  0.100000E+002
 -0.230193E+002  0.452615E+001  0.221000E+002 -0.200000E+002  0.193319E-003  0.951362E-004  0.215460E-003 -0.283227E-004 -0.139382E-004  0.315666E-004  0.210000E+002  0.200000E+001  0.100000E+001  0.500000E+000  0.300000E+000  0.200000E+001  0.100000E+001  0.100000E+001  0.100000E+002
 -0.226517E+002  0.459564E+001  0.225000E+002 -0.200000E+002  0.140670E-003  0.151329E-003  0.206612E-003 -0.206362E-004 -0.221999E-004  0.303099E-004  0.210000E+002  0.200000E+001  0.100000E+001  0.500000E+000  0.300000E+000  0.200000E+001  0.100000E+001  0.100000E+001  0.100000E+002
 -0.222951E+002  0.466532E+001  0.229000E+002 -0.200000E+002  0.742490E-004  0.183813E-003  0.198243E-003 -0.109058E-004 -0.269987E-004  0.291181E-004  0.210000E+002  0.200000E+001  0.100000E+001  0.500000E+000  0.300000E+000  0.200000E+001  0.100000E+001  0.100000E+001  0.100000E+002
 -0.219489E+002  0.473516E+001  0.233000E+002 -0.200000E+002  0.351146E-005  0.190289E-003  0.190322E-003 -0.516370E-006 -0.279826E-004  0.279874E-004  0.210000E+002  0.200000E+001  0.100000E+001  0.500000E+000  0.300000E+000  0.200000E+001  0.100000E+001  0.100000E+001  0.100000E+002
 -0.216129E+002  0.480518E+001  0.237000E+002 -0.200000E+002 -0.622418E-004  0.171898E-003  0.182819E-003  0.916299E-005 -0.253061E-004  0.269139E-004  0.210000E+002  0.200000E+001  0.100000E+001  0.500000E+000  0.300000E+000  0.200000E+001  0.100000E+001  0.100000E+001  0.100000E+002
 -0.212865E+002  0.487536E+001  0.241000E+002 -0.200000E+002 -0.115018E-003  0.132833E-003  0.175709E-003  0.169502E-004 -0.195758E-004  0.258944E-004  0.210000E+002  0.200000E+001  0.100000E+001  0.500000E+000  0.300000E+000  0.200000E+001  0.100000E+001  0.100000E+001  0.100000E+002
 -0.209694E+002  0.494569E+001  0.245000E+002 -0.200000E+002 -0.149041E-003  0.796022E-004  0.168967E-003  0.219863E-004 -0.117428E-004  0.249257E-004  0.210000E+002  0.200000E+001  0.100000E+001  0.500000E+000  0.300000E+000  0.200000E+001  0.100000E+001  0.100000E+001  0.100000E+002
 -0.206612E+002  0.501616E+001  0.249000E+002 -0.200000E+002 -0.161328E-003  0.200415E-004  0.162569E-003  0.238214E-004 -0.295929E-005  0.240045E-004  0.210000E+002  0.200000E+001  0.100000E+001  0.500000E+000  0.300000E+000  0.200000E+001  0.100000E+001  0.100000E+001  0.100000E+002
 -0.203616E+002  0.508678E+001  0.253000E+002 -0.200000E+002 -0.151870E-003 -0.377600E-004  0.156494E-003  0.224450E-004  0.558060E-005  0.231284E-004  0.210000E+002  0.200000E+001  0.100000E+001  0.500000E+000  0.300000E+000  0.200000E+001  0.100000E+001  0.100000E+001  0.100000E+002
 -0.200701E+002  0.515754E+001  0.257000E+002 -0.200000E+002 -0.123427E-003 -0.865036E-004  0.150722E-003  0.182570E-004  0.127954E-004  0.222944E-004  0.210000E+002  0.200000E+001  0.100000E+001  0.500000E+000  0.300000E+000  0.200000E+001  0.100000E+001  0.100000E+001  0.100000E+002
 -0.197866E+002  0.522842E+001  0.261000E+002 -0.200000E+002 -0.809950E-004 -0.120552E-003  0.145234E-003  0.119904E-004  0.178464E-004  0.215003E-004  0.210000E+002  0.200000E+001  0.100000E+001  0.500000E+000  0.300000E+000  0.200000E+001  0.100000E+001  0.100000E+001  0.100000E+002
 -0.195106E+002  0.529943E+001  0.265000E+002 -0.200000E+002 -0.310200E-004 -0.136535E-003  0.140015E-003  0.459574E-005  0.202282E-004  0.207437E-004  0.210000E+002  0.200000E+001  0.100000E+001  0.500000E+000  0.300000E+000  0.200000E+001  0.100000E+001  0.100000E+001  0.100000E+002
 -0.192420E+002  0.537056E+001  0.269000E+002 -0.200000E+002  0.195217E-004 -0.133628E-003  0.135046E-003 -0.289438E-005  0.198122E-004  0.200225E-004  0.210000E+002  0.200000E+001  0.100000E+001  0.500000E+000  0.300000E+000  0.200000E+001  0.100000E+001  0.100000E+001  0.100000E+002
 -0.189803E+002  0.544180E+001  0.273000E+002 -0.200000E+002  0.640475E-004 -0.113489E-003  0.130315E-003 -0.950269E-005  0.168383E-004  0.193347E-004  0.210000E+002  0.200000E+001  0.100000E+001  0.500000E+000  0.300000E+000  0.200000E+001  0.100000E+001  0.100000E+001  0.100000E+002
 -0.187255E+002  0.551315E+001  0.277000E+002 -0.200000E+002  0.971853E-004 -0.798886E-004  0.125806E-003 -0.144291E-004  0.118610E-004  0.186784E-004  0.210000E+002  0.200000E+001  0.100000E+001  0.500000E+000  0.300000E+000  0.200000E+001  0.100000E+001  0.100000E+001  0.100000E+002
 -0.184772E+002  0.558461E+001  0.281000E+002 -0.200000E+002  0.115384E-003 -0.380848E-004  0.121507E-003 -0.171422E-004  0.565810E-005  0.180518E-004  0.210000E+002  0.200000E+001  0.100000E+001  0.500000E+000  0.300000E+000  0.200000E+001  0.100000E+001  0.100000E+001  0.100000E+002
 -0.182351E+002  0.565617E+001  0.285000E+002 -0.200000E+002  0.117256E-003  0.594241E-005  0.117406E-003 -0.174310E-004 -0.883384E-006  0.174533E-004  0.210000E+002  0.200000E+001  0.100000E+001  0.500000E+000  0.300000E+000  0.200000E+001  0.100000E+001  0.100000E+001  0.100000E+002
 -0.179991E+002  0.572783E+001  0.289000E+002 -0.200000E+002  0.103615E-003  0.463086E-004  0.113492E-003 -0.154122E-004 -0.688820E-005  0.168814E-004  0.210000E+002  0.200000E+001  0.100000E+001  0.500000E+000  0.300000E+000  0.200000E+001  0.100000E+001  0.100000E+001  0.100000E+002
 -0.177689E+002  0.579959E+001  0.293000E+002 -0.200000E+002  0.772365E-004  0.779776E-004  0.109754E-003 -0.114951E-004 -0.116054E-004  0.163347E-004  0.210000E+002  0.200000E+001  0.100000E+001  0.500000E+000  0.300000E+000  0.200000E+001  0.100000E+001  0.100000E+001  0.100000E+002
 -0.175444E+002  0.587144E+001  0.297000E+002 -0.200000E+002  0.423787E-004  0.973587E-004  0.106182E-003 -0.631064E-005 -0.144977E-004  0.158117E-004  0.210000E+002  0.200000E+001  0.100000E+001  0.500000E+000  0.300000E+000  0.200000E+001  0.100000E+001  0.100000E+001  0.100000E+002
 -0.173253E+002  0.594337E+001  0.301000E+002 -0.200000E+002  0.413865E-005  0.102684E-003  0.102768E-003 -0.616609E-006 -0.152987E-004  0.153112E-004  0.210000E+002  0.200000E+001  0.100000E+001  0.500000E+000  0.300000E+000  0.200000E+001  0.100000E+001  0.100000E+001  0.100000E+002
 -0.171114E+002  0.601539E+001  0.305000E+002 -0.200000E+002 -0.322587E-004  0.941275E-004  0.995019E-004  0.480857E-005 -0.140309E-004  0.148320E-004  0.210000E+002  0.200000E+001  0.100000E+001  0.500000E+000  0.300000E+000  0.200000E+001  0.100000E+001  0.100000E+001  0.100000E+002
 -0.169026E+002  0.608749E+001  0.309000E+002 -0.200000E+002 -0.621461E-004  0.736633E-004  0.963764E-004  0.926809E-005 -0.109857E-004  0.143730E-004  0.210000E+002  0.200000E+001  0.100000E+001  0.500000E+000  0.300000E+000  0.200000E+001  0.100000E+001  0.100000E+001  0.100000E+002
 -0.166987E+002  0.615967E+001  0.313000E+002 -0.200000E+002 -0.819879E-004  0.447052E-004  0.933840E-004  0.122328E-004 -0.667012E-005  0.139331E-004  0.210000E+002  0.200000E+001  0.100000E+001  0.500000E+000  0.300000E+000  0.200000E+001  0.100000E+001  0.100000E+001  0.100000E+002
 -0.164995E+002  0.623193E+001  0.317000E+002 -0.200000E+002 -0.897746E-004  0.115762E-004  0.905179E-004  0.134005E-004 -0.172795E-005  0.135115E-004  0.210000E+002  0.200000E+001  0.100000E+001  0.500000E+000  0.300000E+000  0.200000E+001  0.100000E+001  0.100000E+001  0.100000E+002
 -0.163049E+002  0.630426E+001  0.321000E+002 -0.200000E+002 -0.851948E-004 -0.211088E-004  0.877709E-004  0.127223E-004  0.315222E-005  0.131070E-004  0.210000E+002  0.200000E+001  0.100000E+001  0.500000E+000  0.300000E+000  0.200000E+001  0.100000E+001  0.100000E+001  0.100000E+002
 -0.161147E+002  0.637666E+001  0.325000E+002 -0.200000E+002 -0.695797E-004 -0.490617E-004  0.851374E-004  0.103947E-004  0.732945E-005  0.127189E-004  0.210000E+002  0.200000E+001  0.100000E+001  0.500000E+000  0.300000E+000  0.200000E+001  0.100000E+001  0.100000E+001  0.100000E+002
 -0.159288E+002  0.644913E+001  0.329000E+002 -0.200000E+002 -0.456337E-004 -0.688635E-004  0.826112E-004  0.682003E-005  0.102917E-004  0.123464E-004  0.210000E+002  0.200000E+001  0.100000E+001  0.500000E+000  0.300000E+000  0.200000E+001  0.100000E+001  0.100000E+001  0.100000E+002
 -0.157470E+002  0.652166E+001  0.333000E+002 -0.200000E+002 -0.170038E-004 -0.783633E-004  0.801869E-004  0.254221E-005  0.117159E-004  0.119886E-004  0.210000E+002  0.200000E+001  0.100000E+001  0.500000E+000  0.300000E+000  0.200000E+001  0.100000E+001  0.100000E+001  0.100000E+002
 -0.155692E+002  0.659426E+001  0.337000E+002 -0.200000E+002  0.122519E-004 -0.768896E-004  0.778597E-004 -0.183243E-005  0.114998E-004  0.116449E-004  0.210000E+002  0.200000E+001  0.100000E+001  0.500000E+000  0.300000E+000  0.200000E+001  0.100000E+001  0.100000E+001  0.100000E+002
 -0.153953E+002  0.666693E+001  0.341000E+002 -0.200000E+002  0.382198E-004 -0.652552E-004  0.756241E-004 -0.571825E-005  0.976315E-005  0.113145E-004  0.210000E+002  0.200000E+001  0.100000E+001  0.500000E+000  0.300000E+000  0.200000E+001  0.100000E+001  0.100000E+001  0.100000E+002
 -0.152251E+002  0.673965E+001  0.345000E+002 -0.200000E+002  0.576371E-004 -0.455709E-004  0.734761E-004 -0.862629E-005  0.682038E-005  0.109968E-004  0.210000E+002  0.200000E+001  0.100000E+001  0.500000E+000  0.300000E+000  0.200000E+001  0.100000E+001  0.100000E+001  0.100000E+002
 -0.150586E+002  0.681243E+001  0.349000E+002 -0.200000E+002  0.682860E-004 -0.208952E-004  0.714114E-004 -0.102234E-004  0.312830E-005  0.106913E-004  0.210000E+002  0.200000E+001  0.100000E+001  0.500000E+000  0.300000E+000  0.200000E+001  0.100000E+001  0.100000E+001  0.100000E+002
 -0.148956E+002  0.688527E+001  0.353000E+002 -0.200000E+002  0.692295E-004  0.521836E-005  0.694259E-004 -0.103679E-004 -0.781509E-006  0.103973E-004  0.210000E+002  0.200000E+001  0.100000E+001  0.500000E+000  0.300000E+000  0.200000E+001  0.100000E+001  0.100000E+001  0.100000E+002
 -0.147360E+002  0.695816E+001  0.357000E+002 -0.200000E+002  0.608664E-004  0.292167E-004  0.675154E-004 -0.911820E-005 -0.437686E-005  0.101143E-004  0.210000E+002  0.200000E+001  0.100000E+001  0.500000E+000  0.300000E+000  0.200000E+001  0.100000E+001  0.100000E+001  0.100000E+002
 -0.145797E+002  0.703110E+001  0.361000E+002 -0.200000E+002  0.448093E-004  0.480165E-004  0.656769E-004 -0.671471E-005 -0.719531E-005  0.984174E-005  0.210000E+002  0.200000E+001  0.100000E+001  0.500000E+000  0.300000E+000  0.200000E+001  0.100000E+001  0.100000E+001  0.100000E+002
 -0.144266E+002  0.710410E+001  0.365000E+002 -0.200000E+002  0.236065E-004  0.593871E-004  0.639070E-004 -0.353846E-005 -0.890172E-005  0.957921E-005  0.210000E+002  0.200000E+001  0.100000E+001  0.500000E+000  0.300000E+000  0.200000E+001  0.100000E+001  0.100000E+001  0.100000E+002
 -0.142766E+002  0.717714E+001  0.369000E+002 -0.200000E+002  0.357115E-006  0.622011E-004  0.622022E-004 -0.535437E-007 -0.932607E-005  0.932623E-005  0.210000E+002  0.200000E+001  0.100000E+001  0.500000E+000  0.300000E+000  0.200000E+001  0.100000E+001  0.100000E+001  0.100000E+002
 -0.141297E+002  0.725024E+001  0.373000E+002 -0.200000E+002 -0.217279E-004  0.565273E-004  0.605593E-004  0.325861E-005 -0.847761E-005  0.908231E-005  0.210000E+002  0.200000E+001  0.100000E+001  0.500000E+000  0.300000E+000  0.200000E+001  0.100000E+001  0.100000E+001  0.100000E+002
 -0.139857E+002  0.732338E+001  0.377000E+002 -0.200000E+002 -0.397568E-004  0.435610E-004  0.589759E-004  0.596399E-005 -0.653467E-005  0.884710E-005  0.210000E+002  0.200000E+001  0.100000E+001  0.500000E+000  0.300000E+000  0.200000E+001  0.100000E+001  0.100000E+001  0.100000E+002
 -0.138445E+002  0.739656E+001  0.381000E+002 -0.200000E+002 -0.515252E-004  0.254082E-004  0.574493E-004  0.773132E-005 -0.381249E-005  0.862023E-005  0.210000E+002  0.200000E+001  0.100000E+001  0.500000E+000  0.300000E+000  0.200000E+001  0.100000E+001  0.100000E+001  0.100000E+002
 -0.137062E+002  0.746979E+001  0.385000E+002 -0.200000E+002 -0.557739E-004  0.476048E-005  0.559767E-004  0.837084E-005 -0.714477E-006  0.840128E-005  0.210000E+002  0.200000E+001  0.100000E+001  0.500000E+000  0.300000E+000  0.200000E+001  0.100000E+001  0.100000E+001  0.100000E+002
 -0.135705E+002  0.754306E+001  0.389000E+002 -0.200000E+002 -0.523100E-004 -0.154917E-004  0.545558E-004  0.785278E-005  0.232562E-005  0.818991E-005  0.210000E+002  0.200000E+001  0.100000E+001  0.500000E+000  0.300000E+000  0.200000E+001  0.100000E+001  0.100000E+001  0.100000E+002
 -0.134374E+002  0.761638E+001  0.393000E+002 -0.200000E+002 -0.419801E-004 -0.326534E-004  0.531843E-004  0.630346E-005  0.490302E-005  0.798581E-005  0.210000E+002  0.200000E+001  0.100000E+001  0.500000E+000  0.300000E+000  0.200000E+001  0.100000E+001  0.100000E+001  0.100000E+002
 -0.133068E+002  0.768973E+001  0.397000E+002 -0.200000E+002 -0.265067E-004 -0.445742E-004  0.518601E-004  0.398094E-005  0.669444E-005  0.778867E-005  0.210000E+002  0.200000E+001  0.100000E+001  0.500000E+000  0.300000E+000  0.200000E+001  0.100000E+001  0.100000E+001  0.100000E+002
 -0.131787E+002  0.776312E+001  0.401000E+002 -0.200000E+002 -0.821702E-005 -0.499092E-004  0.505811E-004  0.123434E-005  0.749725E-005  0.759818E-005  0.210000E+002  0.200000E+001  0.100000E+001  0.500000E+000  0.300000E+000  0.200000E+001  0.100000E+001  0.100000E+001  0.100000E+002
 -0.130531E+002  0.783656E+001  0.405000E+002 -0.200000E+002  0.102967E-004 -0.482590E-004  0.493453E-004 -0.154707E-005  0.725085E-005  0.741406E-005  0.210000E+002  0.200000E+001  0.100000E+001  0.500000E+000  0.300000E+000  0.200000E+001  0.100000E+001  0.100000E+001  0.100000E+002
 -0.129297E+002  0.791002E+001  0.409000E+002 -0.200000E+002  0.265356E-004 -0.401793E-004  0.481510E-004 -0.398773E-005  0.603808E-005  0.723605E-005  0.210000E+002  0.200000E+001  0.100000E+001  0.500000E+000  0.300000E+000  0.200000E+001  0.100000E+001  0.100000E+001  0.100000E+002
 -0.128086E+002  0.798353E+001  0.413000E+002 -0.200000E+002  0.384235E-004 -0.270609E-004  0.469963E-004 -0.577532E-005  0.406744E-005  0.706388E-005  0.210000E+002  0.200000E+001  0.100000E+001  0.500000E+000  0.300000E+000  0.200000E+001  0.100000E+001  0.100000E+001  0.100000E+002
 -0.126898E+002  0.805707E+001  0.417000E+002 -0.200000E+002  0.445646E-004 -0.109053E-004  0.458795E-004 -0.669963E-005  0.163945E-005  0.689730E-005  0.210000E+002  0.200000E+001  0.100000E+001  0.500000E+000  0.300000E+000  0.200000E+001  0.100000E+001  0.100000E+001  0.100000E+002
 -0.125730E+002  0.813064E+001  0.421000E+002 -0.200000E+002  0.443998E-004  0.597082E-005  0.447995E-004 -0.667605E-005 -0.897786E-006  0.673615E-005  0.210000E+002  0.200000E+001  0.100000E+001  0.500000E+000  0.300000E+000  0.200000E+001  0.100000E+001  0.100000E+001  0.100000E+002
 -0.124584E+002  0.820425E+001  0.425000E+002 -0.200000E+002  0.382413E-004  0.212607E-004  0.437541E-004 -0.575106E-005 -0.319737E-005  0.658011E-005  0.210000E+002  0.200000E+001  0.100000E+001  0.500000E+000  0.300000E+000  0.200000E+001  0.100000E+001  0.100000E+001  0.100000E+002
 -0.123458E+002  0.827789E+001  0.429000E+002 -0.200000E+002  0.271936E-004  0.329760E-004  0.427423E-004 -0.409030E-005 -0.496005E-005  0.642905E-005  0.210000E+002  0.200000E+001  0.100000E+001  0.500000E+000  0.300000E+000  0.200000E+001  0.100000E+001  0.100000E+001  0.100000E+002
 -0.122352E+002  0.835156E+001  0.433000E+002 -0.200000E+002  0.129679E-004  0.396984E-004  0.417628E-004 -0.195088E-005 -0.597220E-005  0.628276E-005  0.210000E+002  0.200000E+001  0.100000E+001  0.500000E+000  0.300000E+000  0.200000E+001  0.100000E+001  0.100000E+001  0.100000E+002
 -0.121266E+002  0.842526E+001  0.437000E+002 -0.200000E+002 -0.237338E-005  0.407450E-004  0.408141E-004  0.357107E-006 -0.613063E-005  0.614102E-005  0.210000E+002  0.200000E+001  0.100000E+001  0.500000E+000  0.300000E+000  0.200000E+001  0.100000E+001  0.100000E+001  0.100000E+002
 -0.120198E+002  0.849899E+001  0.441000E+002 -0.200000E+002 -0.167093E-004  0.362272E-004  0.398950E-004  0.251453E-005 -0.545172E-005  0.600368E-005  0.210000E+002  0.200000E+001  0.100000E+001  0.500000E+000  0.300000E+000  0.200000E+001  0.100000E+001  0.100000E+001  0.100000E+002
 -0.119149E+002  0.857275E+001  0.445000E+002 -0.200000E+002 -0.281477E-004  0.270009E-004  0.390044E-004  0.423651E-005 -0.406390E-005  0.587054E-005  0.210000E+002  0.200000E+001  0.100000E+001  0.500000E+000  0.300000E+000  0.200000E+001  0.100000E+001  0.100000E+001  0.100000E+002
 -0.118117E+002  0.864654E+001  0.449000E+002 -0.200000E+002 -0.352695E-004  0.145191E-004  0.381411E-004  0.530918E-005 -0.218559E-005  0.574145E-005  0.210000E+002  0.200000E+001  0.100000E+001  0.500000E+000  0.300000E+000  0.200000E+001  0.100000E+001  0.100000E+001  0.100000E+002
 -0.117103E+002  0.872035E+001  0.453000E+002 -0.200000E+002 -0.372990E-004  0.611018E-006  0.373040E-004  0.561550E-005 -0.919909E-007  0.561625E-005  0.210000E+002  0.200000E+001  0.100000E+001  0.500000E+000  0.300000E+000  0.200000E+001  0.100000E+001  0.100000E+001  0.100000E+002
 -0.116106E+002  0.879419E+001  0.457000E+002 -0.200000E+002 -0.341811E-004 -0.127805E-004  0.364923E-004  0.514681E-005  0.192442E-005  0.549482E-005  0.210000E+002  0.200000E+001  0.100000E+001  0.500000E+000  0.300000E+000  0.200000E+001  0.100000E+001  0.100000E+001  0.100000E+002
 -0.115126E+002  0.886806E+001  0.461000E+002 -0.200000E+002 -0.265575E-004 -0.238651E-004  0.357050E-004  0.399943E-005  0.359397E-005  0.537700E-005  0.210000E+002  0.200000E+001  0.100000E+001  0.500000E+000  0.300000E+000  0.200000E+001  0.100000E+001  0.100000E+001  0.100000E+002
 -0.114161E+002  0.894196E+001  0.465000E+002 -0.200000E+002 -0.156513E-004 -0.312397E-004  0.349411E-004  0.235732E-005  0.470516E-005  0.526265E-005  0.210000E+002  0.200000E+001  0.100000E+001  0.500000E+000  0.300000E+000  0.200000E+001  0.100000E+001  0.100000E+001  0.100000E+002
 -0.113213E+002  0.901587E+001  0.469000E+002 -0.200000E+002 -0.307769E-005 -0.340608E-004  0.341996E-004  0.463605E-006  0.513073E-005  0.515163E-005  0.210000E+002  0.200000E+001  0.100000E+001  0.500000E+000  0.300000E+000  0.200000E+001  0.100000E+001  0.100000E+001  0.100000E+002
 -0.112280E+002  0.908982E+001  0.473000E+002 -0.200000E+002  0.938966E-005 -0.321360E-004  0.334797E-004 -0.141458E-005  0.484140E-005  0.504383E-005  0.210000E+002  0.200000E+001  0.100000E+001  0.500000E+000  0.300000E+000  0.200000E+001  0.100000E+001  0.100000E+001  0.100000E+002
 -0.111362E+002  0.916378E+001  0.477000E+002 -0.200000E+002  0.200649E-004 -0.259227E-004  0.327809E-004 -0.302321E-005  0.390583E-005  0.493916E-005  0.210000E+002  0.200000E+001  0.100000E+001  0.500000E+000  0.300000E+000  0.200000E+001  0.100000E+001  0.100000E+001  0.100000E+002
 -0.110459E+002  0.923777E+001  0.481000E+002 -0.200000E+002  0.275734E-004 -0.164392E-004  0.321021E-004 -0.415503E-005  0.247722E-005  0.483745E-005  0.210000E+002  0.200000E+001  0.100000E+001  0.500000E+000  0.300000E+000  0.200000E+001  0.100000E+001  0.100000E+001  0.100000E+002
 -0.109570E+002  0.931179E+001  0.485000E+002 -0.200000E+002  0.310255E-004 -0.510567E-005  0.314428E-004 -0.467577E-005  0.769462E-006  0.473866E-005  0.210000E+002  0.200000E+001  0.100000E+001  0.500000E+000  0.300000E+000  0.200000E+001  0.100000E+001  0.100000E+001  0.100000E+002
 -0.108695E+002  0.938582E+001  0.489000E+002 -0.200000E+002  0.301160E-004  0.646490E-005  0.308021E-004 -0.453921E-005 -0.974417E-006  0.464262E-005  0.210000E+002  0.200000E+001  0.100000E+001  0.500000E+000  0.300000E+000  0.200000E+001  0.100000E+001  0.100000E+001  0.100000E+002
 -0.107834E+002  0.945988E+001  0.493000E+002 -0.200000E+002  0.251432E-004  0.166916E-004  0.301794E-004 -0.379011E-005 -0.251611E-005  0.454926E-005  0.210000E+002  0.200000E+001  0.100000E+001  0.500000E+000  0.300000E+000  0.200000E+001  0.100000E+001  0.100000E+001  0.100000E+002
 -0.106986E+002  0.953396E+001  0.497000E+002 -0.200000E+002  0.169442E-004  0.242385E-004  0.295738E-004 -0.255446E-005 -0.365412E-005  0.445846E-005  0.210000E+002  0.200000E+001  0.100000E+001  0.500000E+000  0.300000E+000  0.200000E+001  0.100000E+001  0.100000E+001  0.100000E+002
 -0.106151E+002  0.960805E+001  0.501000E+002 -0.200000E+002  0.676080E-005  0.281858E-004  0.289853E-004 -0.101935E-005 -0.424965E-005  0.437019E-005  0.210000E+002  0.200000E+001  0.100000E+001  0.500000E+000  0.300000E+000  0.200000E+001  0.100000E+001  0.100000E+001  0.100000E+002
 -0.105330E+002  0.968217E+001  0.505000E+002 -0.200000E+002 -0.394510E-005  0.281377E-004  0.284129E-004  0.594875E-006 -0.424283E-005  0.428433E-005  0.210000E+002  0.200000E+001  0.100000E+001  0.500000E+000  0.300000E+000  0.200000E+001  0.100000E+001  0.100000E+001  0.100000E+002
 -0.104520E+002  0.975631E+001  0.509000E+002 -0.200000E+002 -0.136971E-004  0.242559E-004  0.278560E-004  0.206557E-005 -0.365787E-005  0.420078E-005  0.210000E+002  0.200000E+001  0.100000E+001  0.500000E+000  0.300000E+000  0.200000E+001  0.100000E+001  0.100000E+001  0.100000E+002
 -0.103723E+002  0.983047E+001  0.513000E+002 -0.200000E+002 -0.212053E-004  0.172165E-004  0.273143E-004  0.319814E-005 -0.259656E-005  0.411949E-005  0.210000E+002  0.200000E+001  0.100000E+001  0.500000E+000  0.300000E+000  0.200000E+001  0.100000E+001  0.100000E+001  0.100000E+002
 -0.102938E+002  0.990464E+001  0.517000E+002 -0.200000E+002 -0.255336E-004  0.809830E-005  0.267871E-004  0.385129E-005 -0.122149E-005  0.404036E-005  0.210000E+002  0.200000E+001  0.100000E+001  0.500000E+000  0.300000E+000  0.200000E+001  0.100000E+001  0.100000E+001  0.100000E+002
 -0.102164E+002  0.997883E+001  0.521000E+002 -0.200000E+002 -0.262136E-004 -0.177826E-005  0.262739E-004  0.395423E-005  0.268244E-006  0.396332E-005  0.210000E+002  0.200000E+001  0.100000E+001  0.500000E+000  0.300000E+000  0.200000E+001  0.100000E+001  0.100000E+001  0.100000E+002
 -0.101402E+002  0.100530E+002  0.525000E+002 -0.200000E+002 -0.232903E-004 -0.110395E-004  0.257742E-004  0.351358E-005  0.166542E-005  0.388830E-005  0.210000E+002  0.200000E+001  0.100000E+001  0.500000E+000  0.300000E+000  0.200000E+001  0.100000E+001  0.100000E+001  0.100000E+002
 -0.100651E+002  0.101273E+002  0.529000E+002 -0.200000E+002 -0.172970E-004 -0.184468E-004  0.252878E-004  0.260966E-005  0.278313E-005  0.381525E-005  0.210000E+002  0.200000E+001  0.100000E+001  0.500000E+000  0.300000E+000  0.200000E+001  0.100000E+001  0.100000E+001  0.100000E+002
 -0.999108E+001  0.102015E+002  0.533000E+002 -0.200000E+002 -0.916449E-005 -0.230597E-004  0.248140E-004  0.138280E-005  0.347939E-005  0.374410E-005  0.210000E+002  0.200000E+001  0.100000E+001  0.500000E+000  0.300000E+000  0.200000E+001  0.100000E+001  0.100000E+001  0.100000E+002
 -0.991814E+001  0.102758E+002  0.537000E+002 -0.200000E+002 -0.802231E-007 -0.243524E-004  0.243525E-004  0.121056E-007  0.367476E-005  0.367478E-005  0.210000E+002  0.200000E+001  0.100000E+001  0.500000E+000  0.300000E+000  0.200000E+001  0.100000E+001  0.100000E+001  0.100000E+002
 -0.984625E+001  0.103501E+002  0.541000E+002 -0.200000E+002  0.868206E-005 -0.222702E-004  0.239028E-004 -0.131022E-005  0.336084E-005  0.360720E-005  0.210000E+002  0.200000E+001  0.100000E+001  0.500000E+000  0.300000E+000  0.200000E+001  0.100000E+001  0.100000E+001  0.100000E+002
 -0.977538E+001  0.104244E+002  0.545000E+002 -0.200000E+002  0.159390E-004 -0.172203E-004  0.234647E-004 -0.240557E-005  0.259895E-005  0.354137E-005  0.210000E+002  0.200000E+001  0.100000E+001  0.500000E+000  0.300000E+000  0.200000E+001  0.100000E+001  0.100000E+001  0.100000E+002
 -0.970552E+001  0.104987E+002  0.549000E+002 -0.200000E+002  0.207547E-004 -0.999856E-005  0.230376E-004 -0.313263E-005  0.150914E-005  0.347719E-005  0.210000E+002  0.200000E+001  0.100000E+001  0.500000E+000  0.300000E+000  0.200000E+001  0.100000E+001  0.100000E+001  0.100000E+002
 -0.963664E+001  0.105730E+002  0.553000E+002 -0.200000E+002  0.225596E-004 -0.166865E-005  0.226212E-004 -0.340531E-005  0.251878E-006  0.341461E-005  0.210000E+002  0.200000E+001  0.100000E+001  0.500000E+000  0.300000E+000  0.200000E+001  0.100000E+001  0.100000E+001  0.100000E+002
 -0.956872E+001  0.106473E+002  0.557000E+002 -0.200000E+002  0.212145E-004  0.659273E-005  0.222152E-004 -0.320251E-005 -0.995230E-006  0.335358E-005  0.210000E+002  0.200000E+001  0.100000E+001  0.500000E+000  0.300000E+000  0.200000E+001  0.100000E+001  0.100000E+001  0.100000E+002
 -0.950174E+001  0.107217E+002  0.561000E+002 -0.200000E+002  0.170146E-004  0.136600E-004  0.218196E-004 -0.256870E-005 -0.206224E-005  0.329409E-005  0.210000E+002  0.200000E+001  0.100000E+001  0.500000E+000  0.300000E+000  0.200000E+001  0.100000E+001  0.100000E+001  0.100000E+002
 -0.943568E+001  0.107961E+002  0.565000E+002 -0.200000E+002  0.106338E-004  0.186094E-004  0.214333E-004 -0.160549E-005 -0.280966E-005  0.323602E-005  0.210000E+002  0.200000E+001  0.100000E+001  0.500000E+000  0.300000E+000  0.200000E+001  0.100000E+001  0.100000E+001  0.100000E+002
 -0.937053E+001  0.108705E+002  0.569000E+002 -0.200000E+002  0.302008E-005  0.208391E-004  0.210568E-004 -0.456006E-006 -0.314652E-005  0.317939E-005  0.210000E+002  0.200000E+001  0.100000E+001  0.500000E+000  0.300000E+000  0.200000E+001  0.100000E+001  0.100000E+001  0.100000E+002
 -0.930627E+001  0.109449E+002  0.573000E+002 -0.200000E+002 -0.474328E-005  0.201382E-004  0.206893E-004  0.716244E-006 -0.304091E-005  0.312412E-005  0.210000E+002  0.200000E+001  0.100000E+001  0.500000E+000  0.300000E+000  0.200000E+001  0.100000E+001  0.100000E+001  0.100000E+002
 -0.924287E+001  0.110193E+002  0.577000E+002 -0.200000E+002 -0.115898E-004  0.167036E-004  0.203307E-004  0.175020E-005 -0.252245E-005  0.307017E-005  0.210000E+002  0.200000E+001  0.100000E+001  0.500000E+000  0.300000E+000  0.200000E+001  0.100000E+001  0.100000E+001  0.100000E+002
 -0.918032E+001  0.110937E+002  0.581000E+002 -0.200000E+002 -0.166147E-004  0.110984E-004  0.199805E-004  0.250918E-005 -0.167610E-005  0.301750E-005  0.210000E+002  0.200000E+001  0.100000E+001  0.500000E+000  0.300000E+000  0.200000E+001  0.100000E+001  0.100000E+001  0.100000E+002
 -0.911861E+001  0.111681E+002  0.585000E+002 -0.200000E+002 -0.191926E-004  0.416309E-005  0.196389E-004  0.289869E-005 -0.628758E-006  0.296610E-005  0.210000E+002  0.200000E+001  0.100000E+001  0.500000E+000  0.300000E+000  0.200000E+001  0.100000E+001  0.100000E+001  0.100000E+002
 -0.905771E+001  0.112426E+002  0.589000E+002 -0.200000E+002 -0.190534E-004 -0.310880E-005  0.193054E-004  0.287785E-005  0.469556E-006  0.291591E-005  0.210000E+002  0.200000E+001  0.100000E+001  0.500000E+000  0.300000E+000  0.200000E+001  0.100000E+001  0.100000E+001  0.100000E+002
 -0.899762E+001  0.113170E+002  0.593000E+002 -0.200000E+002 -0.163072E-004 -0.971084E-005  0.189796E-004  0.246322E-005  0.146683E-005  0.286688E-005  0.210000E+002  0.200000E+001  0.100000E+001  0.500000E+000  0.300000E+000  0.200000E+001  0.100000E+001  0.100000E+001  0.100000E+002
 -0.893831E+001  0.113915E+002  0.597000E+002 -0.200000E+002 -0.114168E-004 -0.147617E-004  0.186615E-004  0.172462E-005  0.222990E-005  0.281900E-005  0.210000E+002  0.200000E+001  0.100000E+001  0.500000E+000  0.300000E+000  0.200000E+001  0.100000E+001  0.100000E+001  0.100000E+002
 -0.887977E+001  0.114660E+002  0.601000E+002 -0.200000E+002 -0.512258E-005 -0.176213E-004  0.183508E-004  0.773862E-006  0.266203E-005  0.277223E-005  0.210000E+002  0.200000E+001  0.100000E+001  0.500000E+000  0.300000E+000  0.200000E+001  0.100000E+001  0.100000E+001  0.100000E+002
 -0.882199E+001  0.115405E+002  0.605000E+002 -0.200000E+002  0.166737E-005 -0.179700E-004  0.180472E-004 -0.251903E-006  0.271486E-005  0.272652E-005  0.210000E+002  0.200000E+001  0.100000E+001  0.500000E+000  0.300000E+000  0.200000E+001  0.100000E+001  0.100000E+001  0.100000E+002
 -0.876495E+001  0.116150E+002  0.609000E+002 -0.200000E+002  0.800684E-005 -0.158421E-004  0.177505E-004 -0.120972E-005  0.239352E-005  0.268186E-005  0.210000E+002  0.200000E+001  0.100000E+001  0.500000E+000  0.300000E+000  0.200000E+001  0.100000E+001  0.100000E+001  0.100000E+002
 -0.870863E+001  0.116895E+002  0.613000E+002 -0.200000E+002  0.130420E-004 -0.116095E-004  0.174607E-004 -0.197058E-005  0.175414E-005  0.263821E-005  0.210000E+002  0.200000E+001  0.100000E+001  0.500000E+000  0.300000E+000  0.200000E+001  0.100000E+001  0.100000E+001  0.100000E+002
 -0.865303E+001  0.117641E+002  0.617000E+002 -0.200000E+002  0.161249E-004 -0.592014E-005  0.171773E-004 -0.243652E-005  0.894551E-006  0.259554E-005  0.210000E+002  0.200000E+001  0.100000E+001  0.500000E+000  0.300000E+000  0.200000E+001  0.100000E+001  0.100000E+001  0.100000E+002
 -0.859813E+001  0.118386E+002  0.621000E+002 -0.200000E+002  0.168956E-004  0.399580E-006  0.169003E-004 -0.255311E-005 -0.603809E-007  0.255382E-005  0.210000E+002  0.200000E+001  0.100000E+001  0.500000E+000  0.300000E+000  0.200000E+001  0.100000E+001  0.100000E+001  0.100000E+002
 -0.854392E+001  0.119132E+002  0.625000E+002 -0.200000E+002  0.153221E-004  0.646321E-005  0.166295E-004 -0.231547E-005 -0.976713E-006  0.251304E-005  0.210000E+002  0.200000E+001  0.100000E+001  0.500000E+000  0.300000E+000  0.200000E+001  0.100000E+001  0.100000E+001  0.100000E+002
 -0.849038E+001  0.119877E+002  0.629000E+002 -0.200000E+002  0.116945E-004  0.114475E-004  0.163648E-004 -0.176736E-005 -0.173003E-005  0.247317E-005  0.210000E+002  0.200000E+001  0.100000E+001  0.500000E+000  0.300000E+000  0.200000E+001  0.100000E+001  0.100000E+001  0.100000E+002
 -0.843750E+001  0.120623E+002  0.633000E+002 -0.200000E+002  0.657478E-005  0.147029E-004  0.161059E-004 -0.993676E-006 -0.222211E-005  0.243416E-005  0.210000E+002  0.200000E+001  0.100000E+001  0.500000E+000  0.300000E+000  0.200000E+001  0.100000E+001  0.100000E+001  0.100000E+002
 -0.838528E+001  0.121369E+002  0.637000E+002 -0.200000E+002  0.711832E-006  0.158368E-004  0.158527E-004 -0.107588E-006 -0.239360E-005  0.239601E-005  0.210000E+002  0.200000E+001  0.100000E+001  0.500000E+000  0.300000E+000  0.200000E+001  0.100000E+001  0.100000E+001  0.100000E+002
 -0.833369E+001  0.122115E+002  0.641000E+002 -0.200000E+002 -0.506679E-005  0.147594E-004  0.156049E-004  0.765842E-006 -0.223088E-005  0.235867E-005  0.210000E+002  0.200000E+001  0.100000E+001  0.500000E+000  0.300000E+000  0.200000E+001  0.100000E+001  0.100000E+001  0.100000E+002
 -0.828272E+001  0.122861E+002  0.645000E+002 -0.200000E+002 -0.997075E-005  0.116873E-004  0.153626E-004  0.150714E-005 -0.176661E-005  0.232215E-005  0.210000E+002  0.200000E+001  0.100000E+001  0.500000E+000  0.300000E+000  0.200000E+001  0.100000E+001  0.100000E+001  0.100000E+002
 -0.823238E+001  0.123607E+002  0.649000E+002 -0.200000E+002 -0.133540E-004  0.710311E-005  0.151256E-004  0.201863E-005 -0.107373E-005  0.228643E-005  0.210000E+002  0.200000E+001  0.100000E+001  0.500000E+000  0.300000E+000  0.200000E+001  0.100000E+001  0.100000E+001  0.100000E+002
 -0.818263E+001  0.124354E+002  0.653000E+002 -0.200000E+002 -0.147981E-004  0.168222E-005  0.148934E-004  0.223704E-005 -0.254303E-006  0.225145E-005  0.210000E+002  0.200000E+001  0.100000E+001  0.500000E+000  0.300000E+000  0.200000E+001  0.100000E+001  0.100000E+001  0.100000E+002
 -0.813348E+001  0.125100E+002  0.657000E+002 -0.200000E+002 -0.141640E-004 -0.380557E-005  0.146663E-004  0.214127E-005  0.575316E-006  0.221721E-005  0.210000E+002  0.200000E+001  0.100000E+001  0.500000E+000  0.300000E+000  0.200000E+001  0.100000E+001  0.100000E+001  0.100000E+002
 -0.808492E+001  0.125846E+002  0.661000E+002 -0.200000E+002 -0.116013E-004 -0.860470E-005  0.144440E-004  0.175393E-005  0.130089E-005  0.218371E-005  0.210000E+002  0.200000E+001  0.100000E+001  0.500000E+000  0.300000E+000  0.200000E+001  0.100000E+001  0.100000E+001  0.100000E+002
 -0.803692E+001  0.126593E+002  0.665000E+002 -0.200000E+002 -0.751970E-005 -0.120766E-004  0.142264E-004  0.113691E-005  0.182587E-005  0.215090E-005  0.210000E+002  0.200000E+001  0.100000E+001  0.500000E+000  0.300000E+000  0.200000E+001  0.100000E+001  0.100000E+001  0.100000E+002
 -0.798949E+001  0.127340E+002  0.669000E+002 -0.200000E+002 -0.252531E-005 -0.137838E-004  0.140133E-004  0.381820E-006  0.208408E-005  0.211876E-005  0.210000E+002  0.200000E+001  0.100000E+001  0.500000E+000  0.300000E+000  0.200000E+001  0.100000E+001  0.100000E+001  0.100000E+002
 -0.794261E+001  0.128086E+002  0.673000E+002 -0.200000E+002  0.266861E-005 -0.135442E-004  0.138046E-004 -0.403503E-006  0.204792E-005  0.208730E-005  0.210000E+002  0.200000E+001  0.100000E+001  0.500000E+000  0.300000E+000  0.200000E+001  0.100000E+001  0.100000E+001  0.100000E+002
 -0.789628E+001  0.128833E+002  0.677000E+002 -0.200000E+002  0.734244E-005 -0.114479E-004  0.136002E-004 -0.111025E-005  0.173103E-005  0.205648E-005  0.210000E+002  0.200000E+001  0.100000E+001  0.500000E+000  0.300000E+000  0.200000E+001  0.100000E+001  0.100000E+001  0.100000E+002
 -0.785048E+001  0.129580E+002  0.681000E+002 -0.200000E+002  0.108689E-004 -0.783744E-005  0.134000E-004 -0.164355E-005  0.118514E-005  0.202629E-005  0.210000E+002  0.200000E+001  0.100000E+001  0.500000E+000  0.300000E+000  0.200000E+001  0.100000E+001  0.100000E+001  0.100000E+002
 -0.780520E+001  0.130327E+002  0.685000E+002 -0.200000E+002  0.127968E-004 -0.325335E-005  0.132039E-004 -0.193516E-005  0.491977E-006  0.199672E-005  0.210000E+002  0.200000E+001  0.100000E+001  0.500000E+000  0.300000E+000  0.200000E+001  0.100000E+001  0.100000E+001  0.100000E+002
 -0.776044E+001  0.131074E+002  0.689000E+002 -0.200000E+002  0.129073E-004  0.164599E-005  0.130118E-004 -0.195193E-005 -0.248919E-006  0.196774E-005  0.210000E+002  0.200000E+001  0.100000E+001  0.500000E+000  0.300000E+000  0.200000E+001  0.100000E+001  0.100000E+001  0.100000E+002
 -0.771619E+001  0.131821E+002  0.693000E+002 -0.200000E+002  0.112374E-004  0.617774E-005  0.128235E-004 -0.169947E-005 -0.934281E-006  0.193935E-005  0.210000E+002  0.200000E+001  0.100000E+001  0.500000E+000  0.300000E+000  0.200000E+001  0.100000E+001  0.100000E+001  0.100000E+002
 -0.767244E+001  0.132568E+002  0.697000E+002 -0.200000E+002  0.806787E-005  0.972916E-005  0.126391E-004 -0.122018E-005 -0.147143E-005  0.191153E-005  0.210000E+002  0.200000E+001  0.100000E+001  0.500000E+000  0.300000E+000  0.200000E+001  0.100000E+001  0.100000E+001  0.100000E+002
 -0.762918E+001  0.133315E+002  0.701000E+002 -0.200000E+002  0.387738E-005  0.118397E-004  0.124584E-004 -0.586433E-006 -0.179068E-005  0.188427E-005  0.210000E+002  0.200000E+001  0.100000E+001  0.500000E+000  0.300000E+000  0.200000E+001  0.100000E+001  0.100000E+001  0.100000E+002
 -0.758639E+001  0.134063E+002  0.705000E+002 -0.200000E+002 -0.728683E-006  0.122595E-004  0.122812E-004  0.110213E-006 -0.185426E-005  0.185753E-005  0.210000E+002  0.200000E+001  0.100000E+001  0.500000E+000  0.300000E+000  0.200000E+001  0.100000E+001  0.100000E+001  0.100000E+002
 -0.754409E+001  0.134810E+002  0.709000E+002 -0.200000E+002 -0.510480E-005  0.109788E-004  0.121075E-004  0.772129E-006 -0.166060E-005  0.183133E-005  0.210000E+002  0.200000E+001  0.100000E+001  0.500000E+000  0.300000E+000  0.200000E+001  0.100000E+001  0.100000E+001  0.100000E+002
 -0.750225E+001  0.135558E+002  0.713000E+002 -0.200000E+002 -0.865515E-005  0.822112E-005  0.119373E-004  0.130918E-005 -0.124353E-005  0.180564E-005  0.210000E+002  0.200000E+001  0.100000E+001  0.500000E+000  0.300000E+000  0.200000E+001  0.100000E+001  0.100000E+001  0.100000E+002
 -0.746087E+001  0.136305E+002  0.717000E+002 -0.200000E+002 -0.109140E-004  0.440729E-005  0.117703E-004  0.165092E-005 -0.666674E-006  0.178045E-005  0.210000E+002  0.200000E+001  0.100000E+001  0.500000E+000  0.300000E+000  0.200000E+001  0.100000E+001  0.100000E+001  0.100000E+002
 -0.741994E+001  0.137053E+002  0.721000E+002 -0.200000E+002 -0.116062E-004  0.915964E-007  0.116066E-004  0.175568E-005 -0.138559E-007  0.175574E-005  0.210000E+002  0.200000E+001  0.100000E+001  0.500000E+000  0.300000E+000  0.200000E+001  0.100000E+001  0.100000E+001  0.100000E+002
 -0.737945E+001  0.137801E+002  0.725000E+002 -0.200000E+002 -0.106796E-004 -0.411796E-005  0.114460E-004  0.161557E-005  0.622950E-006  0.173151E-005  0.210000E+002  0.200000E+001  0.100000E+001  0.500000E+000  0.300000E+000  0.200000E+001  0.100000E+001  0.100000E+001  0.100000E+002
 -0.733941E+001  0.138548E+002  0.729000E+002 -0.200000E+002 -0.830616E-005 -0.764466E-005  0.112886E-004  0.125656E-005  0.115649E-005  0.170776E-005  0.210000E+002  0.200000E+001  0.100000E+001  0.500000E+000  0.300000E+000  0.200000E+001  0.100000E+001  0.100000E+001  0.100000E+002
 -0.729979E+001  0.139296E+002  0.733000E+002 -0.200000E+002 -0.485204E-005 -0.100213E-004  0.111341E-004  0.734046E-006  0.151608E-005  0.168444E-005  0.210000E+002  0.200000E+001  0.100000E+001  0.500000E+000  0.300000E+000  0.200000E+001  0.100000E+001  0.100000E+001  0.100000E+002
 -0.726059E+001  0.140044E+002  0.737000E+002 -0.200000E+002 -0.822429E-006 -0.109518E-004  0.109827E-004  0.124426E-006  0.165691E-005  0.166157E-005  0.210000E+002  0.200000E+001  0.100000E+001  0.500000E+000  0.300000E+000  0.200000E+001  0.100000E+001  0.100000E+001  0.100000E+002
 -0.722181E+001  0.140792E+002  0.741000E+002 -0.200000E+002  0.321209E-005 -0.103469E-004  0.108340E-004 -0.485975E-006  0.156543E-005  0.163913E-005  0.210000E+002  0.200000E+001  0.100000E+001  0.500000E+000  0.300000E+000  0.200000E+001  0.100000E+001  0.100000E+001  0.100000E+002
 -0.718345E+001  0.141540E+002  0.745000E+002 -0.200000E+002  0.669546E-005 -0.833098E-005  0.106880E-004 -0.101302E-005  0.126048E-005  0.161710E-005  0.210000E+002  0.200000E+001  0.100000E+001  0.500000E+000  0.300000E+000  0.200000E+001  0.100000E+001  0.100000E+001  0.100000E+002
 -0.714548E+001  0.142288E+002  0.749000E+002 -0.200000E+002  0.916252E-005 -0.521973E-005  0.105450E-004 -0.138633E-005  0.789770E-006  0.159551E-005  0.210000E+002  0.200000E+001  0.100000E+001  0.500000E+000  0.300000E+000  0.200000E+001  0.100000E+001  0.100000E+001  0.100000E+002
 -0.710791E+001  0.143036E+002  0.753000E+002 -0.200000E+002  0.103000E-004 -0.147075E-005  0.104045E-004 -0.155848E-005  0.222538E-006  0.157429E-005  0.210000E+002  0.200000E+001  0.100000E+001  0.500000E+000  0.300000E+000  0.200000E+001  0.100000E+001  0.100000E+001  0.100000E+002
 -0.707073E+001  0.143785E+002  0.757000E+002 -0.200000E+002  0.998648E-005  0.238228E-005  0.102667E-004 -0.151109E-005 -0.360472E-006  0.155349E-005  0.210000E+002  0.200000E+001  0.100000E+001  0.500000E+000  0.300000E+000  0.200000E+001  0.100000E+001  0.100000E+001  0.100000E+002
 -0.703394E+001  0.144533E+002  0.761000E+002 -0.200000E+002  0.830301E-005  0.580550E-005  0.101313E-004 -0.125639E-005 -0.878476E-006  0.153305E-005  0.210000E+002  0.200000E+001  0.100000E+001  0.500000E+000  0.300000E+000  0.200000E+001  0.100000E+001  0.100000E+001  0.100000E+002
 -0.699753E+001  0.145281E+002  0.765000E+002 -0.200000E+002  0.551764E-005  0.833821E-005  0.999851E-005 -0.834941E-006 -0.126176E-005  0.151300E-005  0.210000E+002  0.200000E+001  0.100000E+001  0.500000E+000  0.300000E+000  0.200000E+001  0.100000E+001  0.100000E+001  0.100000E+002
 -0.696149E+001  0.146030E+002  0.769000E+002 -0.200000E+002  0.204297E-005  0.965419E-005  0.986798E-005 -0.309155E-006 -0.146093E-005  0.149329E-005  0.210000E+002  0.200000E+001  0.100000E+001  0.500000E+000  0.300000E+000  0.200000E+001  0.100000E+001  0.100000E+001  0.100000E+002
 -0.692582E+001  0.146778E+002  0.773000E+002 -0.200000E+002 -0.162392E-005  0.960360E-005  0.973993E-005  0.245748E-006 -0.145332E-005  0.147395E-005  0.210000E+002  0.200000E+001  0.100000E+001  0.500000E+000  0.300000E+000  0.200000E+001  0.100000E+001  0.100000E+001  0.100000E+002
 -0.689051E+001  0.147527E+002  0.777000E+002 -0.200000E+002 -0.497234E-005  0.822840E-005  0.961409E-005  0.752488E-006 -0.124524E-005  0.145494E-005  0.210000E+002  0.200000E+001  0.100000E+001  0.500000E+000  0.300000E+000  0.200000E+001  0.100000E+001  0.100000E+001  0.100000E+002
 -0.685555E+001  0.148275E+002  0.781000E+002 -0.200000E+002 -0.754869E-005  0.575237E-005  0.949065E-005  0.114241E-005 -0.870555E-006  0.143630E-005  0.210000E+002  0.200000E+001  0.100000E+001  0.500000E+000  0.300000E+000  0.200000E+001  0.100000E+001  0.100000E+001  0.100000E+002
 -0.682095E+001  0.149024E+002  0.785000E+002 -0.200000E+002 -0.901710E-005  0.254496E-005  0.936936E-005  0.136467E-005 -0.385161E-006  0.141798E-005  0.210000E+002  0.200000E+001  0.100000E+001  0.500000E+000  0.300000E+000  0.200000E+001  0.100000E+001  0.100000E+001  0.100000E+002
 -0.678669E+001  0.149772E+002  0.789000E+002 -0.200000E+002 -0.920307E-005 -0.932734E-006  0.925022E-005  0.139285E-005  0.141166E-006  0.139999E-005  0.210000E+002  0.200000E+001  0.100000E+001  0.500000E+000  0.300000E+000  0.200000E+001  0.100000E+001  0.100000E+001  0.100000E+002
 -0.675278E+001  0.150521E+002  0.793000E+002 -0.200000E+002 -0.811326E-005 -0.419401E-005  0.913316E-005  0.122794E-005  0.634764E-006  0.138231E-005  0.210000E+002  0.200000E+001  0.100000E+001  0.500000E+000  0.300000E+000  0.200000E+001  0.100000E+001  0.100000E+001  0.100000E+002
 -0.671920E+001  0.151270E+002  0.797000E+002 -0.200000E+002 -0.593008E-005 -0.679423E-005  0.901817E-005  0.897541E-006  0.102833E-005  0.136494E-005  0.210000E+002  0.200000E+001  0.100000E+001  0.500000E+000  0.300000E+000  0.200000E+001  0.100000E+001  0.100000E+001  0.100000E+002
 -0.668595E+001  0.152019E+002  0.801000E+002 -0.200000E+002 -0.298214E-005 -0.839105E-005  0.890521E-005  0.451370E-006  0.127005E-005  0.134787E-005  0.210000E+002  0.200000E+001  0.100000E+001  0.500000E+000  0.300000E+000  0.200000E+001  0.100000E+001  0.100000E+001  0.100000E+002
 -0.665302E+001  0.152768E+002  0.805000E+002 -0.200000E+002  0.304656E-006 -0.878880E-005  0.879408E-005 -0.461131E-007  0.133028E-005  0.133108E-005  0.210000E+002  0.200000E+001  0.100000E+001  0.500000E+000  0.300000E+000  0.200000E+001  0.100000E+001  0.100000E+001  0.100000E+002
 -0.662042E+001  0.153517E+002  0.809000E+002 -0.200000E+002  0.346819E-005 -0.796257E-005  0.868509E-005 -0.524963E-006  0.120525E-005  0.131462E-005  0.210000E+002  0.200000E+001  0.100000E+001  0.500000E+000  0.300000E+000  0.200000E+001  0.100000E+001  0.100000E+001  0.100000E+002
 -0.658814E+001  0.154266E+002  0.813000E+002 -0.200000E+002  0.607472E-005 -0.605621E-005  0.857787E-005 -0.919521E-006  0.916719E-006  0.129842E-005  0.210000E+002  0.200000E+001  0.100000E+001  0.500000E+000  0.300000E+000  0.200000E+001  0.100000E+001  0.100000E+001  0.100000E+002
 -0.655616E+001  0.155015E+002  0.817000E+002 -0.200000E+002  0.777804E-005 -0.335954E-005  0.847257E-005 -0.117738E-005  0.508540E-006  0.128251E-005  0.210000E+002  0.200000E+001  0.100000E+001  0.500000E+000  0.300000E+000  0.200000E+001  0.100000E+001  0.100000E+001  0.100000E+002
 -0.652450E+001  0.155764E+002  0.821000E+002 -0.200000E+002  0.836480E-005 -0.264117E-006  0.836897E-005 -0.126623E-005  0.399807E-007  0.126686E-005  0.210000E+002  0.200000E+001  0.100000E+001  0.500000E+000  0.300000E+000  0.200000E+001  0.100000E+001  0.100000E+001  0.100000E+002
 -0.649313E+001  0.156513E+002  0.825000E+002 -0.200000E+002  0.778104E-005  0.279280E-005  0.826706E-005 -0.117788E-005 -0.422770E-006  0.125146E-005  0.210000E+002  0.200000E+001  0.100000E+001  0.500000E+000  0.300000E+000  0.200000E+001  0.100000E+001  0.100000E+001  0.100000E+002
 -0.646207E+001  0.157262E+002  0.829000E+002 -0.200000E+002  0.613580E-005  0.538995E-005  0.816698E-005 -0.928849E-006 -0.815941E-006  0.123633E-005  0.210000E+002  0.200000E+001  0.100000E+001  0.500000E+000  0.300000E+000  0.200000E+001  0.100000E+001  0.100000E+001  0.100000E+002
 -0.643130E+001  0.158011E+002  0.833000E+002 -0.200000E+002  0.368178E-005  0.717972E-005  0.806870E-005 -0.557367E-006 -0.108690E-005  0.122148E-005  0.210000E+002  0.200000E+001  0.100000E+001  0.500000E+000  0.300000E+000  0.200000E+001  0.100000E+001  0.100000E+001  0.100000E+002
 -0.640082E+001  0.158760E+002  0.837000E+002 -0.200000E+002  0.777186E-006  0.793388E-005  0.797185E-005 -0.117657E-006 -0.120110E-005  0.120685E-005  0.210000E+002  0.200000E+001  0.100000E+001  0.500000E+000  0.300000E+000  0.200000E+001  0.100000E+001  0.100000E+001  0.100000E+002
 -0.637063E+001  0.159510E+002  0.841000E+002 -0.200000E+002 -0.216582E-005  0.757314E-005  0.787676E-005  0.327888E-006 -0.114651E-005  0.119248E-005  0.210000E+002  0.200000E+001  0.100000E+001  0.500000E+000  0.300000E+000  0.200000E+001  0.100000E+001  0.100000E+001  0.100000E+002
 -0.634072E+001  0.160259E+002  0.845000E+002 -0.200000E+002 -0.473973E-005  0.617362E-005  0.778322E-005  0.717571E-006 -0.934654E-006  0.117834E-005  0.210000E+002  0.200000E+001  0.100000E+001  0.500000E+000  0.300000E+000  0.200000E+001  0.100000E+001  0.100000E+001  0.100000E+002
 -0.631108E+001  0.161008E+002  0.849000E+002 -0.200000E+002 -0.659753E-005  0.395318E-005  0.769123E-005  0.998852E-006 -0.598504E-006  0.116444E-005  0.210000E+002  0.200000E+001  0.100000E+001  0.500000E+000  0.300000E+000  0.200000E+001  0.100000E+001  0.100000E+001  0.100000E+002
 -0.628173E+001  0.161758E+002  0.853000E+002 -0.200000E+002 -0.749925E-005  0.123797E-005  0.760074E-005  0.113539E-005 -0.187430E-006  0.115076E-005  0.210000E+002  0.200000E+001  0.100000E+001  0.500000E+000  0.300000E+000  0.200000E+001  0.100000E+001  0.100000E+001  0.100000E+002
 -0.625264E+001  0.162507E+002  0.857000E+002 -0.200000E+002 -0.734259E-005 -0.158518E-005  0.751175E-005  0.111170E-005  0.240002E-006  0.113731E-005  0.210000E+002  0.200000E+001  0.100000E+001  0.500000E+000  0.300000E+000  0.200000E+001  0.100000E+001  0.100000E+001  0.100000E+002
 -0.622382E+001  0.163257E+002  0.861000E+002 -0.200000E+002 -0.617365E-005 -0.412342E-005  0.742405E-005  0.934733E-006  0.624315E-006  0.112405E-005  0.210000E+002  0.200000E+001  0.100000E+001  0.500000E+000  0.300000E+000  0.200000E+001  0.100000E+001  0.100000E+001  0.100000E+002
 -0.619526E+001  0.164006E+002  0.865000E+002 -0.200000E+002 -0.417775E-005 -0.603261E-005  0.733798E-005  0.632552E-006  0.913397E-006  0.111104E-005  0.210000E+002  0.200000E+001  0.100000E+001  0.500000E+000  0.300000E+000  0.200000E+001  0.100000E+001  0.100000E+001  0.100000E+002
 -0.616697E+001  0.164756E+002  0.869000E+002 -0.200000E+002 -0.164962E-005 -0.706308E-005  0.725316E-005  0.249774E-006  0.106944E-005  0.109822E-005  0.210000E+002  0.200000E+001  0.100000E+001  0.500000E+000  0.300000E+000  0.200000E+001  0.100000E+001  0.100000E+001  0.100000E+002
 -0.613893E+001  0.165506E+002  0.873000E+002 -0.200000E+002  0.104884E-005 -0.709262E-005  0.716975E-005 -0.158811E-006  0.107393E-005  0.108561E-005  0.210000E+002  0.200000E+001  0.100000E+001  0.500000E+000  0.300000E+000  0.200000E+001  0.100000E+001  0.100000E+001  0.100000E+002
 -0.611114E+001  0.166255E+002  0.877000E+002 -0.200000E+002  0.354066E-005 -0.614000E-005  0.708772E-005 -0.536121E-006  0.929709E-006  0.107321E-005  0.210000E+002  0.200000E+001  0.100000E+001  0.500000E+000  0.300000E+000  0.200000E+001  0.100000E+001  0.100000E+001  0.100000E+002
 -0.608360E+001  0.167005E+002  0.881000E+002 -0.200000E+002  0.548585E-005 -0.435914E-005  0.700690E-005 -0.830674E-006  0.660066E-006  0.106099E-005  0.210000E+002  0.200000E+001  0.100000E+001  0.500000E+000  0.300000E+000  0.200000E+001  0.100000E+001  0.100000E+001  0.100000E+002
 -0.605631E+001  0.167755E+002  0.885000E+002 -0.200000E+002  0.662783E-005 -0.201521E-005  0.692742E-005 -0.100361E-005  0.305152E-006  0.104898E-005  0.210000E+002  0.200000E+001  0.100000E+001  0.500000E+000  0.300000E+000  0.200000E+001  0.100000E+001  0.100000E+001  0.100000E+002
 -0.602926E+001  0.168505E+002  0.889000E+002 -0.200000E+002  0.682677E-005  0.554952E-006  0.684929E-005 -0.103375E-005 -0.840345E-007  0.103716E-005  0.210000E+002  0.200000E+001  0.100000E+001  0.500000E+000  0.300000E+000  0.200000E+001  0.100000E+001  0.100000E+001  0.100000E+002
 -0.600245E+001  0.169254E+002  0.893000E+002 -0.200000E+002  0.607612E-005  0.299078E-005  0.677230E-005 -0.920103E-006 -0.452891E-006  0.102552E-005  0.210000E+002  0.200000E+001  0.100000E+001  0.500000E+000  0.300000E+000  0.200000E+001  0.100000E+001  0.100000E+001  0.100000E+002
 -0.597588E+001  0.170004E+002  0.897000E+002 -0.200000E+002  0.450095E-005  0.495819E-005  0.669643E-005 -0.681587E-006 -0.750828E-006  0.101405E-005  0.210000E+002  0.200000E+001  0.100000E+001  0.500000E+000  0.300000E+000  0.200000E+001  0.100000E+001  0.100000E+001  0.100000E+002
 -0.594954E+001  0.170754E+002  0.901000E+002 -0.200000E+002  0.233763E-005  0.619552E-005  0.662185E-005 -0.353998E-006 -0.938215E-006  0.100278E-005  0.210000E+002  0.200000E+001  0.100000E+001  0.500000E+000  0.300000E+000  0.200000E+001  0.100000E+001  0.100000E+001  0.100000E+002
 -0.592343E+001  0.171504E+002  0.905000E+002 -0.200000E+002 -0.101590E-006  0.654758E-005  0.654837E-005  0.153846E-007 -0.991546E-006  0.991665E-006  0.210000E+002  0.200000E+001  0.100000E+001  0.500000E+000  0.300000E+000  0.200000E+001  0.100000E+001  0.100000E+001  0.100000E+002
 -0.589755E+001  0.172254E+002  0.909000E+002 -0.200000E+002 -0.247311E-005  0.598532E-005  0.647614E-005  0.374526E-006 -0.906415E-006  0.980743E-006  0.210000E+002  0.200000E+001  0.100000E+001  0.500000E+000  0.300000E+000  0.200000E+001  0.100000E+001  0.100000E+001  0.100000E+002
 -0.587189E+001  0.173004E+002  0.913000E+002 -0.200000E+002 -0.445010E-005  0.460631E-005  0.640480E-005  0.673932E-006 -0.697589E-006  0.969956E-006  0.210000E+002  0.200000E+001  0.100000E+001  0.500000E+000  0.300000E+000  0.200000E+001  0.100000E+001  0.100000E+001  0.100000E+002
 -0.584646E+001  0.173754E+002  0.917000E+002 -0.200000E+002 -0.576769E-005  0.261953E-005  0.633468E-005  0.873485E-006 -0.396713E-006  0.959352E-006  0.210000E+002  0.200000E+001  0.100000E+001  0.500000E+000  0.300000E+000  0.200000E+001  0.100000E+001  0.100000E+001  0.100000E+002
 -0.582124E+001  0.174504E+002  0.921000E+002 -0.200000E+002 -0.625795E-005  0.313064E-006  0.626577E-005  0.947746E-006 -0.474126E-007  0.948931E-006  0.210000E+002  0.200000E+001  0.100000E+001  0.500000E+000  0.300000E+000  0.200000E+001  0.100000E+001  0.100000E+001  0.100000E+002
 -0.579624E+001  0.175254E+002  0.925000E+002 -0.200000E+002 -0.587058E-005 -0.198693E-005  0.619771E-005  0.889094E-006  0.300919E-006  0.938638E-006  0.210000E+002  0.200000E+001  0.100000E+001  0.500000E+000  0.300000E+000  0.200000E+001  0.100000E+001  0.100000E+001  0.100000E+002
 -0.577145E+001  0.176005E+002  0.929000E+002 -0.200000E+002 -0.467831E-005 -0.396212E-005  0.613066E-005  0.708538E-006  0.600069E-006  0.928498E-006  0.210000E+002  0.200000E+001  0.100000E+001  0.500000E+000  0.300000E+000  0.200000E+001  0.100000E+001  0.100000E+001  0.100000E+002
 -0.574687E+001  0.176755E+002  0.933000E+002 -0.200000E+002 -0.286358E-005 -0.534615E-005  0.606477E-005  0.433701E-006  0.809695E-006  0.918533E-006  0.210000E+002  0.200000E+001  0.100000E+001  0.500000E+000  0.300000E+000  0.200000E+001  0.100000E+001  0.100000E+001  0.100000E+002
 -0.572250E+001  0.177505E+002  0.937000E+002 -0.200000E+002 -0.690778E-006 -0.595979E-005  0.599969E-005  0.104623E-006  0.902648E-006  0.908691E-006  0.210000E+002  0.200000E+001  0.100000E+001  0.500000E+000  0.300000E+000  0.200000E+001  0.100000E+001  0.100000E+001  0.100000E+002
 -0.569834E+001  0.178255E+002  0.941000E+002 -0.200000E+002  0.153153E-005 -0.573477E-005  0.593576E-005 -0.231963E-006  0.868580E-006  0.899021E-006  0.210000E+002  0.200000E+001  0.100000E+001  0.500000E+000  0.300000E+000  0.200000E+001  0.100000E+001  0.100000E+001  0.100000E+002
 -0.567437E+001  0.179005E+002  0.945000E+002 -0.200000E+002  0.349453E-005 -0.471971E-005  0.587260E-005 -0.529284E-006  0.714851E-006  0.889468E-006  0.210000E+002  0.200000E+001  0.100000E+001  0.500000E+000  0.300000E+000  0.200000E+001  0.100000E+001  0.100000E+001  0.100000E+002
 -0.565061E+001  0.179756E+002  0.949000E+002 -0.200000E+002  0.493200E-005 -0.307214E-005  0.581056E-005 -0.747015E-006  0.465315E-006  0.880085E-006  0.210000E+002  0.200000E+001  0.100000E+001  0.500000E+000  0.300000E+000  0.200000E+001  0.100000E+001  0.100000E+001  0.100000E+002
 -0.562705E+001  0.180506E+002  0.953000E+002 -0.200000E+002  0.565567E-005 -0.103331E-005  0.574929E-005 -0.856636E-006  0.156510E-006  0.870816E-006  0.210000E+002  0.200000E+001  0.100000E+001  0.500000E+000  0.300000E+000  0.200000E+001  0.100000E+001  0.100000E+001  0.100000E+002
 -0.560368E+001  0.181256E+002  0.957000E+002 -0.200000E+002  0.558053E-005  0.110611E-005  0.568909E-005 -0.845266E-006 -0.167540E-006  0.861710E-006  0.210000E+002  0.200000E+001  0.100000E+001  0.500000E+000  0.300000E+000  0.200000E+001  0.100000E+001  0.100000E+001  0.100000E+002
 -0.558050E+001  0.182007E+002  0.961000E+002 -0.200000E+002  0.473333E-005  0.304770E-005  0.562964E-005 -0.716954E-006 -0.461632E-006  0.852718E-006  0.210000E+002  0.200000E+001  0.100000E+001  0.500000E+000  0.300000E+000  0.200000E+001  0.100000E+001  0.100000E+001  0.100000E+002
 -0.555752E+001  0.182757E+002  0.965000E+002 -0.200000E+002  0.324760E-005  0.452659E-005  0.557108E-005 -0.491919E-006 -0.685649E-006  0.843859E-006  0.210000E+002  0.200000E+001  0.100000E+001  0.500000E+000  0.300000E+000  0.200000E+001  0.100000E+001  0.100000E+001  0.100000E+002
 -0.553472E+001  0.183508E+002  0.969000E+002 -0.200000E+002  0.134232E-005  0.534734E-005  0.551325E-005 -0.203326E-006 -0.809980E-006  0.835110E-006  0.210000E+002  0.200000E+001  0.100000E+001  0.500000E+000  0.300000E+000  0.200000E+001  0.100000E+001  0.100000E+001  0.100000E+002
 -0.551210E+001  0.184258E+002  0.973000E+002 -0.200000E+002 -0.709826E-006  0.541008E-005  0.545645E-005  0.107521E-006 -0.819495E-006  0.826518E-006  0.210000E+002  0.200000E+001  0.100000E+001  0.500000E+000  0.300000E+000  0.200000E+001  0.100000E+001  0.100000E+001  0.100000E+002
 -0.548967E+001  0.185009E+002  0.977000E+002 -0.200000E+002 -0.262155E-005  0.472136E-005  0.540035E-005  0.397106E-006 -0.715180E-006  0.818031E-006  0.210000E+002  0.200000E+001  0.100000E+001  0.500000E+000  0.300000E+000  0.200000E+001  0.100000E+001  0.100000E+001  0.100000E+002
 -0.546743E+001  0.185759E+002  0.981000E+002 -0.200000E+002 -0.413083E-005  0.339211E-005  0.534511E-005  0.625736E-006 -0.513835E-006  0.809674E-006  0.210000E+002  0.200000E+001  0.100000E+001  0.500000E+000  0.300000E+000  0.200000E+001  0.100000E+001  0.100000E+001  0.100000E+002
 -0.544536E+001  0.186510E+002  0.985000E+002 -0.200000E+002 -0.503659E-005  0.161946E-005  0.529054E-005  0.762949E-006 -0.245318E-006  0.801419E-006  0.210000E+002  0.200000E+001  0.100000E+001  0.500000E+000  0.300000E+000  0.200000E+001  0.100000E+001  0.100000E+001  0.100000E+002
 -0.542347E+001  0.187260E+002  0.989000E+002 -0.200000E+002 -0.522564E-005 -0.341845E-006  0.523681E-005  0.791597E-006  0.517838E-007  0.793289E-006  0.210000E+002  0.200000E+001  0.100000E+001  0.500000E+000  0.300000E+000  0.200000E+001  0.100000E+001  0.100000E+001  0.100000E+002
 -0.540175E+001  0.188011E+002  0.993000E+002 -0.200000E+002 -0.468627E-005 -0.221624E-005  0.518390E-005  0.709901E-006  0.335727E-006  0.785284E-006  0.210000E+002  0.200000E+001  0.100000E+001  0.500000E+000  0.300000E+000  0.200000E+001  0.100000E+001  0.100000E+001  0.100000E+002
 -0.538020E+001  0.188762E+002  0.997000E+002 -0.200000E+002 -0.350773E-005 -0.374561E-005  0.513164E-005  0.531375E-006  0.567411E-006  0.777377E-006  0.210000E+002  0.200000E+001  0.100000E+001  0.500000E+000  0.300000E+000  0.200000E+001  0.100000E+001  0.100000E+001  0.100000E+002
