 % the field is ppp
% Dinn5 settings , t1, t2, t3, t4, tm, tp, eps, step, IntLimit
%   0.250000E+001  0.250000E+001  0.250000E+001  0.280000E+002  0.200000E-001  0.000000E+000  0.100000E-005  0.100000E-001  0.100000E+006
% 1)psi, 2) R, 3) x, 4) z, 5) re(u), 6) im(u), 7) abs(u), 8) re(w), 9) im(w), 10) abs(w), 11) fieldCode, 12) cp(1), 13) cp(2), 14) cs(1), 15) cs(2), 16) rho(1), 17) rho(2), 18) h, 19) w
  0.183000E+003  0.300000E+002 -0.299589E+002 -0.257008E+001  0.359483E-004 -0.189201E-004  0.406233E-004  0.620639E-004 -0.332260E-004  0.703981E-004  0.110000E+002  0.200000E+001  0.100000E+001  0.500000E+000  0.300000E+000  0.200000E+001  0.100000E+001  0.100000E+001  0.100000E+002
  0.183500E+003  0.300000E+002 -0.299440E+002 -0.283146E+001 -0.588043E-005  0.401560E-004  0.405843E-004 -0.915323E-005  0.703988E-004  0.709913E-004  0.110000E+002  0.200000E+001  0.100000E+001  0.500000E+000  0.300000E+000  0.200000E+001  0.100000E+001  0.100000E+001  0.100000E+002
  0.184000E+003  0.300000E+002 -0.299269E+002 -0.309269E+001 -0.302485E-004 -0.284880E-004  0.415516E-004 -0.530732E-004 -0.481311E-004  0.716475E-004  0.110000E+002  0.200000E+001  0.100000E+001  0.500000E+000  0.300000E+000  0.200000E+001  0.100000E+001  0.100000E+001  0.100000E+002
  0.184500E+003  0.300000E+002 -0.299075E+002 -0.335377E+001  0.404614E-004 -0.972015E-005  0.416126E-004  0.701575E-004 -0.171529E-004  0.722239E-004  0.110000E+002  0.200000E+001  0.100000E+001  0.500000E+000  0.300000E+000  0.200000E+001  0.100000E+001  0.100000E+001  0.100000E+002
  0.185000E+003  0.300000E+002 -0.298858E+002 -0.361467E+001 -0.147423E-004  0.388669E-004  0.415688E-004 -0.245198E-004  0.686094E-004  0.728593E-004  0.110000E+002  0.200000E+001  0.100000E+001  0.500000E+000  0.300000E+000  0.200000E+001  0.100000E+001  0.100000E+001  0.100000E+002
  0.185500E+003  0.300000E+002 -0.298619E+002 -0.387537E+001 -0.255687E-004 -0.343527E-004  0.428237E-004 -0.450736E-004 -0.581884E-004  0.736038E-004  0.110000E+002  0.200000E+001  0.100000E+001  0.500000E+000  0.300000E+000  0.200000E+001  0.100000E+001  0.100000E+001  0.100000E+002
  0.186000E+003  0.300000E+002 -0.298357E+002 -0.413585E+001  0.424669E-004 -0.438536E-005  0.426927E-004  0.738007E-004 -0.772115E-005  0.742035E-004  0.110000E+002  0.200000E+001  0.100000E+001  0.500000E+000  0.300000E+000  0.200000E+001  0.100000E+001  0.100000E+001  0.100000E+002
  0.186500E+003  0.300000E+002 -0.298072E+002 -0.439610E+001 -0.189907E-004  0.381695E-004  0.426329E-004 -0.318754E-004  0.677573E-004  0.748805E-004  0.110000E+002  0.200000E+001  0.100000E+001  0.500000E+000  0.300000E+000  0.200000E+001  0.100000E+001  0.100000E+001  0.100000E+002
  0.187000E+003  0.300000E+002 -0.297764E+002 -0.465608E+001 -0.243052E-004 -0.368970E-004  0.441830E-004 -0.429427E-004 -0.623850E-004  0.757361E-004  0.110000E+002  0.200000E+001  0.100000E+001  0.500000E+000  0.300000E+000  0.200000E+001  0.100000E+001  0.100000E+001  0.100000E+002
  0.187500E+003  0.300000E+002 -0.297433E+002 -0.491579E+001  0.437462E-004 -0.397592E-005  0.439265E-004  0.760537E-004 -0.680860E-005  0.763579E-004  0.110000E+002  0.200000E+001  0.100000E+001  0.500000E+000  0.300000E+000  0.200000E+001  0.100000E+001  0.100000E+001  0.100000E+002
  0.188000E+003  0.300000E+002 -0.297080E+002 -0.517519E+001 -0.185350E-004  0.396195E-004  0.437407E-004 -0.310224E-004  0.705424E-004  0.770625E-004  0.110000E+002  0.200000E+001  0.100000E+001  0.500000E+000  0.300000E+000  0.200000E+001  0.100000E+001  0.100000E+001  0.100000E+002
  0.188500E+003  0.300000E+002 -0.296705E+002 -0.543428E+001 -0.274763E-004 -0.364165E-004  0.456191E-004 -0.484563E-004 -0.611960E-004  0.780575E-004  0.110000E+002  0.200000E+001  0.100000E+001  0.500000E+000  0.300000E+000  0.200000E+001  0.100000E+001  0.100000E+001  0.100000E+002
  0.189000E+003  0.300000E+002 -0.296307E+002 -0.569303E+001  0.444558E-004 -0.916203E-005  0.453901E-004  0.771619E-004 -0.155786E-004  0.787188E-004  0.110000E+002  0.200000E+001  0.100000E+001  0.500000E+000  0.300000E+000  0.200000E+001  0.100000E+001  0.100000E+001  0.100000E+002
  0.189500E+003  0.300000E+002 -0.295886E+002 -0.595143E+001 -0.125988E-004  0.430689E-004  0.448738E-004 -0.206129E-004  0.766897E-004  0.794116E-004  0.110000E+002  0.200000E+001  0.100000E+001  0.500000E+000  0.300000E+000  0.200000E+001  0.100000E+001  0.100000E+001  0.100000E+002
  0.190000E+003  0.300000E+002 -0.295442E+002 -0.620945E+001 -0.348931E-004 -0.316055E-004  0.470791E-004 -0.612546E-004 -0.523429E-004  0.805723E-004  0.110000E+002  0.200000E+001  0.100000E+001  0.500000E+000  0.300000E+000  0.200000E+001  0.100000E+001  0.100000E+001  0.100000E+002
  0.190500E+003  0.300000E+002 -0.294976E+002 -0.646707E+001  0.426076E-004 -0.202474E-004  0.471738E-004  0.736502E-004 -0.345034E-004  0.813316E-004  0.110000E+002  0.200000E+001  0.100000E+001  0.500000E+000  0.300000E+000  0.200000E+001  0.100000E+001  0.100000E+001  0.100000E+002
  0.191000E+003  0.300000E+002 -0.294488E+002 -0.672427E+001  0.170465E-006  0.460804E-004  0.460807E-004  0.164249E-005  0.819290E-004  0.819455E-004  0.110000E+002  0.200000E+001  0.100000E+001  0.500000E+000  0.300000E+000  0.200000E+001  0.100000E+001  0.100000E+001  0.100000E+002
  0.191500E+003  0.300000E+002 -0.293977E+002 -0.698104E+001 -0.442494E-004 -0.196879E-004  0.484316E-004 -0.772591E-004 -0.310443E-004  0.832629E-004  0.110000E+002  0.200000E+001  0.100000E+001  0.500000E+000  0.300000E+000  0.200000E+001  0.100000E+001  0.100000E+001  0.100000E+002
  0.192000E+003  0.300000E+002 -0.293444E+002 -0.723735E+001  0.339291E-004 -0.358120E-004  0.493323E-004  0.581147E-004 -0.609959E-004  0.842485E-004  0.110000E+002  0.200000E+001  0.100000E+001  0.500000E+000  0.300000E+000  0.200000E+001  0.100000E+001  0.100000E+001  0.100000E+002
  0.192500E+003  0.300000E+002 -0.292889E+002 -0.749319E+001  0.199731E-004  0.431688E-004  0.475655E-004  0.359449E-004  0.767195E-004  0.847226E-004  0.110000E+002  0.200000E+001  0.100000E+001  0.500000E+000  0.300000E+000  0.200000E+001  0.100000E+001  0.100000E+001  0.100000E+002
  0.193000E+003  0.300000E+002 -0.292311E+002 -0.774853E+001 -0.494538E-004  0.174718E-005  0.494847E-004 -0.858162E-004  0.674364E-005  0.860808E-004  0.110000E+002  0.200000E+001  0.100000E+001  0.500000E+000  0.300000E+000  0.200000E+001  0.100000E+001  0.100000E+001  0.100000E+002
  0.193500E+003  0.300000E+002 -0.291711E+002 -0.800336E+001  0.134191E-004 -0.499697E-004  0.517402E-004  0.220009E-004 -0.846759E-004  0.874874E-004  0.110000E+002  0.200000E+001  0.100000E+001  0.500000E+000  0.300000E+000  0.200000E+001  0.100000E+001  0.100000E+001  0.100000E+002
  0.194000E+003  0.300000E+002 -0.291089E+002 -0.825766E+001  0.420220E-004  0.266296E-004  0.497492E-004  0.737524E-004  0.477910E-004  0.878828E-004  0.110000E+002  0.200000E+001  0.100000E+001  0.500000E+000  0.300000E+000  0.200000E+001  0.100000E+001  0.100000E+001  0.100000E+002
  0.194500E+003  0.300000E+002 -0.290444E+002 -0.851140E+001 -0.402755E-004  0.299325E-004  0.501804E-004 -0.692080E-004  0.559411E-004  0.889896E-004  0.110000E+002  0.200000E+001  0.100000E+001  0.500000E+000  0.300000E+000  0.200000E+001  0.100000E+001  0.100000E+001  0.100000E+002
  0.195000E+003  0.300000E+002 -0.289778E+002 -0.876457E+001 -0.190964E-004 -0.503888E-004  0.538861E-004 -0.346729E-004 -0.840723E-004  0.909415E-004  0.110000E+002  0.200000E+001  0.100000E+001  0.500000E+000  0.300000E+000  0.200000E+001  0.100000E+001  0.100000E+001  0.100000E+002
  0.195500E+003  0.300000E+002 -0.289089E+002 -0.901715E+001  0.525102E-004 -0.750813E-005  0.530442E-004  0.909199E-004 -0.113838E-004  0.916298E-004  0.110000E+002  0.200000E+001  0.100000E+001  0.500000E+000  0.300000E+000  0.200000E+001  0.100000E+001  0.100000E+001  0.100000E+002
  0.196000E+003  0.300000E+002 -0.288379E+002 -0.926912E+001 -0.823065E-005  0.504275E-004  0.510947E-004 -0.130767E-004  0.911950E-004  0.921277E-004  0.110000E+002  0.200000E+001  0.100000E+001  0.500000E+000  0.300000E+000  0.200000E+001  0.100000E+001  0.100000E+001  0.100000E+002
  0.196500E+003  0.300000E+002 -0.287646E+002 -0.952046E+001 -0.496285E-004 -0.235086E-004  0.549148E-004 -0.872019E-004 -0.359597E-004  0.943253E-004  0.110000E+002  0.200000E+001  0.100000E+001  0.500000E+000  0.300000E+000  0.200000E+001  0.100000E+001  0.100000E+001  0.100000E+002
  0.197000E+003  0.300000E+002 -0.286891E+002 -0.977115E+001  0.323907E-004 -0.469873E-004  0.570698E-004  0.546206E-004 -0.789376E-004  0.959925E-004  0.110000E+002  0.200000E+001  0.100000E+001  0.500000E+000  0.300000E+000  0.200000E+001  0.100000E+001  0.100000E+001  0.100000E+002
  0.197500E+003  0.300000E+002 -0.286115E+002 -0.100212E+002  0.375487E-004  0.385191E-004  0.537925E-004  0.659803E-004  0.697532E-004  0.960152E-004  0.110000E+002  0.200000E+001  0.100000E+001  0.500000E+000  0.300000E+000  0.200000E+001  0.100000E+001  0.100000E+001  0.100000E+002
  0.198000E+003  0.300000E+002 -0.285317E+002 -0.102705E+002 -0.479340E-004  0.261454E-004  0.546008E-004 -0.830885E-004  0.509467E-004  0.974642E-004  0.110000E+002  0.200000E+001  0.100000E+001  0.500000E+000  0.300000E+000  0.200000E+001  0.100000E+001  0.100000E+001  0.100000E+002
  0.198500E+003  0.300000E+002 -0.284497E+002 -0.105191E+002 -0.199754E-004 -0.564737E-004  0.599024E-004 -0.370225E-004 -0.933096E-004  0.100386E-003  0.110000E+002  0.200000E+001  0.100000E+001  0.500000E+000  0.300000E+000  0.200000E+001  0.100000E+001  0.100000E+001  0.100000E+002
  0.199000E+003  0.300000E+002 -0.283656E+002 -0.107670E+002  0.573078E-004 -0.151319E-004  0.592719E-004  0.984727E-004 -0.235066E-004  0.101239E-003  0.110000E+002  0.200000E+001  0.100000E+001  0.500000E+000  0.300000E+000  0.200000E+001  0.100000E+001  0.100000E+001  0.100000E+002
  0.199500E+003  0.300000E+002 -0.282792E+002 -0.110142E+002  0.440599E-005  0.552900E-004  0.554653E-004  0.847356E-005  0.100778E-003  0.101133E-003  0.110000E+002  0.200000E+001  0.100000E+001  0.500000E+000  0.300000E+000  0.200000E+001  0.100000E+001  0.100000E+001  0.100000E+002
  0.200000E+003  0.300000E+002 -0.281908E+002 -0.112606E+002 -0.589015E-004 -0.726781E-005  0.593482E-004 -0.103668E-003 -0.584510E-005  0.103833E-003  0.110000E+002  0.200000E+001  0.100000E+001  0.500000E+000  0.300000E+000  0.200000E+001  0.100000E+001  0.100000E+001  0.100000E+002
  0.200500E+003  0.300000E+002 -0.281002E+002 -0.115062E+002  0.109948E-004 -0.636802E-004  0.646224E-004  0.160051E-004 -0.105855E-003  0.107058E-003  0.110000E+002  0.200000E+001  0.100000E+001  0.500000E+000  0.300000E+000  0.200000E+001  0.100000E+001  0.100000E+001  0.100000E+002
  0.201000E+003  0.300000E+002 -0.280074E+002 -0.117510E+002  0.605731E-004  0.116106E-004  0.616759E-004  0.104407E-003  0.238247E-004  0.107091E-003  0.110000E+002  0.200000E+001  0.100000E+001  0.500000E+000  0.300000E+000  0.200000E+001  0.100000E+001  0.100000E+001  0.100000E+002
  0.201500E+003  0.300000E+002 -0.279125E+002 -0.119950E+002 -0.191309E-004  0.548927E-004  0.581309E-004 -0.330713E-004  0.101891E-003  0.107124E-003  0.110000E+002  0.200000E+001  0.100000E+001  0.500000E+000  0.300000E+000  0.200000E+001  0.100000E+001  0.100000E+001  0.100000E+002
  0.202000E+003  0.300000E+002 -0.278155E+002 -0.122382E+002 -0.576561E-004 -0.284169E-004  0.642786E-004 -0.102948E-003 -0.415377E-004  0.111012E-003  0.110000E+002  0.200000E+001  0.100000E+001  0.500000E+000  0.300000E+000  0.200000E+001  0.100000E+001  0.100000E+001  0.100000E+002
  0.202500E+003  0.300000E+002 -0.277164E+002 -0.124805E+002  0.279061E-004 -0.638382E-004  0.696711E-004  0.445536E-004 -0.105623E-003  0.114635E-003  0.110000E+002  0.200000E+001  0.100000E+001  0.500000E+000  0.300000E+000  0.200000E+001  0.100000E+001  0.100000E+001  0.100000E+002
  0.203000E+003  0.300000E+002 -0.276151E+002 -0.127219E+002  0.611847E-004  0.228682E-004  0.653187E-004  0.105027E-003  0.444721E-004  0.114054E-003  0.110000E+002  0.200000E+001  0.100000E+001  0.500000E+000  0.300000E+000  0.200000E+001  0.100000E+001  0.100000E+001  0.100000E+002
  0.203500E+003  0.300000E+002 -0.275118E+002 -0.129625E+002 -0.265523E-004  0.551111E-004  0.611741E-004 -0.468715E-004  0.103777E-003  0.113871E-003  0.110000E+002  0.200000E+001  0.100000E+001  0.500000E+000  0.300000E+000  0.200000E+001  0.100000E+001  0.100000E+001  0.100000E+002
  0.204000E+003  0.300000E+002 -0.274064E+002 -0.132021E+002 -0.598779E-004 -0.335427E-004  0.686329E-004 -0.108119E-003 -0.490934E-004  0.118742E-003  0.110000E+002  0.200000E+001  0.100000E+001  0.500000E+000  0.300000E+000  0.200000E+001  0.100000E+001  0.100000E+001  0.100000E+002
  0.204500E+003  0.300000E+002 -0.272988E+002 -0.134408E+002  0.285067E-004 -0.701005E-004  0.756750E-004  0.441750E-004 -0.115374E-003  0.123542E-003  0.110000E+002  0.200000E+001  0.100000E+001  0.500000E+000  0.300000E+000  0.200000E+001  0.100000E+001  0.100000E+001  0.100000E+002
  0.205000E+003  0.300000E+002 -0.271892E+002 -0.136785E+002  0.693629E-004  0.166477E-004  0.713327E-004  0.117904E-003  0.345893E-004  0.122873E-003  0.110000E+002  0.200000E+001  0.100000E+001  0.500000E+000  0.300000E+000  0.200000E+001  0.100000E+001  0.100000E+001  0.100000E+002
  0.205500E+003  0.300000E+002 -0.270776E+002 -0.139153E+002 -0.152849E-004  0.627470E-004  0.645819E-004 -0.282692E-004  0.118117E-003  0.121453E-003  0.110000E+002  0.200000E+001  0.100000E+001  0.500000E+000  0.300000E+000  0.200000E+001  0.100000E+001  0.100000E+001  0.100000E+002
  0.206000E+003  0.300000E+002 -0.269638E+002 -0.141511E+002 -0.686574E-004 -0.191088E-004  0.712670E-004 -0.124482E-003 -0.222059E-004  0.126447E-003  0.110000E+002  0.200000E+001  0.100000E+001  0.500000E+000  0.300000E+000  0.200000E+001  0.100000E+001  0.100000E+001  0.100000E+002
  0.206500E+003  0.300000E+002 -0.268480E+002 -0.143859E+002  0.801970E-005 -0.816866E-004  0.820793E-004  0.639616E-005 -0.133546E-003  0.133699E-003  0.110000E+002  0.200000E+001  0.100000E+001  0.500000E+000  0.300000E+000  0.200000E+001  0.100000E+001  0.100000E+001  0.100000E+002
  0.207000E+003  0.300000E+002 -0.267302E+002 -0.146197E+002  0.799747E-004 -0.132088E-004  0.810582E-004  0.133703E-003 -0.164857E-004  0.134716E-003  0.110000E+002  0.200000E+001  0.100000E+001  0.500000E+000  0.300000E+000  0.200000E+001  0.100000E+001  0.100000E+001  0.100000E+002
  0.207500E+003  0.300000E+002 -0.266103E+002 -0.148525E+002  0.216959E-004  0.674862E-004  0.708880E-004  0.345866E-004  0.126580E-003  0.131220E-003  0.110000E+002  0.200000E+001  0.100000E+001  0.500000E+000  0.300000E+000  0.200000E+001  0.100000E+001  0.100000E+001  0.100000E+002
  0.208000E+003  0.300000E+002 -0.264884E+002 -0.150841E+002 -0.678754E-004  0.214723E-004  0.711908E-004 -0.123738E-003  0.500747E-004  0.133486E-003  0.110000E+002  0.200000E+001  0.100000E+001  0.500000E+000  0.300000E+000  0.200000E+001  0.100000E+001  0.100000E+001  0.100000E+002
  0.208500E+003  0.300000E+002 -0.263645E+002 -0.153148E+002 -0.380458E-004 -0.764822E-004  0.854225E-004 -0.760157E-004 -0.121373E-003  0.143213E-003  0.110000E+002  0.200000E+001  0.100000E+001  0.500000E+000  0.300000E+000  0.200000E+001  0.100000E+001  0.100000E+001  0.100000E+002
  0.209000E+003  0.300000E+002 -0.262386E+002 -0.155443E+002  0.648495E-004 -0.671438E-004  0.933475E-004  0.103040E-003 -0.108625E-003  0.149722E-003  0.110000E+002  0.200000E+001  0.100000E+001  0.500000E+000  0.300000E+000  0.200000E+001  0.100000E+001  0.100000E+001  0.100000E+002
  0.209500E+003  0.300000E+002 -0.261107E+002 -0.157727E+002  0.780130E-004  0.353573E-004  0.856514E-004  0.129238E-003  0.699327E-004  0.146946E-003  0.110000E+002  0.200000E+001  0.100000E+001  0.500000E+000  0.300000E+000  0.200000E+001  0.100000E+001  0.100000E+001  0.100000E+002
  0.210000E+003  0.300000E+002 -0.259808E+002 -0.160000E+002 -0.193100E-004  0.714211E-004  0.739855E-004 -0.397931E-004  0.136981E-003  0.142644E-003  0.110000E+002  0.200000E+001  0.100000E+001  0.500000E+000  0.300000E+000  0.200000E+001  0.100000E+001  0.100000E+001  0.100000E+002
  0.210500E+003  0.300000E+002 -0.258489E+002 -0.162262E+002 -0.790976E-004 -0.154543E-004  0.805932E-004 -0.148296E-003 -0.118035E-004  0.148765E-003  0.110000E+002  0.200000E+001  0.100000E+001  0.500000E+000  0.300000E+000  0.200000E+001  0.100000E+001  0.100000E+001  0.100000E+002
  0.211000E+003  0.300000E+002 -0.257150E+002 -0.164511E+002 -0.108363E-004 -0.983479E-004  0.989431E-004 -0.333958E-004 -0.158798E-003  0.162271E-003  0.110000E+002  0.200000E+001  0.100000E+001  0.500000E+000  0.300000E+000  0.200000E+001  0.100000E+001  0.100000E+001  0.100000E+002
  0.211500E+003  0.300000E+002 -0.255792E+002 -0.166750E+002  0.894541E-004 -0.577611E-004  0.106482E-003  0.142357E-003 -0.917375E-004  0.169356E-003  0.110000E+002  0.200000E+001  0.100000E+001  0.500000E+000  0.300000E+000  0.200000E+001  0.100000E+001  0.100000E+001  0.100000E+002
  0.212000E+003  0.300000E+002 -0.254414E+002 -0.168976E+002  0.820158E-004  0.500244E-004  0.960678E-004  0.132903E-003  0.970134E-004  0.164544E-003  0.110000E+002  0.200000E+001  0.100000E+001  0.500000E+000  0.300000E+000  0.200000E+001  0.100000E+001  0.100000E+001  0.100000E+002
  0.212500E+003  0.300000E+002 -0.253017E+002 -0.171190E+002 -0.229402E-004  0.773588E-004  0.806885E-004 -0.501688E-004  0.149478E-003  0.157673E-003  0.110000E+002  0.200000E+001  0.100000E+001  0.500000E+000  0.300000E+000  0.200000E+001  0.100000E+001  0.100000E+001  0.100000E+002
  0.213000E+003  0.300000E+002 -0.251601E+002 -0.173392E+002 -0.851641E-004 -0.137615E-004  0.862688E-004 -0.163799E-003 -0.665995E-005  0.163935E-003  0.110000E+002  0.200000E+001  0.100000E+001  0.500000E+000  0.300000E+000  0.200000E+001  0.100000E+001  0.100000E+001  0.100000E+002
  0.213500E+003  0.300000E+002 -0.250166E+002 -0.175581E+002 -0.220218E-004 -0.107152E-003  0.109392E-003 -0.587195E-004 -0.172259E-003  0.181992E-003  0.110000E+002  0.200000E+001  0.100000E+001  0.500000E+000  0.300000E+000  0.200000E+001  0.100000E+001  0.100000E+001  0.100000E+002
  0.214000E+003  0.300000E+002 -0.248711E+002 -0.177758E+002  0.899907E-004 -0.857973E-004  0.124336E-003  0.136743E-003 -0.139674E-003  0.195468E-003  0.110000E+002  0.200000E+001  0.100000E+001  0.500000E+000  0.300000E+000  0.200000E+001  0.100000E+001  0.100000E+001  0.100000E+002
  0.214500E+003  0.300000E+002 -0.247238E+002 -0.179922E+002  0.116225E-003  0.250490E-004  0.118894E-003  0.186357E-003  0.530926E-004  0.193772E-003  0.110000E+002  0.200000E+001  0.100000E+001  0.500000E+000  0.300000E+000  0.200000E+001  0.100000E+001  0.100000E+001  0.100000E+002
  0.215000E+003  0.300000E+002 -0.245746E+002 -0.182073E+002  0.263157E-004  0.947000E-004  0.982884E-004  0.310629E-004  0.179204E-003  0.181876E-003  0.110000E+002  0.200000E+001  0.100000E+001  0.500000E+000  0.300000E+000  0.200000E+001  0.100000E+001  0.100000E+001  0.100000E+002
  0.215500E+003  0.300000E+002 -0.244235E+002 -0.184211E+002 -0.761767E-004  0.424112E-004  0.871872E-004 -0.152024E-003  0.927335E-004  0.178076E-003  0.110000E+002  0.200000E+001  0.100000E+001  0.500000E+000  0.300000E+000  0.200000E+001  0.100000E+001  0.100000E+001  0.100000E+002
  0.216000E+003  0.300000E+002 -0.242705E+002 -0.186336E+002 -0.758412E-004 -0.754512E-004  0.106980E-003 -0.158529E-003 -0.113361E-003  0.194890E-003  0.110000E+002  0.200000E+001  0.100000E+001  0.500000E+000  0.300000E+000  0.200000E+001  0.100000E+001  0.100000E+001  0.100000E+002
  0.216500E+003  0.300000E+002 -0.241157E+002 -0.188447E+002  0.298661E-004 -0.133383E-003  0.136686E-003  0.221378E-004 -0.219827E-003  0.220939E-003  0.110000E+002  0.200000E+001  0.100000E+001  0.500000E+000  0.300000E+000  0.200000E+001  0.100000E+001  0.100000E+001  0.100000E+002
  0.217000E+003  0.300000E+002 -0.239591E+002 -0.190545E+002  0.134265E-003 -0.709817E-004  0.151873E-003  0.206458E-003 -0.115719E-003  0.236676E-003  0.110000E+002  0.200000E+001  0.100000E+001  0.500000E+000  0.300000E+000  0.200000E+001  0.100000E+001  0.100000E+001  0.100000E+002
  0.217500E+003  0.300000E+002 -0.238006E+002 -0.192628E+002  0.134759E-003  0.502104E-004  0.143809E-003  0.211826E-003  0.965503E-004  0.232792E-003  0.110000E+002  0.200000E+001  0.100000E+001  0.500000E+000  0.300000E+000  0.200000E+001  0.100000E+001  0.100000E+001  0.100000E+002
  0.218000E+003  0.300000E+002 -0.236403E+002 -0.194698E+002  0.318767E-004  0.113521E-003  0.117911E-003  0.330774E-004  0.212791E-003  0.215347E-003  0.110000E+002  0.200000E+001  0.100000E+001  0.500000E+000  0.300000E+000  0.200000E+001  0.100000E+001  0.100000E+001  0.100000E+002
  0.218500E+003  0.300000E+002 -0.234782E+002 -0.196754E+002 -0.775582E-004  0.593447E-004  0.976579E-004 -0.163481E-003  0.123487E-003  0.204878E-003  0.110000E+002  0.200000E+001  0.100000E+001  0.500000E+000  0.300000E+000  0.200000E+001  0.100000E+001  0.100000E+001  0.100000E+002
  0.219000E+003  0.300000E+002 -0.233144E+002 -0.198796E+002 -0.934762E-004 -0.649651E-004  0.113834E-003 -0.200010E-003 -0.939104E-004  0.220959E-003  0.110000E+002  0.200000E+001  0.100000E+001  0.500000E+000  0.300000E+000  0.200000E+001  0.100000E+001  0.100000E+001  0.100000E+002
  0.219500E+003  0.300000E+002 -0.231487E+002 -0.200823E+002  0.820169E-006 -0.153013E-003  0.153015E-003 -0.412936E-004 -0.253931E-003  0.257267E-003  0.110000E+002  0.200000E+001  0.100000E+001  0.500000E+000  0.300000E+000  0.200000E+001  0.100000E+001  0.100000E+001  0.100000E+002
  0.220000E+003  0.300000E+002 -0.229813E+002 -0.202836E+002  0.130472E-003 -0.131640E-003  0.185343E-003  0.185651E-003 -0.224041E-003  0.290966E-003  0.110000E+002  0.200000E+001  0.100000E+001  0.500000E+000  0.300000E+000  0.200000E+001  0.100000E+001  0.100000E+001  0.100000E+002
  0.220500E+003  0.300000E+002 -0.228122E+002 -0.204834E+002  0.195106E-003 -0.168406E-004  0.195831E-003  0.303854E-003 -0.263850E-004  0.304998E-003  0.110000E+002  0.200000E+001  0.100000E+001  0.500000E+000  0.300000E+000  0.200000E+001  0.100000E+001  0.100000E+001  0.100000E+002
  0.221000E+003  0.300000E+002 -0.226413E+002 -0.206818E+002  0.147319E-003  0.104912E-003  0.180858E-003  0.224910E-003  0.190170E-003  0.294532E-003  0.110000E+002  0.200000E+001  0.100000E+001  0.500000E+000  0.300000E+000  0.200000E+001  0.100000E+001  0.100000E+001  0.100000E+002
  0.221500E+003  0.300000E+002 -0.224687E+002 -0.208786E+002  0.233767E-004  0.145173E-003  0.147043E-003  0.699464E-005  0.268082E-003  0.268173E-003  0.110000E+002  0.200000E+001  0.100000E+001  0.500000E+000  0.300000E+000  0.200000E+001  0.100000E+001  0.100000E+001  0.100000E+002
  0.222000E+003  0.300000E+002 -0.222943E+002 -0.210739E+002 -0.886094E-004  0.755272E-004  0.116430E-003 -0.196915E-003  0.151802E-003  0.248635E-003  0.110000E+002  0.200000E+001  0.100000E+001  0.500000E+000  0.300000E+000  0.200000E+001  0.100000E+001  0.100000E+001  0.100000E+002
  0.222500E+003  0.300000E+002 -0.221183E+002 -0.212677E+002 -0.111678E-003 -0.582079E-004  0.125937E-003 -0.248514E-003 -0.831977E-004  0.262071E-003  0.110000E+002  0.200000E+001  0.100000E+001  0.500000E+000  0.300000E+000  0.200000E+001  0.100000E+001  0.100000E+001  0.100000E+002
  0.223000E+003  0.300000E+002 -0.219406E+002 -0.214600E+002 -0.281485E-004 -0.171305E-003  0.173603E-003 -0.110958E-003 -0.289077E-003  0.309641E-003  0.110000E+002  0.200000E+001  0.100000E+001  0.500000E+000  0.300000E+000  0.200000E+001  0.100000E+001  0.100000E+001  0.100000E+002
  0.223500E+003  0.300000E+002 -0.217612E+002 -0.216506E+002  0.114688E-003 -0.194899E-003  0.226139E-003  0.137325E-003 -0.341306E-003  0.367896E-003  0.110000E+002  0.200000E+001  0.100000E+001  0.500000E+000  0.300000E+000  0.200000E+001  0.100000E+001  0.100000E+001  0.100000E+002
  0.224000E+003  0.300000E+002 -0.215802E+002 -0.218398E+002  0.237626E-003 -0.114396E-003  0.263728E-003  0.357852E-003 -0.208460E-003  0.414142E-003  0.110000E+002  0.200000E+001  0.100000E+001  0.500000E+000  0.300000E+000  0.200000E+001  0.100000E+001  0.100000E+001  0.100000E+002
  0.224500E+003  0.300000E+002 -0.213975E+002 -0.220273E+002  0.275963E-003  0.274316E-004  0.277323E-003  0.433352E-003  0.388706E-004  0.435092E-003  0.110000E+002  0.200000E+001  0.100000E+001  0.500000E+000  0.300000E+000  0.200000E+001  0.100000E+001  0.100000E+001  0.100000E+002
  0.225000E+003  0.300000E+002 -0.212132E+002 -0.222132E+002  0.211887E-003  0.158124E-003  0.264384E-003  0.326801E-003  0.274180E-003  0.426584E-003  0.110000E+002  0.200000E+001  0.100000E+001  0.500000E+000  0.300000E+000  0.200000E+001  0.100000E+001  0.100000E+001  0.100000E+002
  0.225500E+003  0.300000E+002 -0.210273E+002 -0.223975E+002  0.787642E-004  0.214208E-003  0.228230E-003  0.920666E-004  0.382673E-003  0.393592E-003  0.110000E+002  0.200000E+001  0.100000E+001  0.500000E+000  0.300000E+000  0.200000E+001  0.100000E+001  0.100000E+001  0.100000E+002
  0.226000E+003  0.300000E+002 -0.208398E+002 -0.225802E+002 -0.595489E-004  0.169988E-003  0.180117E-003 -0.160065E-003  0.313610E-003  0.352097E-003  0.110000E+002  0.200000E+001  0.100000E+001  0.500000E+000  0.300000E+000  0.200000E+001  0.100000E+001  0.100000E+001  0.100000E+002
  0.226500E+003  0.300000E+002 -0.206506E+002 -0.227612E+002 -0.140038E-003  0.450283E-004  0.147099E-003 -0.316352E-003  0.961824E-004  0.330651E-003  0.110000E+002  0.200000E+001  0.100000E+001  0.500000E+000  0.300000E+000  0.200000E+001  0.100000E+001  0.100000E+001  0.100000E+002
  0.227000E+003  0.300000E+002 -0.204600E+002 -0.229406E+002 -0.126693E-003 -0.108791E-003  0.166992E-003 -0.308307E-003 -0.180900E-003  0.357461E-003  0.110000E+002  0.200000E+001  0.100000E+001  0.500000E+000  0.300000E+000  0.200000E+001  0.100000E+001  0.100000E+001  0.100000E+002
  0.227500E+003  0.300000E+002 -0.202677E+002 -0.231183E+002 -0.216807E-004 -0.231155E-003  0.232170E-003 -0.134122E-003 -0.410414E-003  0.431774E-003  0.110000E+002  0.200000E+001  0.100000E+001  0.500000E+000  0.300000E+000  0.200000E+001  0.100000E+001  0.100000E+001  0.100000E+002
  0.228000E+003  0.300000E+002 -0.200739E+002 -0.232943E+002  0.139761E-003 -0.276525E-003  0.309837E-003  0.148056E-003 -0.508000E-003  0.529135E-003  0.110000E+002  0.200000E+001  0.100000E+001  0.500000E+000  0.300000E+000  0.200000E+001  0.100000E+001  0.100000E+001  0.100000E+002
  0.228500E+003  0.300000E+002 -0.198786E+002 -0.234687E+002  0.305384E-003 -0.228188E-003  0.381220E-003  0.446981E-003 -0.438584E-003  0.626217E-003  0.110000E+002  0.200000E+001  0.100000E+001  0.500000E+000  0.300000E+000  0.200000E+001  0.100000E+001  0.100000E+001  0.100000E+002
  0.229000E+003  0.300000E+002 -0.196818E+002 -0.236413E+002  0.424941E-003 -0.100239E-003  0.436603E-003  0.671617E-003 -0.221903E-003  0.707326E-003  0.110000E+002  0.200000E+001  0.100000E+001  0.500000E+000  0.300000E+000  0.200000E+001  0.100000E+001  0.100000E+001  0.100000E+002
  0.229500E+003  0.300000E+002 -0.194834E+002 -0.238122E+002  0.465220E-003  0.705017E-004  0.470532E-003  0.758564E-003  0.800595E-004  0.762777E-003  0.110000E+002  0.200000E+001  0.100000E+001  0.500000E+000  0.300000E+000  0.200000E+001  0.100000E+001  0.100000E+001  0.100000E+002
  0.230000E+003  0.300000E+002 -0.192836E+002 -0.239813E+002  0.417326E-003  0.237822E-003  0.480334E-003  0.686475E-003  0.385735E-003  0.787426E-003  0.110000E+002  0.200000E+001  0.100000E+001  0.500000E+000  0.300000E+000  0.200000E+001  0.100000E+001  0.100000E+001  0.100000E+002
  0.230500E+003  0.300000E+002 -0.190823E+002 -0.241487E+002  0.295884E-003  0.359573E-003  0.465661E-003  0.476312E-003  0.617814E-003  0.780107E-003  0.110000E+002  0.200000E+001  0.100000E+001  0.500000E+000  0.300000E+000  0.200000E+001  0.100000E+001  0.100000E+001  0.100000E+002
  0.231000E+003  0.300000E+002 -0.188796E+002 -0.243144E+002  0.132303E-003  0.407509E-003  0.428448E-003  0.180749E-003  0.721481E-003  0.743778E-003  0.110000E+002  0.200000E+001  0.100000E+001  0.500000E+000  0.300000E+000  0.200000E+001  0.100000E+001  0.100000E+001  0.100000E+002
  0.231500E+003  0.300000E+002 -0.186754E+002 -0.244782E+002 -0.346924E-004  0.371844E-003  0.373459E-003 -0.131927E-003  0.673754E-003  0.686548E-003  0.110000E+002  0.200000E+001  0.100000E+001  0.500000E+000  0.300000E+000  0.200000E+001  0.100000E+001  0.100000E+001  0.100000E+002
  0.232000E+003  0.300000E+002 -0.184698E+002 -0.246403E+002 -0.168292E-003  0.260720E-003  0.310317E-003 -0.394156E-003  0.483877E-003  0.624096E-003  0.110000E+002  0.200000E+001  0.100000E+001  0.500000E+000  0.300000E+000  0.200000E+001  0.100000E+001  0.100000E+001  0.100000E+002
  0.232500E+003  0.300000E+002 -0.182628E+002 -0.248006E+002 -0.240515E-003  0.960203E-004  0.258974E-003 -0.551953E-003  0.186981E-003  0.582764E-003  0.110000E+002  0.200000E+001  0.100000E+001  0.500000E+000  0.300000E+000  0.200000E+001  0.100000E+001  0.100000E+001  0.100000E+002
  0.233000E+003  0.300000E+002 -0.180545E+002 -0.249591E+002 -0.235947E-003 -0.926360E-004  0.253480E-003 -0.572434E-003 -0.165899E-003  0.595989E-003  0.110000E+002  0.200000E+001  0.100000E+001  0.500000E+000  0.300000E+000  0.200000E+001  0.100000E+001  0.100000E+001  0.100000E+002
  0.233500E+003  0.300000E+002 -0.178447E+002 -0.251157E+002 -0.152358E-003 -0.274015E-003  0.313524E-003 -0.445949E-003 -0.518505E-003  0.683899E-003  0.110000E+002  0.200000E+001  0.100000E+001  0.500000E+000  0.300000E+000  0.200000E+001  0.100000E+001  0.100000E+001  0.100000E+002
  0.234000E+003  0.300000E+002 -0.176336E+002 -0.252705E+002  0.104705E-005 -0.420314E-003  0.420316E-003 -0.183879E-003 -0.818531E-003  0.838930E-003  0.110000E+002  0.200000E+001  0.100000E+001  0.500000E+000  0.300000E+000  0.200000E+001  0.100000E+001  0.100000E+001  0.100000E+002
  0.234500E+003  0.300000E+002 -0.174211E+002 -0.254235E+002  0.206811E-003 -0.510519E-003  0.550818E-003  0.186320E-003 -0.102412E-002  0.104093E-002  0.110000E+002  0.200000E+001  0.100000E+001  0.500000E+000  0.300000E+000  0.200000E+001  0.100000E+001  0.100000E+001  0.100000E+002
  0.235000E+003  0.300000E+002 -0.172073E+002 -0.255746E+002  0.442886E-003 -0.531989E-003  0.692215E-003  0.627231E-003 -0.110736E-002  0.127266E-002  0.110000E+002  0.200000E+001  0.100000E+001  0.500000E+000  0.300000E+000  0.200000E+001  0.100000E+001  0.100000E+001  0.100000E+002
  0.235500E+003  0.300000E+002 -0.169922E+002 -0.257238E+002  0.686072E-003 -0.480520E-003  0.837612E-003  0.109749E-002 -0.105510E-002  0.152240E-002  0.110000E+002  0.200000E+001  0.100000E+001  0.500000E+000  0.300000E+000  0.200000E+001  0.100000E+001  0.100000E+001  0.100000E+002
  0.236000E+003  0.300000E+002 -0.167758E+002 -0.258711E+002  0.914783E-003 -0.359295E-003  0.982813E-003  0.155684E-002 -0.867680E-003  0.178231E-002  0.110000E+002  0.200000E+001  0.100000E+001  0.500000E+000  0.300000E+000  0.200000E+001  0.100000E+001  0.100000E+001  0.100000E+002
  0.236500E+003  0.300000E+002 -0.165581E+002 -0.260166E+002  0.111095E-002 -0.177223E-003  0.112500E-002  0.196983E-002 -0.556523E-003  0.204694E-002  0.110000E+002  0.200000E+001  0.100000E+001  0.500000E+000  0.300000E+000  0.200000E+001  0.100000E+001  0.100000E+001  0.100000E+002
  0.237000E+003  0.300000E+002 -0.163392E+002 -0.261601E+002  0.126107E-002  0.529729E-004  0.126219E-002  0.230807E-002 -0.141012E-003  0.231237E-002  0.110000E+002  0.200000E+001  0.100000E+001  0.500000E+000  0.300000E+000  0.200000E+001  0.100000E+001  0.100000E+001  0.100000E+002
  0.237500E+003  0.300000E+002 -0.161190E+002 -0.263017E+002  0.135651E-002  0.316578E-003  0.139297E-002  0.255122E-002  0.354580E-003  0.257574E-002  0.110000E+002  0.200000E+001  0.100000E+001  0.500000E+000  0.300000E+000  0.200000E+001  0.100000E+001  0.100000E+001  0.100000E+002
  0.238000E+003  0.300000E+002 -0.158976E+002 -0.264414E+002  0.139327E-002  0.598454E-003  0.151636E-002  0.268700E-002  0.903858E-003  0.283495E-002  0.110000E+002  0.200000E+001  0.100000E+001  0.500000E+000  0.300000E+000  0.200000E+001  0.100000E+001  0.100000E+001  0.100000E+002
  0.238500E+003  0.300000E+002 -0.156750E+002 -0.265792E+002  0.137136E-002  0.884248E-003  0.163172E-002  0.271045E-002  0.148056E-002  0.308846E-002  0.110000E+002  0.200000E+001  0.100000E+001  0.500000E+000  0.300000E+000  0.200000E+001  0.100000E+001  0.100000E+001  0.100000E+002
  0.239000E+003  0.300000E+002 -0.154511E+002 -0.267150E+002  0.129404E-002  0.116123E-002  0.173867E-002  0.262283E-002  0.206020E-002  0.333521E-002  0.110000E+002  0.200000E+001  0.100000E+001  0.500000E+000  0.300000E+000  0.200000E+001  0.100000E+001  0.100000E+001  0.100000E+002
  0.239500E+003  0.300000E+002 -0.152262E+002 -0.268489E+002  0.116695E-002  0.141878E-002  0.183704E-002  0.243028E-002  0.262120E-002  0.357448E-002  0.110000E+002  0.200000E+001  0.100000E+001  0.500000E+000  0.300000E+000  0.200000E+001  0.100000E+001  0.100000E+001  0.100000E+002
  0.240000E+003  0.300000E+002 -0.150000E+002 -0.269808E+002  0.997315E-003  0.164862E-002  0.192681E-002  0.214256E-002  0.314544E-002  0.380583E-002  0.110000E+002  0.200000E+001  0.100000E+001  0.500000E+000  0.300000E+000  0.200000E+001  0.100000E+001  0.100000E+001  0.100000E+002
  0.240500E+003  0.300000E+002 -0.147727E+002 -0.271107E+002  0.793220E-003  0.184478E-002  0.200809E-002  0.177180E-002  0.361854E-002  0.402903E-002  0.110000E+002  0.200000E+001  0.100000E+001  0.500000E+000  0.300000E+000  0.200000E+001  0.100000E+001  0.100000E+001  0.100000E+002
  0.241000E+003  0.300000E+002 -0.145443E+002 -0.272386E+002  0.563024E-003  0.200347E-002  0.208108E-002  0.133146E-002  0.402976E-002  0.424402E-002  0.110000E+002  0.200000E+001  0.100000E+001  0.500000E+000  0.300000E+000  0.200000E+001  0.100000E+001  0.100000E+001  0.100000E+002
  0.241500E+003  0.300000E+002 -0.143148E+002 -0.273645E+002  0.314910E-003  0.212281E-002  0.214604E-002  0.835513E-003  0.437176E-002  0.445088E-002  0.110000E+002  0.200000E+001  0.100000E+001  0.500000E+000  0.300000E+000  0.200000E+001  0.100000E+001  0.100000E+001  0.100000E+002
  0.242000E+003  0.300000E+002 -0.140841E+002 -0.274884E+002  0.565473E-004  0.220257E-002  0.220329E-002  0.297722E-003  0.464022E-002  0.464976E-002  0.110000E+002  0.200000E+001  0.100000E+001  0.500000E+000  0.300000E+000  0.200000E+001  0.100000E+001  0.100000E+001  0.100000E+002
  0.242500E+003  0.300000E+002 -0.138525E+002 -0.276103E+002 -0.205124E-003  0.224380E-002  0.225316E-002 -0.268793E-003  0.483342E-002  0.484089E-002  0.110000E+002  0.200000E+001  0.100000E+001  0.500000E+000  0.300000E+000  0.200000E+001  0.100000E+001  0.100000E+001  0.100000E+002
  0.243000E+003  0.300000E+002 -0.136197E+002 -0.277302E+002 -0.464026E-003  0.224861E-002  0.229599E-002 -0.851907E-003  0.495177E-002  0.502452E-002  0.110000E+002  0.200000E+001  0.100000E+001  0.500000E+000  0.300000E+000  0.200000E+001  0.100000E+001  0.100000E+001  0.100000E+002
  0.243500E+003  0.300000E+002 -0.133859E+002 -0.278480E+002 -0.714998E-003  0.221984E-002  0.233215E-002 -0.144069E-002  0.499744E-002  0.520096E-002  0.110000E+002  0.200000E+001  0.100000E+001  0.500000E+000  0.300000E+000  0.200000E+001  0.100000E+001  0.100000E+001  0.100000E+002
  0.244000E+003  0.300000E+002 -0.131511E+002 -0.279638E+002 -0.953802E-003  0.216083E-002  0.236197E-002 -0.202553E-002  0.497388E-002  0.537050E-002  0.110000E+002  0.200000E+001  0.100000E+001  0.500000E+000  0.300000E+000  0.200000E+001  0.100000E+001  0.100000E+001  0.100000E+002
  0.244500E+003  0.300000E+002 -0.129153E+002 -0.280776E+002 -0.117708E-002  0.207523E-002  0.238582E-002 -0.259814E-002  0.488558E-002  0.553347E-002  0.110000E+002  0.200000E+001  0.100000E+001  0.500000E+000  0.300000E+000  0.200000E+001  0.100000E+001  0.100000E+001  0.100000E+002
  0.245000E+003  0.300000E+002 -0.126785E+002 -0.281892E+002 -0.138231E-002  0.196684E-002  0.240401E-002 -0.315154E-002  0.473768E-002  0.569015E-002  0.110000E+002  0.200000E+001  0.100000E+001  0.500000E+000  0.300000E+000  0.200000E+001  0.100000E+001  0.100000E+001  0.100000E+002
  0.245500E+003  0.300000E+002 -0.124408E+002 -0.282988E+002 -0.156769E-002  0.183944E-002  0.241686E-002 -0.368002E-002  0.453576E-002  0.584086E-002  0.110000E+002  0.200000E+001  0.100000E+001  0.500000E+000  0.300000E+000  0.200000E+001  0.100000E+001  0.100000E+001  0.100000E+002
  0.246000E+003  0.300000E+002 -0.122021E+002 -0.284064E+002 -0.173210E-002  0.169673E-002  0.242467E-002 -0.417901E-002  0.428563E-002  0.598588E-002  0.110000E+002  0.200000E+001  0.100000E+001  0.500000E+000  0.300000E+000  0.200000E+001  0.100000E+001  0.100000E+001  0.100000E+002
  0.246500E+003  0.300000E+002 -0.119625E+002 -0.285118E+002 -0.187497E-002  0.154221E-002  0.242774E-002 -0.464502E-002  0.399315E-002  0.612548E-002  0.110000E+002  0.200000E+001  0.100000E+001  0.500000E+000  0.300000E+000  0.200000E+001  0.100000E+001  0.100000E+001  0.100000E+002
  0.247000E+003  0.300000E+002 -0.117219E+002 -0.286151E+002 -0.199622E-002  0.137917E-002  0.242632E-002 -0.507551E-002  0.366411E-002  0.625991E-002  0.110000E+002  0.200000E+001  0.100000E+001  0.500000E+000  0.300000E+000  0.200000E+001  0.100000E+001  0.100000E+001  0.100000E+002
  0.247500E+003  0.300000E+002 -0.114805E+002 -0.287164E+002 -0.209618E-002  0.121064E-002  0.242066E-002 -0.546877E-002  0.330412E-002  0.638942E-002  0.110000E+002  0.200000E+001  0.100000E+001  0.500000E+000  0.300000E+000  0.200000E+001  0.100000E+001  0.100000E+001  0.100000E+002
  0.248000E+003  0.300000E+002 -0.112382E+002 -0.288155E+002 -0.217549E-002  0.103933E-002  0.241101E-002 -0.582384E-002  0.291856E-002  0.651422E-002  0.110000E+002  0.200000E+001  0.100000E+001  0.500000E+000  0.300000E+000  0.200000E+001  0.100000E+001  0.100000E+001  0.100000E+002
  0.248500E+003  0.300000E+002 -0.109950E+002 -0.289125E+002 -0.223507E-002  0.867686E-003  0.239759E-002 -0.614041E-002  0.251246E-002  0.663453E-002  0.110000E+002  0.200000E+001  0.100000E+001  0.500000E+000  0.300000E+000  0.200000E+001  0.100000E+001  0.100000E+001  0.100000E+002
  0.249000E+003  0.300000E+002 -0.107510E+002 -0.290074E+002 -0.227601E-002  0.697846E-003  0.238059E-002 -0.641868E-002  0.209056E-002  0.675054E-002  0.110000E+002  0.200000E+001  0.100000E+001  0.500000E+000  0.300000E+000  0.200000E+001  0.100000E+001  0.100000E+001  0.100000E+002
  0.249500E+003  0.300000E+002 -0.105062E+002 -0.291002E+002 -0.229955E-002  0.531662E-003  0.236021E-002 -0.665932E-002  0.165721E-002  0.686243E-002  0.110000E+002  0.200000E+001  0.100000E+001  0.500000E+000  0.300000E+000  0.200000E+001  0.100000E+001  0.100000E+001  0.100000E+002
  0.250000E+003  0.300000E+002 -0.102606E+002 -0.291908E+002 -0.230704E-002  0.370712E-003  0.233664E-002 -0.686340E-002  0.121639E-002  0.697035E-002  0.110000E+002  0.200000E+001  0.100000E+001  0.500000E+000  0.300000E+000  0.200000E+001  0.100000E+001  0.100000E+001  0.100000E+002
  0.250500E+003  0.300000E+002 -0.100142E+002 -0.292792E+002 -0.229988E-002  0.216316E-003  0.231003E-002 -0.703225E-002  0.771709E-003  0.707446E-002  0.110000E+002  0.200000E+001  0.100000E+001  0.500000E+000  0.300000E+000  0.200000E+001  0.100000E+001  0.100000E+001  0.100000E+002
  0.251000E+003  0.300000E+002 -0.976704E+001 -0.293656E+002 -0.227950E-002  0.695503E-004  0.228056E-002 -0.716747E-002  0.326404E-003  0.717490E-002  0.110000E+002  0.200000E+001  0.100000E+001  0.500000E+000  0.300000E+000  0.200000E+001  0.100000E+001  0.100000E+001  0.100000E+002
  0.251500E+003  0.300000E+002 -0.951914E+001 -0.294497E+002 -0.224731E-002 -0.687259E-004  0.224836E-002 -0.727085E-002 -0.116641E-003  0.727178E-002  0.110000E+002  0.200000E+001  0.100000E+001  0.500000E+000  0.300000E+000  0.200000E+001  0.100000E+001  0.100000E+001  0.100000E+002
  0.252000E+003  0.300000E+002 -0.927051E+001 -0.295317E+002 -0.220471E-002 -0.197855E-003  0.221357E-002 -0.734430E-002 -0.554888E-003  0.736523E-002  0.110000E+002  0.200000E+001  0.100000E+001  0.500000E+000  0.300000E+000  0.200000E+001  0.100000E+001  0.100000E+001  0.100000E+002
  0.252500E+003  0.300000E+002 -0.902117E+001 -0.296115E+002 -0.215307E-002 -0.317360E-003  0.217633E-002 -0.738985E-002 -0.986123E-003  0.745536E-002  0.110000E+002  0.200000E+001  0.100000E+001  0.500000E+000  0.300000E+000  0.200000E+001  0.100000E+001  0.100000E+001  0.100000E+002
  0.253000E+003  0.300000E+002 -0.877115E+001 -0.296891E+002 -0.209368E-002 -0.426923E-003  0.213676E-002 -0.740958E-002 -0.140844E-002  0.754225E-002  0.110000E+002  0.200000E+001  0.100000E+001  0.500000E+000  0.300000E+000  0.200000E+001  0.100000E+001  0.100000E+001  0.100000E+002
  0.253500E+003  0.300000E+002 -0.852046E+001 -0.297646E+002 -0.202777E-002 -0.526367E-003  0.209497E-002 -0.740558E-002 -0.182021E-002  0.762600E-002  0.110000E+002  0.200000E+001  0.100000E+001  0.500000E+000  0.300000E+000  0.200000E+001  0.100000E+001  0.100000E+001  0.100000E+002
  0.254000E+003  0.300000E+002 -0.826912E+001 -0.298379E+002 -0.195651E-002 -0.615637E-003  0.205108E-002 -0.737998E-002 -0.222009E-002  0.770668E-002  0.110000E+002  0.200000E+001  0.100000E+001  0.500000E+000  0.300000E+000  0.200000E+001  0.100000E+001  0.100000E+001  0.100000E+002
  0.254500E+003  0.300000E+002 -0.801715E+001 -0.299089E+002 -0.188097E-002 -0.694786E-003  0.200518E-002 -0.733488E-002 -0.260694E-002  0.778438E-002  0.110000E+002  0.200000E+001  0.100000E+001  0.500000E+000  0.300000E+000  0.200000E+001  0.100000E+001  0.100000E+001  0.100000E+002
  0.255000E+003  0.300000E+002 -0.776457E+001 -0.299778E+002 -0.180215E-002 -0.763954E-003  0.195739E-002 -0.727231E-002 -0.297989E-002  0.785915E-002  0.110000E+002  0.200000E+001  0.100000E+001  0.500000E+000  0.300000E+000  0.200000E+001  0.100000E+001  0.100000E+001  0.100000E+002
  0.255500E+003  0.300000E+002 -0.751140E+001 -0.300444E+002 -0.172096E-002 -0.823358E-003  0.190778E-002 -0.719431E-002 -0.333822E-002  0.793107E-002  0.110000E+002  0.200000E+001  0.100000E+001  0.500000E+000  0.300000E+000  0.200000E+001  0.100000E+001  0.100000E+001  0.100000E+002
  0.256000E+003  0.300000E+002 -0.725766E+001 -0.301089E+002 -0.163823E-002 -0.873276E-003  0.185645E-002 -0.710280E-002 -0.368144E-002  0.800018E-002  0.110000E+002  0.200000E+001  0.100000E+001  0.500000E+000  0.300000E+000  0.200000E+001  0.100000E+001  0.100000E+001  0.100000E+002
  0.256500E+003  0.300000E+002 -0.700336E+001 -0.301711E+002 -0.155470E-002 -0.914038E-003  0.180348E-002 -0.699967E-002 -0.400919E-002  0.806653E-002  0.110000E+002  0.200000E+001  0.100000E+001  0.500000E+000  0.300000E+000  0.200000E+001  0.100000E+001  0.100000E+001  0.100000E+002
  0.257000E+003  0.300000E+002 -0.674853E+001 -0.302311E+002 -0.147103E-002 -0.946011E-003  0.174896E-002 -0.688670E-002 -0.432125E-002  0.813018E-002  0.110000E+002  0.200000E+001  0.100000E+001  0.500000E+000  0.300000E+000  0.200000E+001  0.100000E+001  0.100000E+001  0.100000E+002
  0.257500E+003  0.300000E+002 -0.649319E+001 -0.302889E+002 -0.138782E-002 -0.969592E-003  0.169297E-002 -0.676561E-002 -0.461755E-002  0.819117E-002  0.110000E+002  0.200000E+001  0.100000E+001  0.500000E+000  0.300000E+000  0.200000E+001  0.100000E+001  0.100000E+001  0.100000E+002
  0.258000E+003  0.300000E+002 -0.623735E+001 -0.303444E+002 -0.130556E-002 -0.985201E-003  0.163557E-002 -0.663802E-002 -0.489810E-002  0.824953E-002  0.110000E+002  0.200000E+001  0.100000E+001  0.500000E+000  0.300000E+000  0.200000E+001  0.100000E+001  0.100000E+001  0.100000E+002
  0.258500E+003  0.300000E+002 -0.598104E+001 -0.303977E+002 -0.122469E-002 -0.993272E-003  0.157685E-002 -0.650547E-002 -0.516304E-002  0.830530E-002  0.110000E+002  0.200000E+001  0.100000E+001  0.500000E+000  0.300000E+000  0.200000E+001  0.100000E+001  0.100000E+001  0.100000E+002
  0.259000E+003  0.300000E+002 -0.572427E+001 -0.304488E+002 -0.114559E-002 -0.994243E-003  0.151687E-002 -0.636939E-002 -0.541255E-002  0.835852E-002  0.110000E+002  0.200000E+001  0.100000E+001  0.500000E+000  0.300000E+000  0.200000E+001  0.100000E+001  0.100000E+001  0.100000E+002
  0.259500E+003  0.300000E+002 -0.546707E+001 -0.304976E+002 -0.106856E-002 -0.988559E-003  0.145570E-002 -0.623114E-002 -0.564692E-002  0.840921E-002  0.110000E+002  0.200000E+001  0.100000E+001  0.500000E+000  0.300000E+000  0.200000E+001  0.100000E+001  0.100000E+001  0.100000E+002
  0.260000E+003  0.300000E+002 -0.520945E+001 -0.305442E+002 -0.993839E-003 -0.976660E-003  0.139341E-002 -0.609199E-002 -0.586645E-002  0.845740E-002  0.110000E+002  0.200000E+001  0.100000E+001  0.500000E+000  0.300000E+000  0.200000E+001  0.100000E+001  0.100000E+001  0.100000E+002
  0.260500E+003  0.300000E+002 -0.495143E+001 -0.305886E+002 -0.921624E-003 -0.958980E-003  0.133005E-002 -0.595310E-002 -0.607152E-002  0.850311E-002  0.110000E+002  0.200000E+001  0.100000E+001  0.500000E+000  0.300000E+000  0.200000E+001  0.100000E+001  0.100000E+001  0.100000E+002
  0.261000E+003  0.300000E+002 -0.469303E+001 -0.306307E+002 -0.852053E-003 -0.935943E-003  0.126569E-002 -0.581559E-002 -0.626253E-002  0.854636E-002  0.110000E+002  0.200000E+001  0.100000E+001  0.500000E+000  0.300000E+000  0.200000E+001  0.100000E+001  0.100000E+001  0.100000E+002
  0.261500E+003  0.300000E+002 -0.443428E+001 -0.306705E+002 -0.785218E-003 -0.907961E-003  0.120040E-002 -0.568044E-002 -0.643990E-002  0.858719E-002  0.110000E+002  0.200000E+001  0.100000E+001  0.500000E+000  0.300000E+000  0.200000E+001  0.100000E+001  0.100000E+001  0.100000E+002
  0.262000E+003  0.300000E+002 -0.417519E+001 -0.307080E+002 -0.721170E-003 -0.875434E-003  0.113423E-002 -0.554860E-002 -0.660408E-002  0.862559E-002  0.110000E+002  0.200000E+001  0.100000E+001  0.500000E+000  0.300000E+000  0.200000E+001  0.100000E+001  0.100000E+001  0.100000E+002
  0.262500E+003  0.300000E+002 -0.391579E+001 -0.307433E+002 -0.659916E-003 -0.838744E-003  0.106723E-002 -0.542092E-002 -0.675551E-002  0.866160E-002  0.110000E+002  0.200000E+001  0.100000E+001  0.500000E+000  0.300000E+000  0.200000E+001  0.100000E+001  0.100000E+001  0.100000E+002
  0.263000E+003  0.300000E+002 -0.365608E+001 -0.307764E+002 -0.601433E-003 -0.798258E-003  0.999469E-003 -0.529818E-002 -0.689465E-002  0.869523E-002  0.110000E+002  0.200000E+001  0.100000E+001  0.500000E+000  0.300000E+000  0.200000E+001  0.100000E+001  0.100000E+001  0.100000E+002
  0.263500E+003  0.300000E+002 -0.339610E+001 -0.308072E+002 -0.545661E-003 -0.754326E-003  0.930996E-003 -0.518109E-002 -0.702195E-002  0.872648E-002  0.110000E+002  0.200000E+001  0.100000E+001  0.500000E+000  0.300000E+000  0.200000E+001  0.100000E+001  0.100000E+001  0.100000E+002
  0.264000E+003  0.300000E+002 -0.313585E+001 -0.308357E+002 -0.492514E-003 -0.707280E-003  0.861867E-003 -0.507030E-002 -0.713783E-002  0.875537E-002  0.110000E+002  0.200000E+001  0.100000E+001  0.500000E+000  0.300000E+000  0.200000E+001  0.100000E+001  0.100000E+001  0.100000E+002
  0.264500E+003  0.300000E+002 -0.287537E+001 -0.308619E+002 -0.441879E-003 -0.657436E-003  0.792136E-003 -0.496638E-002 -0.724273E-002  0.878192E-002  0.110000E+002  0.200000E+001  0.100000E+001  0.500000E+000  0.300000E+000  0.200000E+001  0.100000E+001  0.100000E+001  0.100000E+002
  0.265000E+003  0.300000E+002 -0.261467E+001 -0.308858E+002 -0.393619E-003 -0.605093E-003  0.721854E-003 -0.486987E-002 -0.733705E-002  0.880613E-002  0.110000E+002  0.200000E+001  0.100000E+001  0.500000E+000  0.300000E+000  0.200000E+001  0.100000E+001  0.100000E+001  0.100000E+002
  0.265500E+003  0.300000E+002 -0.235377E+001 -0.309075E+002 -0.347578E-003 -0.550535E-003  0.651075E-003 -0.478122E-002 -0.742116E-002  0.882801E-002  0.110000E+002  0.200000E+001  0.100000E+001  0.500000E+000  0.300000E+000  0.200000E+001  0.100000E+001  0.100000E+001  0.100000E+002
  0.266000E+003  0.300000E+002 -0.209269E+001 -0.309269E+002 -0.303581E-003 -0.494029E-003  0.579850E-003 -0.470085E-002 -0.749542E-002  0.884756E-002  0.110000E+002  0.200000E+001  0.100000E+001  0.500000E+000  0.300000E+000  0.200000E+001  0.100000E+001  0.100000E+001  0.100000E+002
  0.266500E+003  0.300000E+002 -0.183146E+001 -0.309440E+002 -0.261438E-003 -0.435829E-003  0.508229E-003 -0.462912E-002 -0.756016E-002  0.886480E-002  0.110000E+002  0.200000E+001  0.100000E+001  0.500000E+000  0.300000E+000  0.200000E+001  0.100000E+001  0.100000E+001  0.100000E+002
  0.267000E+003  0.300000E+002 -0.157008E+001 -0.309589E+002 -0.220944E-003 -0.376176E-003  0.436263E-003 -0.456634E-002 -0.761565E-002  0.887973E-002  0.110000E+002  0.200000E+001  0.100000E+001  0.500000E+000  0.300000E+000  0.200000E+001  0.100000E+001  0.100000E+001  0.100000E+002
  0.267500E+003  0.300000E+002 -0.130858E+001 -0.309714E+002 -0.181886E-003 -0.315301E-003  0.364001E-003 -0.451279E-002 -0.766217E-002  0.889236E-002  0.110000E+002  0.200000E+001  0.100000E+001  0.500000E+000  0.300000E+000  0.200000E+001  0.100000E+001  0.100000E+001  0.100000E+002
  0.268000E+003  0.300000E+002 -0.104698E+001 -0.309817E+002 -0.144037E-003 -0.253422E-003  0.291495E-003 -0.446867E-002 -0.769992E-002  0.890268E-002  0.110000E+002  0.200000E+001  0.100000E+001  0.500000E+000  0.300000E+000  0.200000E+001  0.100000E+001  0.100000E+001  0.100000E+002
  0.268500E+003  0.300000E+002 -0.785308E+000 -0.309897E+002 -0.107165E-003 -0.190750E-003  0.218792E-003 -0.443418E-002 -0.772909E-002  0.891071E-002  0.110000E+002  0.200000E+001  0.100000E+001  0.500000E+000  0.300000E+000  0.200000E+001  0.100000E+001  0.100000E+001  0.100000E+002
  0.269000E+003  0.300000E+002 -0.523572E+000 -0.309954E+002 -0.710310E-004 -0.127491E-003  0.145943E-003 -0.440944E-002 -0.774982E-002  0.891644E-002  0.110000E+002  0.200000E+001  0.100000E+001  0.500000E+000  0.300000E+000  0.200000E+001  0.100000E+001  0.100000E+001  0.100000E+002
  0.269500E+003  0.300000E+002 -0.261796E+000 -0.309989E+002 -0.353915E-004 -0.638423E-004  0.729959E-004 -0.439456E-002 -0.776222E-002  0.891988E-002  0.110000E+002  0.200000E+001  0.100000E+001  0.500000E+000  0.300000E+000  0.200000E+001  0.100000E+001  0.100000E+001  0.100000E+002
  0.270000E+003  0.300000E+002  0.000000E+000 -0.310000E+002  0.000000E+000  0.000000E+000  0.000000E+000 -0.438959E-002 -0.776635E-002  0.892103E-002  0.110000E+002  0.200000E+001  0.100000E+001  0.500000E+000  0.300000E+000  0.200000E+001  0.100000E+001  0.100000E+001  0.100000E+002
  0.270500E+003  0.300000E+002  0.261796E+000 -0.309989E+002  0.353915E-004  0.638423E-004  0.729959E-004 -0.439456E-002 -0.776222E-002  0.891988E-002  0.110000E+002  0.200000E+001  0.100000E+001  0.500000E+000  0.300000E+000  0.200000E+001  0.100000E+001  0.100000E+001  0.100000E+002
  0.271000E+003  0.300000E+002  0.523572E+000 -0.309954E+002  0.710310E-004  0.127491E-003  0.145943E-003 -0.440944E-002 -0.774982E-002  0.891644E-002  0.110000E+002  0.200000E+001  0.100000E+001  0.500000E+000  0.300000E+000  0.200000E+001  0.100000E+001  0.100000E+001  0.100000E+002
  0.271500E+003  0.300000E+002  0.785308E+000 -0.309897E+002  0.107165E-003  0.190750E-003  0.218792E-003 -0.443418E-002 -0.772909E-002  0.891071E-002  0.110000E+002  0.200000E+001  0.100000E+001  0.500000E+000  0.300000E+000  0.200000E+001  0.100000E+001  0.100000E+001  0.100000E+002
  0.272000E+003  0.300000E+002  0.104698E+001 -0.309817E+002  0.144037E-003  0.253422E-003  0.291495E-003 -0.446867E-002 -0.769992E-002  0.890268E-002  0.110000E+002  0.200000E+001  0.100000E+001  0.500000E+000  0.300000E+000  0.200000E+001  0.100000E+001  0.100000E+001  0.100000E+002
  0.272500E+003  0.300000E+002  0.130858E+001 -0.309714E+002  0.181886E-003  0.315301E-003  0.364001E-003 -0.451279E-002 -0.766217E-002  0.889236E-002  0.110000E+002  0.200000E+001  0.100000E+001  0.500000E+000  0.300000E+000  0.200000E+001  0.100000E+001  0.100000E+001  0.100000E+002
  0.273000E+003  0.300000E+002  0.157008E+001 -0.309589E+002  0.220944E-003  0.376176E-003  0.436263E-003 -0.456634E-002 -0.761565E-002  0.887973E-002  0.110000E+002  0.200000E+001  0.100000E+001  0.500000E+000  0.300000E+000  0.200000E+001  0.100000E+001  0.100000E+001  0.100000E+002
  0.273500E+003  0.300000E+002  0.183146E+001 -0.309440E+002  0.261438E-003  0.435829E-003  0.508229E-003 -0.462912E-002 -0.756016E-002  0.886480E-002  0.110000E+002  0.200000E+001  0.100000E+001  0.500000E+000  0.300000E+000  0.200000E+001  0.100000E+001  0.100000E+001  0.100000E+002
  0.274000E+003  0.300000E+002  0.209269E+001 -0.309269E+002  0.303581E-003  0.494029E-003  0.579850E-003 -0.470085E-002 -0.749542E-002  0.884756E-002  0.110000E+002  0.200000E+001  0.100000E+001  0.500000E+000  0.300000E+000  0.200000E+001  0.100000E+001  0.100000E+001  0.100000E+002
  0.274500E+003  0.300000E+002  0.235377E+001 -0.309075E+002  0.347578E-003  0.550535E-003  0.651075E-003 -0.478122E-002 -0.742116E-002  0.882801E-002  0.110000E+002  0.200000E+001  0.100000E+001  0.500000E+000  0.300000E+000  0.200000E+001  0.100000E+001  0.100000E+001  0.100000E+002
  0.275000E+003  0.300000E+002  0.261467E+001 -0.308858E+002  0.393619E-003  0.605093E-003  0.721854E-003 -0.486987E-002 -0.733705E-002  0.880613E-002  0.110000E+002  0.200000E+001  0.100000E+001  0.500000E+000  0.300000E+000  0.200000E+001  0.100000E+001  0.100000E+001  0.100000E+002
  0.275500E+003  0.300000E+002  0.287537E+001 -0.308619E+002  0.441879E-003  0.657436E-003  0.792136E-003 -0.496638E-002 -0.724273E-002  0.878192E-002  0.110000E+002  0.200000E+001  0.100000E+001  0.500000E+000  0.300000E+000  0.200000E+001  0.100000E+001  0.100000E+001  0.100000E+002
  0.276000E+003  0.300000E+002  0.313585E+001 -0.308357E+002  0.492514E-003  0.707280E-003  0.861867E-003 -0.507030E-002 -0.713783E-002  0.875537E-002  0.110000E+002  0.200000E+001  0.100000E+001  0.500000E+000  0.300000E+000  0.200000E+001  0.100000E+001  0.100000E+001  0.100000E+002
  0.276500E+003  0.300000E+002  0.339610E+001 -0.308072E+002  0.545661E-003  0.754326E-003  0.930996E-003 -0.518109E-002 -0.702195E-002  0.872648E-002  0.110000E+002  0.200000E+001  0.100000E+001  0.500000E+000  0.300000E+000  0.200000E+001  0.100000E+001  0.100000E+001  0.100000E+002
  0.277000E+003  0.300000E+002  0.365608E+001 -0.307764E+002  0.601433E-003  0.798258E-003  0.999469E-003 -0.529818E-002 -0.689465E-002  0.869523E-002  0.110000E+002  0.200000E+001  0.100000E+001  0.500000E+000  0.300000E+000  0.200000E+001  0.100000E+001  0.100000E+001  0.100000E+002
  0.277500E+003  0.300000E+002  0.391579E+001 -0.307433E+002  0.659916E-003  0.838744E-003  0.106723E-002 -0.542092E-002 -0.675551E-002  0.866160E-002  0.110000E+002  0.200000E+001  0.100000E+001  0.500000E+000  0.300000E+000  0.200000E+001  0.100000E+001  0.100000E+001  0.100000E+002
  0.278000E+003  0.300000E+002  0.417519E+001 -0.307080E+002  0.721170E-003  0.875434E-003  0.113423E-002 -0.554860E-002 -0.660408E-002  0.862559E-002  0.110000E+002  0.200000E+001  0.100000E+001  0.500000E+000  0.300000E+000  0.200000E+001  0.100000E+001  0.100000E+001  0.100000E+002
  0.278500E+003  0.300000E+002  0.443428E+001 -0.306705E+002  0.785218E-003  0.907961E-003  0.120040E-002 -0.568044E-002 -0.643990E-002  0.858719E-002  0.110000E+002  0.200000E+001  0.100000E+001  0.500000E+000  0.300000E+000  0.200000E+001  0.100000E+001  0.100000E+001  0.100000E+002
  0.279000E+003  0.300000E+002  0.469303E+001 -0.306307E+002  0.852053E-003  0.935943E-003  0.126569E-002 -0.581559E-002 -0.626253E-002  0.854636E-002  0.110000E+002  0.200000E+001  0.100000E+001  0.500000E+000  0.300000E+000  0.200000E+001  0.100000E+001  0.100000E+001  0.100000E+002
  0.279500E+003  0.300000E+002  0.495143E+001 -0.305886E+002  0.921624E-003  0.958980E-003  0.133005E-002 -0.595310E-002 -0.607152E-002  0.850311E-002  0.110000E+002  0.200000E+001  0.100000E+001  0.500000E+000  0.300000E+000  0.200000E+001  0.100000E+001  0.100000E+001  0.100000E+002
  0.280000E+003  0.300000E+002  0.520945E+001 -0.305442E+002  0.993839E-003  0.976660E-003  0.139341E-002 -0.609199E-002 -0.586645E-002  0.845740E-002  0.110000E+002  0.200000E+001  0.100000E+001  0.500000E+000  0.300000E+000  0.200000E+001  0.100000E+001  0.100000E+001  0.100000E+002
  0.280500E+003  0.300000E+002  0.546707E+001 -0.304976E+002  0.106856E-002  0.988559E-003  0.145570E-002 -0.623114E-002 -0.564692E-002  0.840921E-002  0.110000E+002  0.200000E+001  0.100000E+001  0.500000E+000  0.300000E+000  0.200000E+001  0.100000E+001  0.100000E+001  0.100000E+002
  0.281000E+003  0.300000E+002  0.572427E+001 -0.304488E+002  0.114559E-002  0.994243E-003  0.151687E-002 -0.636939E-002 -0.541255E-002  0.835852E-002  0.110000E+002  0.200000E+001  0.100000E+001  0.500000E+000  0.300000E+000  0.200000E+001  0.100000E+001  0.100000E+001  0.100000E+002
  0.281500E+003  0.300000E+002  0.598104E+001 -0.303977E+002  0.122469E-002  0.993272E-003  0.157685E-002 -0.650547E-002 -0.516304E-002  0.830530E-002  0.110000E+002  0.200000E+001  0.100000E+001  0.500000E+000  0.300000E+000  0.200000E+001  0.100000E+001  0.100000E+001  0.100000E+002
  0.282000E+003  0.300000E+002  0.623735E+001 -0.303444E+002  0.130556E-002  0.985201E-003  0.163557E-002 -0.663802E-002 -0.489810E-002  0.824953E-002  0.110000E+002  0.200000E+001  0.100000E+001  0.500000E+000  0.300000E+000  0.200000E+001  0.100000E+001  0.100000E+001  0.100000E+002
  0.282500E+003  0.300000E+002  0.649319E+001 -0.302889E+002  0.138782E-002  0.969592E-003  0.169297E-002 -0.676561E-002 -0.461755E-002  0.819117E-002  0.110000E+002  0.200000E+001  0.100000E+001  0.500000E+000  0.300000E+000  0.200000E+001  0.100000E+001  0.100000E+001  0.100000E+002
  0.283000E+003  0.300000E+002  0.674853E+001 -0.302311E+002  0.147103E-002  0.946011E-003  0.174896E-002 -0.688670E-002 -0.432125E-002  0.813018E-002  0.110000E+002  0.200000E+001  0.100000E+001  0.500000E+000  0.300000E+000  0.200000E+001  0.100000E+001  0.100000E+001  0.100000E+002
  0.283500E+003  0.300000E+002  0.700336E+001 -0.301711E+002  0.155470E-002  0.914038E-003  0.180348E-002 -0.699967E-002 -0.400919E-002  0.806653E-002  0.110000E+002  0.200000E+001  0.100000E+001  0.500000E+000  0.300000E+000  0.200000E+001  0.100000E+001  0.100000E+001  0.100000E+002
  0.284000E+003  0.300000E+002  0.725766E+001 -0.301089E+002  0.163823E-002  0.873276E-003  0.185645E-002 -0.710280E-002 -0.368144E-002  0.800018E-002  0.110000E+002  0.200000E+001  0.100000E+001  0.500000E+000  0.300000E+000  0.200000E+001  0.100000E+001  0.100000E+001  0.100000E+002
  0.284500E+003  0.300000E+002  0.751140E+001 -0.300444E+002  0.172096E-002  0.823358E-003  0.190778E-002 -0.719431E-002 -0.333822E-002  0.793107E-002  0.110000E+002  0.200000E+001  0.100000E+001  0.500000E+000  0.300000E+000  0.200000E+001  0.100000E+001  0.100000E+001  0.100000E+002
  0.285000E+003  0.300000E+002  0.776457E+001 -0.299778E+002  0.180215E-002  0.763954E-003  0.195739E-002 -0.727231E-002 -0.297989E-002  0.785915E-002  0.110000E+002  0.200000E+001  0.100000E+001  0.500000E+000  0.300000E+000  0.200000E+001  0.100000E+001  0.100000E+001  0.100000E+002
  0.285500E+003  0.300000E+002  0.801715E+001 -0.299089E+002  0.188097E-002  0.694786E-003  0.200518E-002 -0.733488E-002 -0.260694E-002  0.778438E-002  0.110000E+002  0.200000E+001  0.100000E+001  0.500000E+000  0.300000E+000  0.200000E+001  0.100000E+001  0.100000E+001  0.100000E+002
  0.286000E+003  0.300000E+002  0.826912E+001 -0.298379E+002  0.195651E-002  0.615637E-003  0.205108E-002 -0.737998E-002 -0.222009E-002  0.770668E-002  0.110000E+002  0.200000E+001  0.100000E+001  0.500000E+000  0.300000E+000  0.200000E+001  0.100000E+001  0.100000E+001  0.100000E+002
  0.286500E+003  0.300000E+002  0.852046E+001 -0.297646E+002  0.202777E-002  0.526367E-003  0.209497E-002 -0.740558E-002 -0.182021E-002  0.762600E-002  0.110000E+002  0.200000E+001  0.100000E+001  0.500000E+000  0.300000E+000  0.200000E+001  0.100000E+001  0.100000E+001  0.100000E+002
  0.287000E+003  0.300000E+002  0.877115E+001 -0.296891E+002  0.209368E-002  0.426923E-003  0.213676E-002 -0.740958E-002 -0.140844E-002  0.754225E-002  0.110000E+002  0.200000E+001  0.100000E+001  0.500000E+000  0.300000E+000  0.200000E+001  0.100000E+001  0.100000E+001  0.100000E+002
  0.287500E+003  0.300000E+002  0.902117E+001 -0.296115E+002  0.215307E-002  0.317360E-003  0.217633E-002 -0.738985E-002 -0.986123E-003  0.745536E-002  0.110000E+002  0.200000E+001  0.100000E+001  0.500000E+000  0.300000E+000  0.200000E+001  0.100000E+001  0.100000E+001  0.100000E+002
  0.288000E+003  0.300000E+002  0.927051E+001 -0.295317E+002  0.220471E-002  0.197855E-003  0.221357E-002 -0.734430E-002 -0.554888E-003  0.736523E-002  0.110000E+002  0.200000E+001  0.100000E+001  0.500000E+000  0.300000E+000  0.200000E+001  0.100000E+001  0.100000E+001  0.100000E+002
  0.288500E+003  0.300000E+002  0.951914E+001 -0.294497E+002  0.224731E-002  0.687259E-004  0.224836E-002 -0.727085E-002 -0.116641E-003  0.727178E-002  0.110000E+002  0.200000E+001  0.100000E+001  0.500000E+000  0.300000E+000  0.200000E+001  0.100000E+001  0.100000E+001  0.100000E+002
  0.289000E+003  0.300000E+002  0.976704E+001 -0.293656E+002  0.227950E-002 -0.695503E-004  0.228056E-002 -0.716747E-002  0.326404E-003  0.717490E-002  0.110000E+002  0.200000E+001  0.100000E+001  0.500000E+000  0.300000E+000  0.200000E+001  0.100000E+001  0.100000E+001  0.100000E+002
  0.289500E+003  0.300000E+002  0.100142E+002 -0.292792E+002  0.229988E-002 -0.216316E-003  0.231003E-002 -0.703225E-002  0.771709E-003  0.707446E-002  0.110000E+002  0.200000E+001  0.100000E+001  0.500000E+000  0.300000E+000  0.200000E+001  0.100000E+001  0.100000E+001  0.100000E+002
  0.290000E+003  0.300000E+002  0.102606E+002 -0.291908E+002  0.230704E-002 -0.370712E-003  0.233664E-002 -0.686340E-002  0.121639E-002  0.697035E-002  0.110000E+002  0.200000E+001  0.100000E+001  0.500000E+000  0.300000E+000  0.200000E+001  0.100000E+001  0.100000E+001  0.100000E+002
  0.290500E+003  0.300000E+002  0.105062E+002 -0.291002E+002  0.229955E-002 -0.531662E-003  0.236021E-002 -0.665932E-002  0.165721E-002  0.686243E-002  0.110000E+002  0.200000E+001  0.100000E+001  0.500000E+000  0.300000E+000  0.200000E+001  0.100000E+001  0.100000E+001  0.100000E+002
  0.291000E+003  0.300000E+002  0.107510E+002 -0.290074E+002  0.227601E-002 -0.697846E-003  0.238059E-002 -0.641868E-002  0.209056E-002  0.675054E-002  0.110000E+002  0.200000E+001  0.100000E+001  0.500000E+000  0.300000E+000  0.200000E+001  0.100000E+001  0.100000E+001  0.100000E+002
  0.291500E+003  0.300000E+002  0.109950E+002 -0.289125E+002  0.223507E-002 -0.867686E-003  0.239759E-002 -0.614041E-002  0.251246E-002  0.663453E-002  0.110000E+002  0.200000E+001  0.100000E+001  0.500000E+000  0.300000E+000  0.200000E+001  0.100000E+001  0.100000E+001  0.100000E+002
  0.292000E+003  0.300000E+002  0.112382E+002 -0.288155E+002  0.217549E-002 -0.103933E-002  0.241101E-002 -0.582384E-002  0.291856E-002  0.651422E-002  0.110000E+002  0.200000E+001  0.100000E+001  0.500000E+000  0.300000E+000  0.200000E+001  0.100000E+001  0.100000E+001  0.100000E+002
  0.292500E+003  0.300000E+002  0.114805E+002 -0.287164E+002  0.209618E-002 -0.121064E-002  0.242066E-002 -0.546877E-002  0.330412E-002  0.638942E-002  0.110000E+002  0.200000E+001  0.100000E+001  0.500000E+000  0.300000E+000  0.200000E+001  0.100000E+001  0.100000E+001  0.100000E+002
  0.293000E+003  0.300000E+002  0.117219E+002 -0.286151E+002  0.199622E-002 -0.137917E-002  0.242632E-002 -0.507551E-002  0.366411E-002  0.625991E-002  0.110000E+002  0.200000E+001  0.100000E+001  0.500000E+000  0.300000E+000  0.200000E+001  0.100000E+001  0.100000E+001  0.100000E+002
  0.293500E+003  0.300000E+002  0.119625E+002 -0.285118E+002  0.187497E-002 -0.154221E-002  0.242774E-002 -0.464502E-002  0.399315E-002  0.612548E-002  0.110000E+002  0.200000E+001  0.100000E+001  0.500000E+000  0.300000E+000  0.200000E+001  0.100000E+001  0.100000E+001  0.100000E+002
  0.294000E+003  0.300000E+002  0.122021E+002 -0.284064E+002  0.173210E-002 -0.169673E-002  0.242467E-002 -0.417901E-002  0.428563E-002  0.598588E-002  0.110000E+002  0.200000E+001  0.100000E+001  0.500000E+000  0.300000E+000  0.200000E+001  0.100000E+001  0.100000E+001  0.100000E+002
  0.294500E+003  0.300000E+002  0.124408E+002 -0.282988E+002  0.156769E-002 -0.183944E-002  0.241686E-002 -0.368002E-002  0.453576E-002  0.584086E-002  0.110000E+002  0.200000E+001  0.100000E+001  0.500000E+000  0.300000E+000  0.200000E+001  0.100000E+001  0.100000E+001  0.100000E+002
  0.295000E+003  0.300000E+002  0.126785E+002 -0.281892E+002  0.138231E-002 -0.196684E-002  0.240401E-002 -0.315154E-002  0.473768E-002  0.569015E-002  0.110000E+002  0.200000E+001  0.100000E+001  0.500000E+000  0.300000E+000  0.200000E+001  0.100000E+001  0.100000E+001  0.100000E+002
  0.295500E+003  0.300000E+002  0.129153E+002 -0.280776E+002  0.117708E-002 -0.207523E-002  0.238582E-002 -0.259814E-002  0.488558E-002  0.553347E-002  0.110000E+002  0.200000E+001  0.100000E+001  0.500000E+000  0.300000E+000  0.200000E+001  0.100000E+001  0.100000E+001  0.100000E+002
  0.296000E+003  0.300000E+002  0.131511E+002 -0.279638E+002  0.953802E-003 -0.216083E-002  0.236197E-002 -0.202553E-002  0.497388E-002  0.537050E-002  0.110000E+002  0.200000E+001  0.100000E+001  0.500000E+000  0.300000E+000  0.200000E+001  0.100000E+001  0.100000E+001  0.100000E+002
  0.296500E+003  0.300000E+002  0.133859E+002 -0.278480E+002  0.714998E-003 -0.221984E-002  0.233215E-002 -0.144069E-002  0.499744E-002  0.520096E-002  0.110000E+002  0.200000E+001  0.100000E+001  0.500000E+000  0.300000E+000  0.200000E+001  0.100000E+001  0.100000E+001  0.100000E+002
  0.297000E+003  0.300000E+002  0.136197E+002 -0.277302E+002  0.464026E-003 -0.224861E-002  0.229599E-002 -0.851907E-003  0.495177E-002  0.502452E-002  0.110000E+002  0.200000E+001  0.100000E+001  0.500000E+000  0.300000E+000  0.200000E+001  0.100000E+001  0.100000E+001  0.100000E+002
  0.297500E+003  0.300000E+002  0.138525E+002 -0.276103E+002  0.205124E-003 -0.224380E-002  0.225316E-002 -0.268793E-003  0.483342E-002  0.484089E-002  0.110000E+002  0.200000E+001  0.100000E+001  0.500000E+000  0.300000E+000  0.200000E+001  0.100000E+001  0.100000E+001  0.100000E+002
  0.298000E+003  0.300000E+002  0.140841E+002 -0.274884E+002 -0.565473E-004 -0.220257E-002  0.220329E-002  0.297722E-003  0.464022E-002  0.464976E-002  0.110000E+002  0.200000E+001  0.100000E+001  0.500000E+000  0.300000E+000  0.200000E+001  0.100000E+001  0.100000E+001  0.100000E+002
  0.298500E+003  0.300000E+002  0.143148E+002 -0.273645E+002 -0.314910E-003 -0.212281E-002  0.214604E-002  0.835513E-003  0.437176E-002  0.445088E-002  0.110000E+002  0.200000E+001  0.100000E+001  0.500000E+000  0.300000E+000  0.200000E+001  0.100000E+001  0.100000E+001  0.100000E+002
  0.299000E+003  0.300000E+002  0.145443E+002 -0.272386E+002 -0.563024E-003 -0.200347E-002  0.208108E-002  0.133146E-002  0.402976E-002  0.424402E-002  0.110000E+002  0.200000E+001  0.100000E+001  0.500000E+000  0.300000E+000  0.200000E+001  0.100000E+001  0.100000E+001  0.100000E+002
  0.299500E+003  0.300000E+002  0.147727E+002 -0.271107E+002 -0.793220E-003 -0.184478E-002  0.200809E-002  0.177180E-002  0.361854E-002  0.402903E-002  0.110000E+002  0.200000E+001  0.100000E+001  0.500000E+000  0.300000E+000  0.200000E+001  0.100000E+001  0.100000E+001  0.100000E+002
  0.300000E+003  0.300000E+002  0.150000E+002 -0.269808E+002 -0.997315E-003 -0.164862E-002  0.192681E-002  0.214256E-002  0.314544E-002  0.380583E-002  0.110000E+002  0.200000E+001  0.100000E+001  0.500000E+000  0.300000E+000  0.200000E+001  0.100000E+001  0.100000E+001  0.100000E+002
  0.300500E+003  0.300000E+002  0.152262E+002 -0.268489E+002 -0.116695E-002 -0.141878E-002  0.183704E-002  0.243028E-002  0.262120E-002  0.357448E-002  0.110000E+002  0.200000E+001  0.100000E+001  0.500000E+000  0.300000E+000  0.200000E+001  0.100000E+001  0.100000E+001  0.100000E+002
  0.301000E+003  0.300000E+002  0.154511E+002 -0.267150E+002 -0.129404E-002 -0.116123E-002  0.173867E-002  0.262283E-002  0.206020E-002  0.333521E-002  0.110000E+002  0.200000E+001  0.100000E+001  0.500000E+000  0.300000E+000  0.200000E+001  0.100000E+001  0.100000E+001  0.100000E+002
  0.301500E+003  0.300000E+002  0.156750E+002 -0.265792E+002 -0.137136E-002 -0.884248E-003  0.163172E-002  0.271045E-002  0.148056E-002  0.308846E-002  0.110000E+002  0.200000E+001  0.100000E+001  0.500000E+000  0.300000E+000  0.200000E+001  0.100000E+001  0.100000E+001  0.100000E+002
  0.302000E+003  0.300000E+002  0.158976E+002 -0.264414E+002 -0.139327E-002 -0.598454E-003  0.151636E-002  0.268700E-002  0.903858E-003  0.283495E-002  0.110000E+002  0.200000E+001  0.100000E+001  0.500000E+000  0.300000E+000  0.200000E+001  0.100000E+001  0.100000E+001  0.100000E+002
  0.302500E+003  0.300000E+002  0.161190E+002 -0.263017E+002 -0.135651E-002 -0.316578E-003  0.139297E-002  0.255122E-002  0.354580E-003  0.257574E-002  0.110000E+002  0.200000E+001  0.100000E+001  0.500000E+000  0.300000E+000  0.200000E+001  0.100000E+001  0.100000E+001  0.100000E+002
  0.303000E+003  0.300000E+002  0.163392E+002 -0.261601E+002 -0.126107E-002 -0.529729E-004  0.126219E-002  0.230807E-002 -0.141012E-003  0.231237E-002  0.110000E+002  0.200000E+001  0.100000E+001  0.500000E+000  0.300000E+000  0.200000E+001  0.100000E+001  0.100000E+001  0.100000E+002
  0.303500E+003  0.300000E+002  0.165581E+002 -0.260166E+002 -0.111095E-002  0.177223E-003  0.112500E-002  0.196983E-002 -0.556523E-003  0.204694E-002  0.110000E+002  0.200000E+001  0.100000E+001  0.500000E+000  0.300000E+000  0.200000E+001  0.100000E+001  0.100000E+001  0.100000E+002
  0.304000E+003  0.300000E+002  0.167758E+002 -0.258711E+002 -0.914783E-003  0.359295E-003  0.982813E-003  0.155684E-002 -0.867680E-003  0.178231E-002  0.110000E+002  0.200000E+001  0.100000E+001  0.500000E+000  0.300000E+000  0.200000E+001  0.100000E+001  0.100000E+001  0.100000E+002
  0.304500E+003  0.300000E+002  0.169922E+002 -0.257238E+002 -0.686072E-003  0.480520E-003  0.837612E-003  0.109749E-002 -0.105510E-002  0.152240E-002  0.110000E+002  0.200000E+001  0.100000E+001  0.500000E+000  0.300000E+000  0.200000E+001  0.100000E+001  0.100000E+001  0.100000E+002
  0.305000E+003  0.300000E+002  0.172073E+002 -0.255746E+002 -0.442886E-003  0.531989E-003  0.692215E-003  0.627231E-003 -0.110736E-002  0.127266E-002  0.110000E+002  0.200000E+001  0.100000E+001  0.500000E+000  0.300000E+000  0.200000E+001  0.100000E+001  0.100000E+001  0.100000E+002
  0.305500E+003  0.300000E+002  0.174211E+002 -0.254235E+002 -0.206811E-003  0.510519E-003  0.550818E-003  0.186320E-003 -0.102412E-002  0.104093E-002  0.110000E+002  0.200000E+001  0.100000E+001  0.500000E+000  0.300000E+000  0.200000E+001  0.100000E+001  0.100000E+001  0.100000E+002
  0.306000E+003  0.300000E+002  0.176336E+002 -0.252705E+002 -0.104705E-005  0.420314E-003  0.420316E-003 -0.183879E-003 -0.818531E-003  0.838930E-003  0.110000E+002  0.200000E+001  0.100000E+001  0.500000E+000  0.300000E+000  0.200000E+001  0.100000E+001  0.100000E+001  0.100000E+002
  0.306500E+003  0.300000E+002  0.178447E+002 -0.251157E+002  0.152358E-003  0.274015E-003  0.313524E-003 -0.445949E-003 -0.518505E-003  0.683899E-003  0.110000E+002  0.200000E+001  0.100000E+001  0.500000E+000  0.300000E+000  0.200000E+001  0.100000E+001  0.100000E+001  0.100000E+002
  0.307000E+003  0.300000E+002  0.180545E+002 -0.249591E+002  0.235947E-003  0.926360E-004  0.253480E-003 -0.572434E-003 -0.165899E-003  0.595989E-003  0.110000E+002  0.200000E+001  0.100000E+001  0.500000E+000  0.300000E+000  0.200000E+001  0.100000E+001  0.100000E+001  0.100000E+002
  0.307500E+003  0.300000E+002  0.182628E+002 -0.248006E+002  0.240515E-003 -0.960203E-004  0.258974E-003 -0.551953E-003  0.186981E-003  0.582764E-003  0.110000E+002  0.200000E+001  0.100000E+001  0.500000E+000  0.300000E+000  0.200000E+001  0.100000E+001  0.100000E+001  0.100000E+002
  0.308000E+003  0.300000E+002  0.184698E+002 -0.246403E+002  0.168292E-003 -0.260720E-003  0.310317E-003 -0.394156E-003  0.483877E-003  0.624096E-003  0.110000E+002  0.200000E+001  0.100000E+001  0.500000E+000  0.300000E+000  0.200000E+001  0.100000E+001  0.100000E+001  0.100000E+002
  0.308500E+003  0.300000E+002  0.186754E+002 -0.244782E+002  0.346924E-004 -0.371844E-003  0.373459E-003 -0.131927E-003  0.673754E-003  0.686548E-003  0.110000E+002  0.200000E+001  0.100000E+001  0.500000E+000  0.300000E+000  0.200000E+001  0.100000E+001  0.100000E+001  0.100000E+002
  0.309000E+003  0.300000E+002  0.188796E+002 -0.243144E+002 -0.132303E-003 -0.407509E-003  0.428448E-003  0.180749E-003  0.721481E-003  0.743778E-003  0.110000E+002  0.200000E+001  0.100000E+001  0.500000E+000  0.300000E+000  0.200000E+001  0.100000E+001  0.100000E+001  0.100000E+002
  0.309500E+003  0.300000E+002  0.190823E+002 -0.241487E+002 -0.295884E-003 -0.359573E-003  0.465661E-003  0.476312E-003  0.617814E-003  0.780107E-003  0.110000E+002  0.200000E+001  0.100000E+001  0.500000E+000  0.300000E+000  0.200000E+001  0.100000E+001  0.100000E+001  0.100000E+002
  0.310000E+003  0.300000E+002  0.192836E+002 -0.239813E+002 -0.417326E-003 -0.237822E-003  0.480334E-003  0.686475E-003  0.385735E-003  0.787426E-003  0.110000E+002  0.200000E+001  0.100000E+001  0.500000E+000  0.300000E+000  0.200000E+001  0.100000E+001  0.100000E+001  0.100000E+002
  0.310500E+003  0.300000E+002  0.194834E+002 -0.238122E+002 -0.465220E-003 -0.705017E-004  0.470532E-003  0.758564E-003  0.800595E-004  0.762777E-003  0.110000E+002  0.200000E+001  0.100000E+001  0.500000E+000  0.300000E+000  0.200000E+001  0.100000E+001  0.100000E+001  0.100000E+002
  0.311000E+003  0.300000E+002  0.196818E+002 -0.236413E+002 -0.424941E-003  0.100239E-003  0.436603E-003  0.671617E-003 -0.221903E-003  0.707326E-003  0.110000E+002  0.200000E+001  0.100000E+001  0.500000E+000  0.300000E+000  0.200000E+001  0.100000E+001  0.100000E+001  0.100000E+002
  0.311500E+003  0.300000E+002  0.198786E+002 -0.234687E+002 -0.305384E-003  0.228188E-003  0.381220E-003  0.446981E-003 -0.438584E-003  0.626217E-003  0.110000E+002  0.200000E+001  0.100000E+001  0.500000E+000  0.300000E+000  0.200000E+001  0.100000E+001  0.100000E+001  0.100000E+002
  0.312000E+003  0.300000E+002  0.200739E+002 -0.232943E+002 -0.139761E-003  0.276525E-003  0.309837E-003  0.148056E-003 -0.508000E-003  0.529135E-003  0.110000E+002  0.200000E+001  0.100000E+001  0.500000E+000  0.300000E+000  0.200000E+001  0.100000E+001  0.100000E+001  0.100000E+002
  0.312500E+003  0.300000E+002  0.202677E+002 -0.231183E+002  0.216807E-004  0.231155E-003  0.232170E-003 -0.134122E-003 -0.410414E-003  0.431774E-003  0.110000E+002  0.200000E+001  0.100000E+001  0.500000E+000  0.300000E+000  0.200000E+001  0.100000E+001  0.100000E+001  0.100000E+002
  0.313000E+003  0.300000E+002  0.204600E+002 -0.229406E+002  0.126693E-003  0.108791E-003  0.166992E-003 -0.308307E-003 -0.180900E-003  0.357461E-003  0.110000E+002  0.200000E+001  0.100000E+001  0.500000E+000  0.300000E+000  0.200000E+001  0.100000E+001  0.100000E+001  0.100000E+002
  0.313500E+003  0.300000E+002  0.206506E+002 -0.227612E+002  0.140038E-003 -0.450283E-004  0.147099E-003 -0.316352E-003  0.961824E-004  0.330651E-003  0.110000E+002  0.200000E+001  0.100000E+001  0.500000E+000  0.300000E+000  0.200000E+001  0.100000E+001  0.100000E+001  0.100000E+002
  0.314000E+003  0.300000E+002  0.208398E+002 -0.225802E+002  0.595489E-004 -0.169988E-003  0.180117E-003 -0.160065E-003  0.313610E-003  0.352097E-003  0.110000E+002  0.200000E+001  0.100000E+001  0.500000E+000  0.300000E+000  0.200000E+001  0.100000E+001  0.100000E+001  0.100000E+002
  0.314500E+003  0.300000E+002  0.210273E+002 -0.223975E+002 -0.787642E-004 -0.214208E-003  0.228230E-003  0.920666E-004  0.382673E-003  0.393592E-003  0.110000E+002  0.200000E+001  0.100000E+001  0.500000E+000  0.300000E+000  0.200000E+001  0.100000E+001  0.100000E+001  0.100000E+002
  0.315000E+003  0.300000E+002  0.212132E+002 -0.222132E+002 -0.211887E-003 -0.158124E-003  0.264384E-003  0.326801E-003  0.274180E-003  0.426584E-003  0.110000E+002  0.200000E+001  0.100000E+001  0.500000E+000  0.300000E+000  0.200000E+001  0.100000E+001  0.100000E+001  0.100000E+002
  0.315500E+003  0.300000E+002  0.213975E+002 -0.220273E+002 -0.275963E-003 -0.274316E-004  0.277323E-003  0.433352E-003  0.388706E-004  0.435092E-003  0.110000E+002  0.200000E+001  0.100000E+001  0.500000E+000  0.300000E+000  0.200000E+001  0.100000E+001  0.100000E+001  0.100000E+002
  0.316000E+003  0.300000E+002  0.215802E+002 -0.218398E+002 -0.237626E-003  0.114396E-003  0.263728E-003  0.357852E-003 -0.208460E-003  0.414142E-003  0.110000E+002  0.200000E+001  0.100000E+001  0.500000E+000  0.300000E+000  0.200000E+001  0.100000E+001  0.100000E+001  0.100000E+002
  0.316500E+003  0.300000E+002  0.217612E+002 -0.216506E+002 -0.114688E-003  0.194899E-003  0.226139E-003  0.137325E-003 -0.341306E-003  0.367896E-003  0.110000E+002  0.200000E+001  0.100000E+001  0.500000E+000  0.300000E+000  0.200000E+001  0.100000E+001  0.100000E+001  0.100000E+002
  0.317000E+003  0.300000E+002  0.219406E+002 -0.214600E+002  0.281485E-004  0.171305E-003  0.173603E-003 -0.110958E-003 -0.289077E-003  0.309641E-003  0.110000E+002  0.200000E+001  0.100000E+001  0.500000E+000  0.300000E+000  0.200000E+001  0.100000E+001  0.100000E+001  0.100000E+002
  0.317500E+003  0.300000E+002  0.221183E+002 -0.212677E+002  0.111678E-003  0.582079E-004  0.125937E-003 -0.248514E-003 -0.831977E-004  0.262071E-003  0.110000E+002  0.200000E+001  0.100000E+001  0.500000E+000  0.300000E+000  0.200000E+001  0.100000E+001  0.100000E+001  0.100000E+002
  0.318000E+003  0.300000E+002  0.222943E+002 -0.210739E+002  0.886094E-004 -0.755272E-004  0.116430E-003 -0.196915E-003  0.151802E-003  0.248635E-003  0.110000E+002  0.200000E+001  0.100000E+001  0.500000E+000  0.300000E+000  0.200000E+001  0.100000E+001  0.100000E+001  0.100000E+002
  0.318500E+003  0.300000E+002  0.224687E+002 -0.208786E+002 -0.233767E-004 -0.145173E-003  0.147043E-003  0.699464E-005  0.268082E-003  0.268173E-003  0.110000E+002  0.200000E+001  0.100000E+001  0.500000E+000  0.300000E+000  0.200000E+001  0.100000E+001  0.100000E+001  0.100000E+002
  0.319000E+003  0.300000E+002  0.226413E+002 -0.206818E+002 -0.147319E-003 -0.104912E-003  0.180858E-003  0.224910E-003  0.190170E-003  0.294532E-003  0.110000E+002  0.200000E+001  0.100000E+001  0.500000E+000  0.300000E+000  0.200000E+001  0.100000E+001  0.100000E+001  0.100000E+002
  0.319500E+003  0.300000E+002  0.228122E+002 -0.204834E+002 -0.195106E-003  0.168406E-004  0.195831E-003  0.303854E-003 -0.263850E-004  0.304998E-003  0.110000E+002  0.200000E+001  0.100000E+001  0.500000E+000  0.300000E+000  0.200000E+001  0.100000E+001  0.100000E+001  0.100000E+002
  0.320000E+003  0.300000E+002  0.229813E+002 -0.202836E+002 -0.130472E-003  0.131640E-003  0.185343E-003  0.185651E-003 -0.224041E-003  0.290966E-003  0.110000E+002  0.200000E+001  0.100000E+001  0.500000E+000  0.300000E+000  0.200000E+001  0.100000E+001  0.100000E+001  0.100000E+002
  0.320500E+003  0.300000E+002  0.231487E+002 -0.200823E+002 -0.820169E-006  0.153013E-003  0.153015E-003 -0.412936E-004 -0.253931E-003  0.257267E-003  0.110000E+002  0.200000E+001  0.100000E+001  0.500000E+000  0.300000E+000  0.200000E+001  0.100000E+001  0.100000E+001  0.100000E+002
  0.321000E+003  0.300000E+002  0.233144E+002 -0.198796E+002  0.934762E-004  0.649651E-004  0.113834E-003 -0.200010E-003 -0.939104E-004  0.220959E-003  0.110000E+002  0.200000E+001  0.100000E+001  0.500000E+000  0.300000E+000  0.200000E+001  0.100000E+001  0.100000E+001  0.100000E+002
  0.321500E+003  0.300000E+002  0.234782E+002 -0.196754E+002  0.775582E-004 -0.593447E-004  0.976579E-004 -0.163481E-003  0.123487E-003  0.204878E-003  0.110000E+002  0.200000E+001  0.100000E+001  0.500000E+000  0.300000E+000  0.200000E+001  0.100000E+001  0.100000E+001  0.100000E+002
  0.322000E+003  0.300000E+002  0.236403E+002 -0.194698E+002 -0.318767E-004 -0.113521E-003  0.117911E-003  0.330774E-004  0.212791E-003  0.215347E-003  0.110000E+002  0.200000E+001  0.100000E+001  0.500000E+000  0.300000E+000  0.200000E+001  0.100000E+001  0.100000E+001  0.100000E+002
  0.322500E+003  0.300000E+002  0.238006E+002 -0.192628E+002 -0.134759E-003 -0.502104E-004  0.143809E-003  0.211826E-003  0.965503E-004  0.232792E-003  0.110000E+002  0.200000E+001  0.100000E+001  0.500000E+000  0.300000E+000  0.200000E+001  0.100000E+001  0.100000E+001  0.100000E+002
  0.323000E+003  0.300000E+002  0.239591E+002 -0.190545E+002 -0.134265E-003  0.709817E-004  0.151873E-003  0.206458E-003 -0.115719E-003  0.236676E-003  0.110000E+002  0.200000E+001  0.100000E+001  0.500000E+000  0.300000E+000  0.200000E+001  0.100000E+001  0.100000E+001  0.100000E+002
  0.323500E+003  0.300000E+002  0.241157E+002 -0.188447E+002 -0.298661E-004  0.133383E-003  0.136686E-003  0.221378E-004 -0.219827E-003  0.220939E-003  0.110000E+002  0.200000E+001  0.100000E+001  0.500000E+000  0.300000E+000  0.200000E+001  0.100000E+001  0.100000E+001  0.100000E+002
  0.324000E+003  0.300000E+002  0.242705E+002 -0.186336E+002  0.758412E-004  0.754512E-004  0.106980E-003 -0.158529E-003 -0.113361E-003  0.194890E-003  0.110000E+002  0.200000E+001  0.100000E+001  0.500000E+000  0.300000E+000  0.200000E+001  0.100000E+001  0.100000E+001  0.100000E+002
  0.324500E+003  0.300000E+002  0.244235E+002 -0.184211E+002  0.761767E-004 -0.424112E-004  0.871872E-004 -0.152024E-003  0.927335E-004  0.178076E-003  0.110000E+002  0.200000E+001  0.100000E+001  0.500000E+000  0.300000E+000  0.200000E+001  0.100000E+001  0.100000E+001  0.100000E+002
  0.325000E+003  0.300000E+002  0.245746E+002 -0.182073E+002 -0.263157E-004 -0.947000E-004  0.982884E-004  0.310629E-004  0.179204E-003  0.181876E-003  0.110000E+002  0.200000E+001  0.100000E+001  0.500000E+000  0.300000E+000  0.200000E+001  0.100000E+001  0.100000E+001  0.100000E+002
  0.325500E+003  0.300000E+002  0.247238E+002 -0.179922E+002 -0.116225E-003 -0.250490E-004  0.118894E-003  0.186357E-003  0.530926E-004  0.193772E-003  0.110000E+002  0.200000E+001  0.100000E+001  0.500000E+000  0.300000E+000  0.200000E+001  0.100000E+001  0.100000E+001  0.100000E+002
  0.326000E+003  0.300000E+002  0.248711E+002 -0.177758E+002 -0.899907E-004  0.857973E-004  0.124336E-003  0.136743E-003 -0.139674E-003  0.195468E-003  0.110000E+002  0.200000E+001  0.100000E+001  0.500000E+000  0.300000E+000  0.200000E+001  0.100000E+001  0.100000E+001  0.100000E+002
  0.326500E+003  0.300000E+002  0.250166E+002 -0.175581E+002  0.220218E-004  0.107152E-003  0.109392E-003 -0.587195E-004 -0.172259E-003  0.181992E-003  0.110000E+002  0.200000E+001  0.100000E+001  0.500000E+000  0.300000E+000  0.200000E+001  0.100000E+001  0.100000E+001  0.100000E+002
  0.327000E+003  0.300000E+002  0.251601E+002 -0.173392E+002  0.851641E-004  0.137615E-004  0.862688E-004 -0.163799E-003 -0.665995E-005  0.163935E-003  0.110000E+002  0.200000E+001  0.100000E+001  0.500000E+000  0.300000E+000  0.200000E+001  0.100000E+001  0.100000E+001  0.100000E+002
  0.327500E+003  0.300000E+002  0.253017E+002 -0.171190E+002  0.229402E-004 -0.773588E-004  0.806885E-004 -0.501688E-004  0.149478E-003  0.157673E-003  0.110000E+002  0.200000E+001  0.100000E+001  0.500000E+000  0.300000E+000  0.200000E+001  0.100000E+001  0.100000E+001  0.100000E+002
  0.328000E+003  0.300000E+002  0.254414E+002 -0.168976E+002 -0.820158E-004 -0.500244E-004  0.960678E-004  0.132903E-003  0.970134E-004  0.164544E-003  0.110000E+002  0.200000E+001  0.100000E+001  0.500000E+000  0.300000E+000  0.200000E+001  0.100000E+001  0.100000E+001  0.100000E+002
  0.328500E+003  0.300000E+002  0.255792E+002 -0.166750E+002 -0.894541E-004  0.577611E-004  0.106482E-003  0.142357E-003 -0.917375E-004  0.169356E-003  0.110000E+002  0.200000E+001  0.100000E+001  0.500000E+000  0.300000E+000  0.200000E+001  0.100000E+001  0.100000E+001  0.100000E+002
  0.329000E+003  0.300000E+002  0.257150E+002 -0.164511E+002  0.108363E-004  0.983479E-004  0.989431E-004 -0.333958E-004 -0.158798E-003  0.162271E-003  0.110000E+002  0.200000E+001  0.100000E+001  0.500000E+000  0.300000E+000  0.200000E+001  0.100000E+001  0.100000E+001  0.100000E+002
  0.329500E+003  0.300000E+002  0.258489E+002 -0.162262E+002  0.790976E-004  0.154543E-004  0.805932E-004 -0.148296E-003 -0.118035E-004  0.148765E-003  0.110000E+002  0.200000E+001  0.100000E+001  0.500000E+000  0.300000E+000  0.200000E+001  0.100000E+001  0.100000E+001  0.100000E+002
  0.330000E+003  0.300000E+002  0.259808E+002 -0.160000E+002  0.193100E-004 -0.714211E-004  0.739855E-004 -0.397931E-004  0.136981E-003  0.142644E-003  0.110000E+002  0.200000E+001  0.100000E+001  0.500000E+000  0.300000E+000  0.200000E+001  0.100000E+001  0.100000E+001  0.100000E+002
  0.330500E+003  0.300000E+002  0.261107E+002 -0.157727E+002 -0.780130E-004 -0.353573E-004  0.856514E-004  0.129238E-003  0.699327E-004  0.146946E-003  0.110000E+002  0.200000E+001  0.100000E+001  0.500000E+000  0.300000E+000  0.200000E+001  0.100000E+001  0.100000E+001  0.100000E+002
  0.331000E+003  0.300000E+002  0.262386E+002 -0.155443E+002 -0.648495E-004  0.671438E-004  0.933475E-004  0.103040E-003 -0.108625E-003  0.149722E-003  0.110000E+002  0.200000E+001  0.100000E+001  0.500000E+000  0.300000E+000  0.200000E+001  0.100000E+001  0.100000E+001  0.100000E+002
  0.331500E+003  0.300000E+002  0.263645E+002 -0.153148E+002  0.380458E-004  0.764822E-004  0.854225E-004 -0.760157E-004 -0.121373E-003  0.143213E-003  0.110000E+002  0.200000E+001  0.100000E+001  0.500000E+000  0.300000E+000  0.200000E+001  0.100000E+001  0.100000E+001  0.100000E+002
  0.332000E+003  0.300000E+002  0.264884E+002 -0.150841E+002  0.678754E-004 -0.214723E-004  0.711908E-004 -0.123738E-003  0.500747E-004  0.133486E-003  0.110000E+002  0.200000E+001  0.100000E+001  0.500000E+000  0.300000E+000  0.200000E+001  0.100000E+001  0.100000E+001  0.100000E+002
  0.332500E+003  0.300000E+002  0.266103E+002 -0.148525E+002 -0.216959E-004 -0.674862E-004  0.708880E-004  0.345866E-004  0.126580E-003  0.131220E-003  0.110000E+002  0.200000E+001  0.100000E+001  0.500000E+000  0.300000E+000  0.200000E+001  0.100000E+001  0.100000E+001  0.100000E+002
  0.333000E+003  0.300000E+002  0.267302E+002 -0.146197E+002 -0.799747E-004  0.132088E-004  0.810582E-004  0.133703E-003 -0.164857E-004  0.134716E-003  0.110000E+002  0.200000E+001  0.100000E+001  0.500000E+000  0.300000E+000  0.200000E+001  0.100000E+001  0.100000E+001  0.100000E+002
  0.333500E+003  0.300000E+002  0.268480E+002 -0.143859E+002 -0.801970E-005  0.816866E-004  0.820793E-004  0.639616E-005 -0.133546E-003  0.133699E-003  0.110000E+002  0.200000E+001  0.100000E+001  0.500000E+000  0.300000E+000  0.200000E+001  0.100000E+001  0.100000E+001  0.100000E+002
  0.334000E+003  0.300000E+002  0.269638E+002 -0.141511E+002  0.686574E-004  0.191088E-004  0.712670E-004 -0.124482E-003 -0.222059E-004  0.126447E-003  0.110000E+002  0.200000E+001  0.100000E+001  0.500000E+000  0.300000E+000  0.200000E+001  0.100000E+001  0.100000E+001  0.100000E+002
  0.334500E+003  0.300000E+002  0.270776E+002 -0.139153E+002  0.152849E-004 -0.627470E-004  0.645819E-004 -0.282692E-004  0.118117E-003  0.121453E-003  0.110000E+002  0.200000E+001  0.100000E+001  0.500000E+000  0.300000E+000  0.200000E+001  0.100000E+001  0.100000E+001  0.100000E+002
  0.335000E+003  0.300000E+002  0.271892E+002 -0.136785E+002 -0.693629E-004 -0.166477E-004  0.713327E-004  0.117904E-003  0.345893E-004  0.122873E-003  0.110000E+002  0.200000E+001  0.100000E+001  0.500000E+000  0.300000E+000  0.200000E+001  0.100000E+001  0.100000E+001  0.100000E+002
  0.335500E+003  0.300000E+002  0.272988E+002 -0.134408E+002 -0.285067E-004  0.701005E-004  0.756750E-004  0.441750E-004 -0.115374E-003  0.123542E-003  0.110000E+002  0.200000E+001  0.100000E+001  0.500000E+000  0.300000E+000  0.200000E+001  0.100000E+001  0.100000E+001  0.100000E+002
  0.336000E+003  0.300000E+002  0.274064E+002 -0.132021E+002  0.598779E-004  0.335427E-004  0.686329E-004 -0.108119E-003 -0.490934E-004  0.118742E-003  0.110000E+002  0.200000E+001  0.100000E+001  0.500000E+000  0.300000E+000  0.200000E+001  0.100000E+001  0.100000E+001  0.100000E+002
  0.336500E+003  0.300000E+002  0.275118E+002 -0.129625E+002  0.265523E-004 -0.551111E-004  0.611741E-004 -0.468715E-004  0.103777E-003  0.113871E-003  0.110000E+002  0.200000E+001  0.100000E+001  0.500000E+000  0.300000E+000  0.200000E+001  0.100000E+001  0.100000E+001  0.100000E+002
  0.337000E+003  0.300000E+002  0.276151E+002 -0.127219E+002 -0.611847E-004 -0.228682E-004  0.653187E-004  0.105027E-003  0.444721E-004  0.114054E-003  0.110000E+002  0.200000E+001  0.100000E+001  0.500000E+000  0.300000E+000  0.200000E+001  0.100000E+001  0.100000E+001  0.100000E+002
  0.337500E+003  0.300000E+002  0.277164E+002 -0.124805E+002 -0.279061E-004  0.638382E-004  0.696711E-004  0.445536E-004 -0.105623E-003  0.114635E-003  0.110000E+002  0.200000E+001  0.100000E+001  0.500000E+000  0.300000E+000  0.200000E+001  0.100000E+001  0.100000E+001  0.100000E+002
  0.338000E+003  0.300000E+002  0.278155E+002 -0.122382E+002  0.576561E-004  0.284169E-004  0.642786E-004 -0.102948E-003 -0.415377E-004  0.111012E-003  0.110000E+002  0.200000E+001  0.100000E+001  0.500000E+000  0.300000E+000  0.200000E+001  0.100000E+001  0.100000E+001  0.100000E+002
  0.338500E+003  0.300000E+002  0.279125E+002 -0.119950E+002  0.191309E-004 -0.548927E-004  0.581309E-004 -0.330713E-004  0.101891E-003  0.107124E-003  0.110000E+002  0.200000E+001  0.100000E+001  0.500000E+000  0.300000E+000  0.200000E+001  0.100000E+001  0.100000E+001  0.100000E+002
  0.339000E+003  0.300000E+002  0.280074E+002 -0.117510E+002 -0.605731E-004 -0.116106E-004  0.616759E-004  0.104407E-003  0.238247E-004  0.107091E-003  0.110000E+002  0.200000E+001  0.100000E+001  0.500000E+000  0.300000E+000  0.200000E+001  0.100000E+001  0.100000E+001  0.100000E+002
  0.339500E+003  0.300000E+002  0.281002E+002 -0.115062E+002 -0.109948E-004  0.636802E-004  0.646224E-004  0.160051E-004 -0.105855E-003  0.107058E-003  0.110000E+002  0.200000E+001  0.100000E+001  0.500000E+000  0.300000E+000  0.200000E+001  0.100000E+001  0.100000E+001  0.100000E+002
  0.340000E+003  0.300000E+002  0.281908E+002 -0.112606E+002  0.589015E-004  0.726781E-005  0.593482E-004 -0.103668E-003 -0.584510E-005  0.103833E-003  0.110000E+002  0.200000E+001  0.100000E+001  0.500000E+000  0.300000E+000  0.200000E+001  0.100000E+001  0.100000E+001  0.100000E+002
  0.340500E+003  0.300000E+002  0.282792E+002 -0.110142E+002 -0.440599E-005 -0.552900E-004  0.554653E-004  0.847356E-005  0.100778E-003  0.101133E-003  0.110000E+002  0.200000E+001  0.100000E+001  0.500000E+000  0.300000E+000  0.200000E+001  0.100000E+001  0.100000E+001  0.100000E+002
  0.341000E+003  0.300000E+002  0.283656E+002 -0.107670E+002 -0.573078E-004  0.151319E-004  0.592719E-004  0.984727E-004 -0.235066E-004  0.101239E-003  0.110000E+002  0.200000E+001  0.100000E+001  0.500000E+000  0.300000E+000  0.200000E+001  0.100000E+001  0.100000E+001  0.100000E+002
  0.341500E+003  0.300000E+002  0.284497E+002 -0.105191E+002  0.199754E-004  0.564737E-004  0.599024E-004 -0.370225E-004 -0.933096E-004  0.100386E-003  0.110000E+002  0.200000E+001  0.100000E+001  0.500000E+000  0.300000E+000  0.200000E+001  0.100000E+001  0.100000E+001  0.100000E+002
  0.342000E+003  0.300000E+002  0.285317E+002 -0.102705E+002  0.479340E-004 -0.261454E-004  0.546008E-004 -0.830885E-004  0.509467E-004  0.974642E-004  0.110000E+002  0.200000E+001  0.100000E+001  0.500000E+000  0.300000E+000  0.200000E+001  0.100000E+001  0.100000E+001  0.100000E+002
  0.342500E+003  0.300000E+002  0.286115E+002 -0.100212E+002 -0.375487E-004 -0.385191E-004  0.537925E-004  0.659803E-004  0.697532E-004  0.960152E-004  0.110000E+002  0.200000E+001  0.100000E+001  0.500000E+000  0.300000E+000  0.200000E+001  0.100000E+001  0.100000E+001  0.100000E+002
  0.343000E+003  0.300000E+002  0.286891E+002 -0.977115E+001 -0.323907E-004  0.469873E-004  0.570698E-004  0.546206E-004 -0.789376E-004  0.959925E-004  0.110000E+002  0.200000E+001  0.100000E+001  0.500000E+000  0.300000E+000  0.200000E+001  0.100000E+001  0.100000E+001  0.100000E+002
  0.343500E+003  0.300000E+002  0.287646E+002 -0.952046E+001  0.496285E-004  0.235086E-004  0.549148E-004 -0.872019E-004 -0.359597E-004  0.943253E-004  0.110000E+002  0.200000E+001  0.100000E+001  0.500000E+000  0.300000E+000  0.200000E+001  0.100000E+001  0.100000E+001  0.100000E+002
  0.344000E+003  0.300000E+002  0.288379E+002 -0.926912E+001  0.823065E-005 -0.504275E-004  0.510947E-004 -0.130767E-004  0.911950E-004  0.921277E-004  0.110000E+002  0.200000E+001  0.100000E+001  0.500000E+000  0.300000E+000  0.200000E+001  0.100000E+001  0.100000E+001  0.100000E+002
  0.344500E+003  0.300000E+002  0.289089E+002 -0.901715E+001 -0.525102E-004  0.750813E-005  0.530442E-004  0.909199E-004 -0.113838E-004  0.916298E-004  0.110000E+002  0.200000E+001  0.100000E+001  0.500000E+000  0.300000E+000  0.200000E+001  0.100000E+001  0.100000E+001  0.100000E+002
  0.345000E+003  0.300000E+002  0.289778E+002 -0.876457E+001  0.190964E-004  0.503888E-004  0.538861E-004 -0.346729E-004 -0.840723E-004  0.909415E-004  0.110000E+002  0.200000E+001  0.100000E+001  0.500000E+000  0.300000E+000  0.200000E+001  0.100000E+001  0.100000E+001  0.100000E+002
  0.345500E+003  0.300000E+002  0.290444E+002 -0.851140E+001  0.402755E-004 -0.299325E-004  0.501804E-004 -0.692080E-004  0.559411E-004  0.889896E-004  0.110000E+002  0.200000E+001  0.100000E+001  0.500000E+000  0.300000E+000  0.200000E+001  0.100000E+001  0.100000E+001  0.100000E+002
  0.346000E+003  0.300000E+002  0.291089E+002 -0.825766E+001 -0.420220E-004 -0.266296E-004  0.497492E-004  0.737524E-004  0.477910E-004  0.878828E-004  0.110000E+002  0.200000E+001  0.100000E+001  0.500000E+000  0.300000E+000  0.200000E+001  0.100000E+001  0.100000E+001  0.100000E+002
  0.346500E+003  0.300000E+002  0.291711E+002 -0.800336E+001 -0.134191E-004  0.499697E-004  0.517402E-004  0.220009E-004 -0.846759E-004  0.874874E-004  0.110000E+002  0.200000E+001  0.100000E+001  0.500000E+000  0.300000E+000  0.200000E+001  0.100000E+001  0.100000E+001  0.100000E+002
  0.347000E+003  0.300000E+002  0.292311E+002 -0.774853E+001  0.494538E-004 -0.174718E-005  0.494847E-004 -0.858162E-004  0.674364E-005  0.860808E-004  0.110000E+002  0.200000E+001  0.100000E+001  0.500000E+000  0.300000E+000  0.200000E+001  0.100000E+001  0.100000E+001  0.100000E+002
  0.347500E+003  0.300000E+002  0.292889E+002 -0.749319E+001 -0.199731E-004 -0.431688E-004  0.475655E-004  0.359449E-004  0.767195E-004  0.847226E-004  0.110000E+002  0.200000E+001  0.100000E+001  0.500000E+000  0.300000E+000  0.200000E+001  0.100000E+001  0.100000E+001  0.100000E+002
  0.348000E+003  0.300000E+002  0.293444E+002 -0.723735E+001 -0.339291E-004  0.358120E-004  0.493323E-004  0.581147E-004 -0.609959E-004  0.842485E-004  0.110000E+002  0.200000E+001  0.100000E+001  0.500000E+000  0.300000E+000  0.200000E+001  0.100000E+001  0.100000E+001  0.100000E+002
  0.348500E+003  0.300000E+002  0.293977E+002 -0.698104E+001  0.442494E-004  0.196879E-004  0.484316E-004 -0.772591E-004 -0.310443E-004  0.832629E-004  0.110000E+002  0.200000E+001  0.100000E+001  0.500000E+000  0.300000E+000  0.200000E+001  0.100000E+001  0.100000E+001  0.100000E+002
  0.349000E+003  0.300000E+002  0.294488E+002 -0.672427E+001 -0.170465E-006 -0.460804E-004  0.460807E-004  0.164249E-005  0.819290E-004  0.819455E-004  0.110000E+002  0.200000E+001  0.100000E+001  0.500000E+000  0.300000E+000  0.200000E+001  0.100000E+001  0.100000E+001  0.100000E+002
  0.349500E+003  0.300000E+002  0.294976E+002 -0.646707E+001 -0.426076E-004  0.202474E-004  0.471738E-004  0.736502E-004 -0.345034E-004  0.813316E-004  0.110000E+002  0.200000E+001  0.100000E+001  0.500000E+000  0.300000E+000  0.200000E+001  0.100000E+001  0.100000E+001  0.100000E+002
  0.350000E+003  0.300000E+002  0.295442E+002 -0.620945E+001  0.348931E-004  0.316055E-004  0.470791E-004 -0.612546E-004 -0.523429E-004  0.805723E-004  0.110000E+002  0.200000E+001  0.100000E+001  0.500000E+000  0.300000E+000  0.200000E+001  0.100000E+001  0.100000E+001  0.100000E+002
  0.350500E+003  0.300000E+002  0.295886E+002 -0.595143E+001  0.125988E-004 -0.430689E-004  0.448738E-004 -0.206129E-004  0.766897E-004  0.794116E-004  0.110000E+002  0.200000E+001  0.100000E+001  0.500000E+000  0.300000E+000  0.200000E+001  0.100000E+001  0.100000E+001  0.100000E+002
  0.351000E+003  0.300000E+002  0.296307E+002 -0.569303E+001 -0.444558E-004  0.916203E-005  0.453901E-004  0.771619E-004 -0.155786E-004  0.787188E-004  0.110000E+002  0.200000E+001  0.100000E+001  0.500000E+000  0.300000E+000  0.200000E+001  0.100000E+001  0.100000E+001  0.100000E+002
  0.351500E+003  0.300000E+002  0.296705E+002 -0.543428E+001  0.274763E-004  0.364165E-004  0.456191E-004 -0.484563E-004 -0.611960E-004  0.780575E-004  0.110000E+002  0.200000E+001  0.100000E+001  0.500000E+000  0.300000E+000  0.200000E+001  0.100000E+001  0.100000E+001  0.100000E+002
  0.352000E+003  0.300000E+002  0.297080E+002 -0.517519E+001  0.185350E-004 -0.396195E-004  0.437407E-004 -0.310224E-004  0.705424E-004  0.770625E-004  0.110000E+002  0.200000E+001  0.100000E+001  0.500000E+000  0.300000E+000  0.200000E+001  0.100000E+001  0.100000E+001  0.100000E+002
  0.352500E+003  0.300000E+002  0.297433E+002 -0.491579E+001 -0.437462E-004  0.397592E-005  0.439265E-004  0.760537E-004 -0.680860E-005  0.763579E-004  0.110000E+002  0.200000E+001  0.100000E+001  0.500000E+000  0.300000E+000  0.200000E+001  0.100000E+001  0.100000E+001  0.100000E+002
  0.353000E+003  0.300000E+002  0.297764E+002 -0.465608E+001  0.243052E-004  0.368970E-004  0.441830E-004 -0.429427E-004 -0.623850E-004  0.757361E-004  0.110000E+002  0.200000E+001  0.100000E+001  0.500000E+000  0.300000E+000  0.200000E+001  0.100000E+001  0.100000E+001  0.100000E+002
  0.353500E+003  0.300000E+002  0.298072E+002 -0.439610E+001  0.189907E-004 -0.381695E-004  0.426329E-004 -0.318754E-004  0.677573E-004  0.748805E-004  0.110000E+002  0.200000E+001  0.100000E+001  0.500000E+000  0.300000E+000  0.200000E+001  0.100000E+001  0.100000E+001  0.100000E+002
  0.354000E+003  0.300000E+002  0.298357E+002 -0.413585E+001 -0.424669E-004  0.438536E-005  0.426927E-004  0.738007E-004 -0.772115E-005  0.742035E-004  0.110000E+002  0.200000E+001  0.100000E+001  0.500000E+000  0.300000E+000  0.200000E+001  0.100000E+001  0.100000E+001  0.100000E+002
  0.354500E+003  0.300000E+002  0.298619E+002 -0.387537E+001  0.255687E-004  0.343527E-004  0.428237E-004 -0.450736E-004 -0.581884E-004  0.736038E-004  0.110000E+002  0.200000E+001  0.100000E+001  0.500000E+000  0.300000E+000  0.200000E+001  0.100000E+001  0.100000E+001  0.100000E+002
  0.355000E+003  0.300000E+002  0.298858E+002 -0.361467E+001  0.147423E-004 -0.388669E-004  0.415688E-004 -0.245198E-004  0.686094E-004  0.728593E-004  0.110000E+002  0.200000E+001  0.100000E+001  0.500000E+000  0.300000E+000  0.200000E+001  0.100000E+001  0.100000E+001  0.100000E+002
  0.355500E+003  0.300000E+002  0.299075E+002 -0.335377E+001 -0.404614E-004  0.972015E-005  0.416126E-004  0.701575E-004 -0.171529E-004  0.722239E-004  0.110000E+002  0.200000E+001  0.100000E+001  0.500000E+000  0.300000E+000  0.200000E+001  0.100000E+001  0.100000E+001  0.100000E+002
  0.356000E+003  0.300000E+002  0.299269E+002 -0.309269E+001  0.302485E-004  0.284880E-004  0.415516E-004 -0.530732E-004 -0.481311E-004  0.716475E-004  0.110000E+002  0.200000E+001  0.100000E+001  0.500000E+000  0.300000E+000  0.200000E+001  0.100000E+001  0.100000E+001  0.100000E+002
  0.356500E+003  0.300000E+002  0.299440E+002 -0.283146E+001  0.588043E-005 -0.401560E-004  0.405843E-004 -0.915323E-005  0.703988E-004  0.709913E-004  0.110000E+002  0.200000E+001  0.100000E+001  0.500000E+000  0.300000E+000  0.200000E+001  0.100000E+001  0.100000E+001  0.100000E+002
