 % the field is ppp
% Dinn5 settings , t1, t2, t3, t4, tm, tp, eps, step, IntLimit
%   0.250000E+001  0.250000E+001  0.250000E+001  0.280000E+002  0.200000E-001  0.000000E+000  0.100000E-005  0.100000E-001  0.100000E+006
%psi, R, x, z, re(u), im(u), abs(u), re(w), im(w), abs(w), fieldCode, cp(1), cp(2), cs(1), cs(2), rho(1), rho(2), h, w
  0.183000E+003  0.300000E+002 -0.299589E+002 -0.257008E+001  0.443319E-005  0.559014E-005  0.713463E-005  0.768458E-005  0.969006E-005  0.123673E-004  0.110000E+002  0.200000E+001  0.100000E+001  0.500000E+000  0.300000E+000  0.200000E+001  0.100000E+001  0.100000E+001  0.100000E+002
  0.183500E+003  0.300000E+002 -0.299440E+002 -0.283146E+001 -0.722667E-005  0.371770E-006  0.723623E-005 -0.125270E-004  0.644439E-006  0.125435E-004  0.110000E+002  0.200000E+001  0.100000E+001  0.500000E+000  0.300000E+000  0.200000E+001  0.100000E+001  0.100000E+001  0.100000E+002
  0.184000E+003  0.300000E+002 -0.299269E+002 -0.309269E+001  0.386920E-005 -0.623939E-005  0.734171E-005  0.670706E-005 -0.108157E-004  0.127265E-004  0.110000E+002  0.200000E+001  0.100000E+001  0.500000E+000  0.300000E+000  0.200000E+001  0.100000E+001  0.100000E+001  0.100000E+002
  0.184500E+003  0.300000E+002 -0.299075E+002 -0.335377E+001  0.305136E-005  0.679650E-005  0.745005E-005  0.528943E-005  0.117815E-004  0.129144E-004  0.110000E+002  0.200000E+001  0.100000E+001  0.500000E+000  0.300000E+000  0.200000E+001  0.100000E+001  0.100000E+001  0.100000E+002
  0.185000E+003  0.300000E+002 -0.298858E+002 -0.361467E+001 -0.746784E-005 -0.119601E-005  0.756300E-005 -0.129454E-004 -0.207326E-005  0.131103E-004  0.110000E+002  0.200000E+001  0.100000E+001  0.500000E+000  0.300000E+000  0.200000E+001  0.100000E+001  0.100000E+001  0.100000E+002
  0.185500E+003  0.300000E+002 -0.298619E+002 -0.387537E+001  0.510087E-005 -0.574002E-005  0.767898E-005  0.884237E-005 -0.995033E-005  0.133115E-004  0.110000E+002  0.200000E+001  0.100000E+001  0.500000E+000  0.300000E+000  0.200000E+001  0.100000E+001  0.100000E+001  0.100000E+002
  0.186000E+003  0.300000E+002 -0.298357E+002 -0.413585E+001  0.222898E-005  0.747391E-005  0.779921E-005  0.386398E-005  0.129562E-004  0.135201E-004  0.110000E+002  0.200000E+001  0.100000E+001  0.500000E+000  0.300000E+000  0.200000E+001  0.100000E+001  0.100000E+001  0.100000E+002
  0.186500E+003  0.300000E+002 -0.298072E+002 -0.439610E+001 -0.767515E-005 -0.196960E-005  0.792384E-005 -0.133052E-004 -0.341437E-005  0.137363E-004  0.110000E+002  0.200000E+001  0.100000E+001  0.500000E+000  0.300000E+000  0.200000E+001  0.100000E+001  0.100000E+001  0.100000E+002
  0.187000E+003  0.300000E+002 -0.297764E+002 -0.465608E+001  0.565540E-005 -0.573213E-005  0.805238E-005  0.980396E-005 -0.993698E-005  0.139593E-004  0.110000E+002  0.200000E+001  0.100000E+001  0.500000E+000  0.300000E+000  0.200000E+001  0.100000E+001  0.100000E+001  0.100000E+002
  0.187500E+003  0.300000E+002 -0.297433E+002 -0.491579E+001  0.224976E-005  0.787087E-005  0.818609E-005  0.390014E-005  0.136448E-004  0.141912E-004  0.110000E+002  0.200000E+001  0.100000E+001  0.500000E+000  0.300000E+000  0.200000E+001  0.100000E+001  0.100000E+001  0.100000E+002
  0.188000E+003  0.300000E+002 -0.297080E+002 -0.517519E+001 -0.812074E-005 -0.182809E-005  0.832396E-005 -0.140781E-004 -0.316918E-005  0.144304E-004  0.110000E+002  0.200000E+001  0.100000E+001  0.500000E+000  0.300000E+000  0.200000E+001  0.100000E+001  0.100000E+001  0.100000E+002
  0.188500E+003  0.300000E+002 -0.296705E+002 -0.543428E+001  0.550093E-005 -0.643622E-005  0.846671E-005  0.953653E-005 -0.111580E-004  0.146781E-004  0.110000E+002  0.200000E+001  0.100000E+001  0.500000E+000  0.300000E+000  0.200000E+001  0.100000E+001  0.100000E+001  0.100000E+002
  0.189000E+003  0.300000E+002 -0.296307E+002 -0.569303E+001  0.329114E-005  0.796097E-005  0.861444E-005  0.570566E-005  0.138015E-004  0.149344E-004  0.110000E+002  0.200000E+001  0.100000E+001  0.500000E+000  0.300000E+000  0.200000E+001  0.100000E+001  0.100000E+001  0.100000E+002
  0.189500E+003  0.300000E+002 -0.295886E+002 -0.595143E+001 -0.874929E-005 -0.571293E-006  0.876792E-005 -0.151683E-004 -0.990431E-006  0.152006E-004  0.110000E+002  0.200000E+001  0.100000E+001  0.500000E+000  0.300000E+000  0.200000E+001  0.100000E+001  0.100000E+001  0.100000E+002
  0.190000E+003  0.300000E+002 -0.295442E+002 -0.620945E+001  0.434148E-005 -0.779986E-005  0.892672E-005  0.752678E-005 -0.135225E-004  0.154762E-004  0.110000E+002  0.200000E+001  0.100000E+001  0.500000E+000  0.300000E+000  0.200000E+001  0.100000E+001  0.100000E+001  0.100000E+002
  0.190500E+003  0.300000E+002 -0.294976E+002 -0.646707E+001  0.539155E-005  0.731966E-005  0.909100E-005  0.934740E-005  0.126902E-004  0.157612E-004  0.110000E+002  0.200000E+001  0.100000E+001  0.500000E+000  0.300000E+000  0.200000E+001  0.100000E+001  0.100000E+001  0.100000E+002
  0.191000E+003  0.300000E+002 -0.294488E+002 -0.672427E+001 -0.903491E-005  0.203601E-005  0.926147E-005 -0.156642E-004  0.352991E-005  0.160570E-004  0.110000E+002  0.200000E+001  0.100000E+001  0.500000E+000  0.300000E+000  0.200000E+001  0.100000E+001  0.100000E+001  0.100000E+002
  0.191500E+003  0.300000E+002 -0.293977E+002 -0.698104E+001  0.165813E-005 -0.929159E-005  0.943838E-005  0.287481E-005 -0.161094E-004  0.163639E-004  0.110000E+002  0.200000E+001  0.100000E+001  0.500000E+000  0.300000E+000  0.200000E+001  0.100000E+001  0.100000E+001  0.100000E+002
  0.192000E+003  0.300000E+002 -0.293444E+002 -0.723735E+001  0.815363E-005  0.510873E-005  0.962189E-005  0.141367E-004  0.885747E-005  0.166824E-004  0.110000E+002  0.200000E+001  0.100000E+001  0.500000E+000  0.300000E+000  0.200000E+001  0.100000E+001  0.100000E+001  0.100000E+002
  0.192500E+003  0.300000E+002 -0.292889E+002 -0.749319E+001 -0.785143E-005  0.588514E-005  0.981222E-005 -0.136130E-004  0.102038E-004  0.170126E-004  0.110000E+002  0.200000E+001  0.100000E+001  0.500000E+000  0.300000E+000  0.200000E+001  0.100000E+001  0.100000E+001  0.100000E+002
  0.193000E+003  0.300000E+002 -0.292311E+002 -0.774853E+001 -0.286975E-005 -0.958940E-005  0.100096E-004 -0.497572E-005 -0.166266E-004  0.173551E-004  0.110000E+002  0.200000E+001  0.100000E+001  0.500000E+000  0.300000E+000  0.200000E+001  0.100000E+001  0.100000E+001  0.100000E+002
  0.193500E+003  0.300000E+002 -0.291711E+002 -0.800336E+001  0.102040E-004  0.470734E-006  0.102148E-004  0.176924E-004  0.816195E-006  0.177113E-004  0.110000E+002  0.200000E+001  0.100000E+001  0.500000E+000  0.300000E+000  0.200000E+001  0.100000E+001  0.100000E+001  0.100000E+002
  0.194000E+003  0.300000E+002 -0.291089E+002 -0.825766E+001 -0.374426E-005  0.973214E-005  0.104276E-004 -0.649220E-005  0.168746E-004  0.180804E-004  0.110000E+002  0.200000E+001  0.100000E+001  0.500000E+000  0.300000E+000  0.200000E+001  0.100000E+001  0.100000E+001  0.100000E+002
  0.194500E+003  0.300000E+002 -0.290444E+002 -0.851140E+001 -0.832941E-005 -0.663435E-005  0.106486E-004 -0.144427E-004 -0.115036E-004  0.184641E-004  0.110000E+002  0.200000E+001  0.100000E+001  0.500000E+000  0.300000E+000  0.200000E+001  0.100000E+001  0.100000E+001  0.100000E+002
  0.195000E+003  0.300000E+002 -0.289778E+002 -0.876457E+001  0.892404E-005 -0.622203E-005  0.108790E-004  0.154740E-004 -0.107888E-004  0.188638E-004  0.110000E+002  0.200000E+001  0.100000E+001  0.500000E+000  0.300000E+000  0.200000E+001  0.100000E+001  0.100000E+001  0.100000E+002
  0.195500E+003  0.300000E+002 -0.289089E+002 -0.901715E+001  0.366199E-005  0.104972E-004  0.111176E-004  0.634992E-005  0.182022E-004  0.192780E-004  0.110000E+002  0.200000E+001  0.100000E+001  0.500000E+000  0.300000E+000  0.200000E+001  0.100000E+001  0.100000E+001  0.100000E+002
  0.196000E+003  0.300000E+002 -0.288379E+002 -0.926912E+001 -0.113309E-004  0.893821E-006  0.113661E-004 -0.196483E-004  0.154992E-005  0.197093E-004  0.110000E+002  0.200000E+001  0.100000E+001  0.500000E+000  0.300000E+000  0.200000E+001  0.100000E+001  0.100000E+001  0.100000E+002
  0.196500E+003  0.300000E+002 -0.287646E+002 -0.952046E+001  0.187273E-005 -0.114729E-004  0.116248E-004  0.324747E-005 -0.198950E-004  0.201583E-004  0.110000E+002  0.200000E+001  0.100000E+001  0.500000E+000  0.300000E+000  0.200000E+001  0.100000E+001  0.100000E+001  0.100000E+002
  0.197000E+003  0.300000E+002 -0.286891E+002 -0.977115E+001  0.110198E-004  0.447550E-005  0.118940E-004  0.191096E-004  0.776104E-005  0.206255E-004  0.110000E+002  0.200000E+001  0.100000E+001  0.500000E+000  0.300000E+000  0.200000E+001  0.100000E+001  0.100000E+001  0.100000E+002
  0.197500E+003  0.300000E+002 -0.286115E+002 -0.100212E+002 -0.680427E-005  0.100950E-004  0.121741E-004 -0.117997E-004  0.175064E-004  0.211117E-004  0.110000E+002  0.200000E+001  0.100000E+001  0.500000E+000  0.300000E+000  0.200000E+001  0.100000E+001  0.100000E+001  0.100000E+002
  0.198000E+003  0.300000E+002 -0.285317E+002 -0.102705E+002 -0.883103E-005 -0.879856E-005  0.124660E-004 -0.153148E-004 -0.152584E-004  0.216185E-004  0.110000E+002  0.200000E+001  0.100000E+001  0.500000E+000  0.300000E+000  0.200000E+001  0.100000E+001  0.100000E+001  0.100000E+002
  0.198500E+003  0.300000E+002 -0.284497E+002 -0.105191E+002  0.104400E-004 -0.735452E-005  0.127704E-004  0.181055E-004 -0.127545E-004  0.221469E-004  0.110000E+002  0.200000E+001  0.100000E+001  0.500000E+000  0.300000E+000  0.200000E+001  0.100000E+001  0.100000E+001  0.100000E+002
  0.199000E+003  0.300000E+002 -0.283656E+002 -0.107670E+002  0.577803E-005  0.117429E-004  0.130875E-004  0.100208E-004  0.203656E-004  0.226974E-004  0.110000E+002  0.200000E+001  0.100000E+001  0.500000E+000  0.300000E+000  0.200000E+001  0.100000E+001  0.100000E+001  0.100000E+002
  0.199500E+003  0.300000E+002 -0.282792E+002 -0.110142E+002 -0.127450E-004  0.419565E-005  0.134178E-004 -0.221040E-004  0.727665E-005  0.232709E-004  0.110000E+002  0.200000E+001  0.100000E+001  0.500000E+000  0.300000E+000  0.200000E+001  0.100000E+001  0.100000E+001  0.100000E+002
  0.200000E+003  0.300000E+002 -0.281908E+002 -0.112606E+002 -0.268212E-005 -0.134994E-004  0.137632E-004 -0.465181E-005 -0.234130E-004  0.238706E-004  0.110000E+002  0.200000E+001  0.100000E+001  0.500000E+000  0.300000E+000  0.200000E+001  0.100000E+001  0.100000E+001  0.100000E+002
  0.200500E+003  0.300000E+002 -0.281002E+002 -0.115062E+002  0.140642E-004 -0.129337E-005  0.141236E-004  0.243934E-004 -0.224326E-005  0.244963E-004  0.110000E+002  0.200000E+001  0.100000E+001  0.500000E+000  0.300000E+000  0.200000E+001  0.100000E+001  0.100000E+001  0.100000E+002
  0.201000E+003  0.300000E+002 -0.280074E+002 -0.117510E+002  0.706418E-007  0.145000E-004  0.145001E-004  0.122527E-006  0.251498E-004  0.251501E-004  0.110000E+002  0.200000E+001  0.100000E+001  0.500000E+000  0.300000E+000  0.200000E+001  0.100000E+001  0.100000E+001  0.100000E+002
  0.201500E+003  0.300000E+002 -0.279125E+002 -0.119950E+002 -0.148627E-004 -0.956106E-006  0.148934E-004 -0.257798E-004 -0.165839E-005  0.258331E-004  0.110000E+002  0.200000E+001  0.100000E+001  0.500000E+000  0.300000E+000  0.200000E+001  0.100000E+001  0.100000E+001  0.100000E+002
  0.202000E+003  0.300000E+002 -0.278155E+002 -0.122382E+002  0.176394E-005 -0.152029E-004  0.153049E-004  0.305970E-005 -0.263707E-004  0.265476E-004  0.110000E+002  0.200000E+001  0.100000E+001  0.500000E+000  0.300000E+000  0.200000E+001  0.100000E+001  0.100000E+001  0.100000E+002
  0.202500E+003  0.300000E+002 -0.277164E+002 -0.124805E+002  0.155612E-004  0.233298E-005  0.157351E-004  0.269932E-004  0.404689E-005  0.272949E-004  0.110000E+002  0.200000E+001  0.100000E+001  0.500000E+000  0.300000E+000  0.200000E+001  0.100000E+001  0.100000E+001  0.100000E+002
  0.203000E+003  0.300000E+002 -0.276151E+002 -0.127219E+002 -0.264309E-005  0.159684E-004  0.161857E-004 -0.458498E-005  0.277004E-004  0.280773E-004  0.110000E+002  0.200000E+001  0.100000E+001  0.500000E+000  0.300000E+000  0.200000E+001  0.100000E+001  0.100000E+001  0.100000E+002
  0.203500E+003  0.300000E+002 -0.275118E+002 -0.129625E+002 -0.164417E-004 -0.267102E-005  0.166573E-004 -0.285225E-004 -0.463360E-005  0.288964E-004  0.110000E+002  0.200000E+001  0.100000E+001  0.500000E+000  0.300000E+000  0.200000E+001  0.100000E+001  0.100000E+001  0.100000E+002
  0.204000E+003  0.300000E+002 -0.274064E+002 -0.132021E+002  0.238894E-005 -0.169843E-004  0.171515E-004  0.414440E-005 -0.294649E-004  0.297550E-004  0.110000E+002  0.200000E+001  0.100000E+001  0.500000E+000  0.300000E+000  0.200000E+001  0.100000E+001  0.100000E+001  0.100000E+002
  0.204500E+003  0.300000E+002 -0.272988E+002 -0.134408E+002  0.175817E-004  0.176391E-005  0.176700E-004  0.305025E-004  0.306021E-005  0.306556E-004  0.110000E+002  0.200000E+001  0.100000E+001  0.500000E+000  0.300000E+000  0.200000E+001  0.100000E+001  0.100000E+001  0.100000E+002
  0.205000E+003  0.300000E+002 -0.271892E+002 -0.136785E+002 -0.759177E-006  0.181986E-004  0.182144E-004 -0.131715E-005  0.315740E-004  0.316015E-004  0.110000E+002  0.200000E+001  0.100000E+001  0.500000E+000  0.300000E+000  0.200000E+001  0.100000E+001  0.100000E+001  0.100000E+002
  0.205500E+003  0.300000E+002 -0.270776E+002 -0.139153E+002 -0.187736E-004  0.662494E-006  0.187853E-004 -0.325730E-004  0.114946E-005  0.325933E-004  0.110000E+002  0.200000E+001  0.100000E+001  0.500000E+000  0.300000E+000  0.200000E+001  0.100000E+001  0.100000E+001  0.100000E+002
  0.206000E+003  0.300000E+002 -0.269638E+002 -0.141511E+002 -0.253262E-005 -0.192196E-004  0.193858E-004 -0.439440E-005 -0.333484E-004  0.336367E-004  0.110000E+002  0.200000E+001  0.100000E+001  0.500000E+000  0.300000E+000  0.200000E+001  0.100000E+001  0.100000E+001  0.100000E+002
  0.206500E+003  0.300000E+002 -0.268480E+002 -0.143859E+002  0.194162E-004 -0.486789E-005  0.200172E-004  0.336911E-004 -0.844678E-005  0.347338E-004  0.110000E+002  0.200000E+001  0.100000E+001  0.500000E+000  0.300000E+000  0.200000E+001  0.100000E+001  0.100000E+001  0.100000E+002
  0.207000E+003  0.300000E+002 -0.267302E+002 -0.146197E+002  0.765707E-005  0.192111E-004  0.206809E-004  0.132872E-004  0.333368E-004  0.358872E-004  0.110000E+002  0.200000E+001  0.100000E+001  0.500000E+000  0.300000E+000  0.200000E+001  0.100000E+001  0.100000E+001  0.100000E+002
  0.207500E+003  0.300000E+002 -0.266103E+002 -0.148525E+002 -0.184255E-004  0.108456E-004  0.213805E-004 -0.319752E-004  0.188211E-004  0.371032E-004  0.110000E+002  0.200000E+001  0.100000E+001  0.500000E+000  0.300000E+000  0.200000E+001  0.100000E+001  0.100000E+001  0.100000E+002
  0.208000E+003  0.300000E+002 -0.264884E+002 -0.150841E+002 -0.143148E-004 -0.168597E-004  0.221170E-004 -0.248429E-004 -0.292594E-004  0.383833E-004  0.110000E+002  0.200000E+001  0.100000E+001  0.500000E+000  0.300000E+000  0.200000E+001  0.100000E+001  0.100000E+001  0.100000E+002
  0.208500E+003  0.300000E+002 -0.263645E+002 -0.153148E+002  0.143172E-004 -0.178651E-004  0.228942E-004  0.248485E-004 -0.310060E-004  0.397343E-004  0.110000E+002  0.200000E+001  0.100000E+001  0.500000E+000  0.300000E+000  0.200000E+001  0.100000E+001  0.100000E+001  0.100000E+002
  0.209000E+003  0.300000E+002 -0.262386E+002 -0.155443E+002  0.211968E-004  0.106326E-004  0.237141E-004  0.367907E-004  0.184546E-004  0.411598E-004  0.110000E+002  0.200000E+001  0.100000E+001  0.500000E+000  0.300000E+000  0.200000E+001  0.100000E+001  0.100000E+001  0.100000E+002
  0.209500E+003  0.300000E+002 -0.261107E+002 -0.157727E+002 -0.571751E-005  0.239059E-004  0.245801E-004 -0.992431E-005  0.414953E-004  0.426655E-004  0.110000E+002  0.200000E+001  0.100000E+001  0.500000E+000  0.300000E+000  0.200000E+001  0.100000E+001  0.100000E+001  0.100000E+002
  0.210000E+003  0.300000E+002 -0.259808E+002 -0.160000E+002 -0.254925E-004  0.383258E-006  0.254954E-004 -0.442521E-004  0.665293E-006  0.442571E-004  0.110000E+002  0.200000E+001  0.100000E+001  0.500000E+000  0.300000E+000  0.200000E+001  0.100000E+001  0.100000E+001  0.100000E+002
  0.210500E+003  0.300000E+002 -0.258489E+002 -0.162262E+002 -0.742882E-005 -0.254004E-004  0.264645E-004 -0.128965E-004 -0.440953E-004  0.459425E-004  0.110000E+002  0.200000E+001  0.100000E+001  0.500000E+000  0.300000E+000  0.200000E+001  0.100000E+001  0.100000E+001  0.100000E+002
  0.211000E+003  0.300000E+002 -0.257150E+002 -0.164511E+002  0.230869E-004 -0.149233E-004  0.274902E-004  0.400819E-004 -0.259087E-004  0.477265E-004  0.110000E+002  0.200000E+001  0.100000E+001  0.500000E+000  0.300000E+000  0.200000E+001  0.100000E+001  0.100000E+001  0.100000E+002
  0.211500E+003  0.300000E+002 -0.255792E+002 -0.166750E+002  0.220811E-004  0.181412E-004  0.285776E-004  0.383385E-004  0.314979E-004  0.496181E-004  0.110000E+002  0.200000E+001  0.100000E+001  0.500000E+000  0.300000E+000  0.200000E+001  0.100000E+001  0.100000E+001  0.100000E+002
  0.212000E+003  0.300000E+002 -0.254414E+002 -0.168976E+002 -0.104337E-004  0.278405E-004  0.297314E-004 -0.181171E-004  0.483422E-004  0.516256E-004  0.110000E+002  0.200000E+001  0.100000E+001  0.500000E+000  0.300000E+000  0.200000E+001  0.100000E+001  0.100000E+001  0.100000E+002
  0.212500E+003  0.300000E+002 -0.253017E+002 -0.171190E+002 -0.309562E-004 -0.287818E-006  0.309575E-004 -0.537568E-004 -0.499809E-006  0.537591E-004  0.110000E+002  0.200000E+001  0.100000E+001  0.500000E+000  0.300000E+000  0.200000E+001  0.100000E+001  0.100000E+001  0.100000E+002
  0.213000E+003  0.300000E+002 -0.251601E+002 -0.173392E+002 -0.113685E-004 -0.301903E-004  0.322598E-004 -0.197436E-004 -0.524314E-004  0.560256E-004  0.110000E+002  0.200000E+001  0.100000E+001  0.500000E+000  0.300000E+000  0.200000E+001  0.100000E+001  0.100000E+001  0.100000E+002
  0.213500E+003  0.300000E+002 -0.250166E+002 -0.175581E+002  0.246232E-004 -0.229309E-004  0.336471E-004  0.427670E-004 -0.398277E-004  0.584403E-004  0.110000E+002  0.200000E+001  0.100000E+001  0.500000E+000  0.300000E+000  0.200000E+001  0.100000E+001  0.100000E+001  0.100000E+002
  0.214000E+003  0.300000E+002 -0.248711E+002 -0.177758E+002  0.321998E-004  0.140312E-004  0.351241E-004  0.559320E-004  0.243727E-004  0.610116E-004  0.110000E+002  0.200000E+001  0.100000E+001  0.500000E+000  0.300000E+000  0.200000E+001  0.100000E+001  0.100000E+001  0.100000E+002
  0.214500E+003  0.300000E+002 -0.247238E+002 -0.179922E+002  0.715519E-006  0.366936E-004  0.367006E-004  0.124301E-005  0.637447E-004  0.637568E-004  0.110000E+002  0.200000E+001  0.100000E+001  0.500000E+000  0.300000E+000  0.200000E+001  0.100000E+001  0.100000E+001  0.100000E+002
  0.215000E+003  0.300000E+002 -0.245746E+002 -0.182073E+002 -0.342136E-004  0.173982E-004  0.383832E-004 -0.594430E-004  0.302278E-004  0.666873E-004  0.110000E+002  0.200000E+001  0.100000E+001  0.500000E+000  0.300000E+000  0.200000E+001  0.100000E+001  0.100000E+001  0.100000E+002
  0.215500E+003  0.300000E+002 -0.244235E+002 -0.184211E+002 -0.324963E-004 -0.236360E-004  0.401829E-004 -0.564659E-004 -0.410702E-004  0.698223E-004  0.110000E+002  0.200000E+001  0.100000E+001  0.500000E+000  0.300000E+000  0.200000E+001  0.100000E+001  0.100000E+001  0.100000E+002
  0.216000E+003  0.300000E+002 -0.242705E+002 -0.186336E+002  0.573754E-005 -0.417173E-004  0.421100E-004  0.997088E-005 -0.724975E-004  0.731799E-004  0.110000E+002  0.200000E+001  0.100000E+001  0.500000E+000  0.300000E+000  0.200000E+001  0.100000E+001  0.100000E+001  0.100000E+002
  0.216500E+003  0.300000E+002 -0.241157E+002 -0.188447E+002  0.410858E-004 -0.162301E-004  0.441753E-004  0.714096E-004 -0.282089E-004  0.767794E-004  0.110000E+002  0.200000E+001  0.100000E+001  0.500000E+000  0.300000E+000  0.200000E+001  0.100000E+001  0.100000E+001  0.100000E+002
  0.217000E+003  0.300000E+002 -0.239591E+002 -0.190545E+002  0.366236E-004  0.284764E-004  0.463917E-004  0.636631E-004  0.495007E-004  0.806431E-004  0.110000E+002  0.200000E+001  0.100000E+001  0.500000E+000  0.300000E+000  0.200000E+001  0.100000E+001  0.100000E+001  0.100000E+002
  0.217500E+003  0.300000E+002 -0.238006E+002 -0.192628E+002 -0.517723E-005  0.484990E-004  0.487745E-004 -0.900097E-005  0.843189E-004  0.847979E-004  0.110000E+002  0.200000E+001  0.100000E+001  0.500000E+000  0.300000E+000  0.200000E+001  0.100000E+001  0.100000E+001  0.100000E+002
  0.218000E+003  0.300000E+002 -0.236403E+002 -0.194698E+002 -0.457934E-004  0.232115E-004  0.513401E-004 -0.796278E-004  0.403614E-004  0.892728E-004  0.110000E+002  0.200000E+001  0.100000E+001  0.500000E+000  0.300000E+000  0.200000E+001  0.100000E+001  0.100000E+001  0.100000E+002
  0.218500E+003  0.300000E+002 -0.234782E+002 -0.196754E+002 -0.473469E-004 -0.261858E-004  0.541057E-004 -0.823435E-004 -0.455410E-004  0.940980E-004  0.110000E+002  0.200000E+001  0.100000E+001  0.500000E+000  0.300000E+000  0.200000E+001  0.100000E+001  0.100000E+001  0.100000E+002
  0.219000E+003  0.300000E+002 -0.233144E+002 -0.198796E+002 -0.639992E-005 -0.567315E-004  0.570914E-004 -0.111325E-004 -0.986829E-004  0.993088E-004  0.110000E+002  0.200000E+001  0.100000E+001  0.500000E+000  0.300000E+000  0.200000E+001  0.100000E+001  0.100000E+001  0.100000E+002
  0.219500E+003  0.300000E+002 -0.231487E+002 -0.200823E+002  0.440959E-004 -0.411599E-004  0.603207E-004  0.767187E-004 -0.716106E-004  0.104947E-003  0.110000E+002  0.200000E+001  0.100000E+001  0.500000E+000  0.300000E+000  0.200000E+001  0.100000E+001  0.100000E+001  0.100000E+002
  0.220000E+003  0.300000E+002 -0.229813E+002 -0.202836E+002  0.630039E-004  0.101686E-004  0.638192E-004  0.109638E-003  0.176953E-004  0.111057E-003  0.110000E+002  0.200000E+001  0.100000E+001  0.500000E+000  0.300000E+000  0.200000E+001  0.100000E+001  0.100000E+001  0.100000E+002
  0.220500E+003  0.300000E+002 -0.228122E+002 -0.204834E+002  0.336554E-004  0.586435E-004  0.676147E-004  0.585801E-004  0.102074E-003  0.117689E-003  0.110000E+002  0.200000E+001  0.100000E+001  0.500000E+000  0.300000E+000  0.200000E+001  0.100000E+001  0.100000E+001  0.100000E+002
  0.221000E+003  0.300000E+002 -0.226413E+002 -0.206818E+002 -0.244316E-004  0.674536E-004  0.717418E-004 -0.425357E-004  0.117438E-003  0.124903E-003  0.110000E+002  0.200000E+001  0.100000E+001  0.500000E+000  0.300000E+000  0.200000E+001  0.100000E+001  0.100000E+001  0.100000E+002
  0.221500E+003  0.300000E+002 -0.224687E+002 -0.208786E+002 -0.709079E-004  0.280015E-004  0.762366E-004 -0.123484E-003  0.487639E-004  0.132764E-003  0.110000E+002  0.200000E+001  0.100000E+001  0.500000E+000  0.300000E+000  0.200000E+001  0.100000E+001  0.100000E+001  0.100000E+002
  0.222000E+003  0.300000E+002 -0.222943E+002 -0.210739E+002 -0.730721E-004 -0.352745E-004  0.811408E-004 -0.127290E-003 -0.614474E-004  0.141345E-003  0.110000E+002  0.200000E+001  0.100000E+001  0.500000E+000  0.300000E+000  0.200000E+001  0.100000E+001  0.100000E+001  0.100000E+002
  0.222500E+003  0.300000E+002 -0.221183E+002 -0.212677E+002 -0.269318E-004 -0.822038E-004  0.865031E-004 -0.469291E-004 -0.143242E-003  0.150733E-003  0.110000E+002  0.200000E+001  0.100000E+001  0.500000E+000  0.300000E+000  0.200000E+001  0.100000E+001  0.100000E+001  0.100000E+002
  0.223000E+003  0.300000E+002 -0.219406E+002 -0.214600E+002  0.415430E-004 -0.825112E-004  0.923792E-004  0.724139E-004 -0.143826E-003  0.161027E-003  0.110000E+002  0.200000E+001  0.100000E+001  0.500000E+000  0.300000E+000  0.200000E+001  0.100000E+001  0.100000E+001  0.100000E+002
  0.223500E+003  0.300000E+002 -0.217612E+002 -0.216506E+002  0.930797E-004 -0.332174E-004  0.988293E-004  0.162308E-003 -0.579228E-004  0.172333E-003  0.110000E+002  0.200000E+001  0.100000E+001  0.500000E+000  0.300000E+000  0.200000E+001  0.100000E+001  0.100000E+001  0.100000E+002
  0.224000E+003  0.300000E+002 -0.215802E+002 -0.218398E+002  0.976757E-004  0.409896E-004  0.105928E-003  0.170390E-003  0.715042E-004  0.184785E-003  0.110000E+002  0.200000E+001  0.100000E+001  0.500000E+000  0.300000E+000  0.200000E+001  0.100000E+001  0.100000E+001  0.100000E+002
  0.224500E+003  0.300000E+002 -0.213975E+002 -0.220273E+002  0.499753E-004  0.102191E-003  0.113756E-003  0.872174E-004  0.178345E-003  0.198529E-003  0.110000E+002  0.200000E+001  0.100000E+001  0.500000E+000  0.300000E+000  0.200000E+001  0.100000E+001  0.100000E+001  0.100000E+002
  0.225000E+003  0.300000E+002 -0.212132E+002 -0.222132E+002 -0.293692E-004  0.118834E-003  0.122410E-003 -0.512800E-004  0.207491E-003  0.213734E-003  0.110000E+002  0.200000E+001  0.100000E+001  0.500000E+000  0.300000E+000  0.200000E+001  0.100000E+001  0.100000E+001  0.100000E+002
  0.225500E+003  0.300000E+002 -0.210273E+002 -0.223975E+002 -0.104851E-003  0.801856E-004  0.131998E-003 -0.183172E-003  0.140082E-003  0.230597E-003  0.110000E+002  0.200000E+001  0.100000E+001  0.500000E+000  0.300000E+000  0.200000E+001  0.100000E+001  0.100000E+001  0.100000E+002
  0.226000E+003  0.300000E+002 -0.208398E+002 -0.225802E+002 -0.142648E-003 -0.179395E-006  0.142648E-003 -0.249346E-003 -0.313579E-006  0.249346E-003  0.110000E+002  0.200000E+001  0.100000E+001  0.500000E+000  0.300000E+000  0.200000E+001  0.100000E+001  0.100000E+001  0.100000E+002
  0.226500E+003  0.300000E+002 -0.206506E+002 -0.227612E+002 -0.124488E-003 -0.915144E-004  0.154506E-003 -0.217742E-003 -0.160068E-003  0.270247E-003  0.110000E+002  0.200000E+001  0.100000E+001  0.500000E+000  0.300000E+000  0.200000E+001  0.100000E+001  0.100000E+001  0.100000E+002
  0.227000E+003  0.300000E+002 -0.204600E+002 -0.229406E+002 -0.536692E-004 -0.158924E-003  0.167741E-003 -0.939394E-004 -0.278170E-003  0.293604E-003  0.110000E+002  0.200000E+001  0.100000E+001  0.500000E+000  0.300000E+000  0.200000E+001  0.100000E+001  0.100000E+001  0.100000E+002
  0.227500E+003  0.300000E+002 -0.202677E+002 -0.231183E+002  0.476540E-004 -0.176221E-003  0.182551E-003  0.834762E-004 -0.308690E-003  0.319777E-003  0.110000E+002  0.200000E+001  0.100000E+001  0.500000E+000  0.300000E+000  0.200000E+001  0.100000E+001  0.100000E+001  0.100000E+002
  0.228000E+003  0.300000E+002 -0.200739E+002 -0.232943E+002  0.147306E-003 -0.134039E-003  0.199162E-003  0.258265E-003 -0.235004E-003  0.349181E-003  0.110000E+002  0.200000E+001  0.100000E+001  0.500000E+000  0.300000E+000  0.200000E+001  0.100000E+001  0.100000E+001  0.100000E+002
  0.228500E+003  0.300000E+002 -0.198786E+002 -0.234687E+002  0.213871E-003 -0.413898E-004  0.217839E-003  0.375336E-003 -0.726377E-004  0.382300E-003  0.110000E+002  0.200000E+001  0.100000E+001  0.500000E+000  0.300000E+000  0.200000E+001  0.100000E+001  0.100000E+001  0.100000E+002
  0.229000E+003  0.300000E+002 -0.196818E+002 -0.236413E+002  0.225627E-003  0.784763E-004  0.238885E-003  0.396400E-003  0.137874E-003  0.419693E-003  0.110000E+002  0.200000E+001  0.100000E+001  0.500000E+000  0.300000E+000  0.200000E+001  0.100000E+001  0.100000E+001  0.100000E+002
  0.229500E+003  0.300000E+002 -0.194834E+002 -0.238122E+002  0.175407E-003  0.195493E-003  0.262650E-003  0.308549E-003  0.343880E-003  0.462014E-003  0.110000E+002  0.200000E+001  0.100000E+001  0.500000E+000  0.300000E+000  0.200000E+001  0.100000E+001  0.100000E+001  0.100000E+002
  0.230000E+003  0.300000E+002 -0.192836E+002 -0.239813E+002  0.709355E-004  0.280709E-003  0.289533E-003  0.124952E-003  0.494464E-003  0.510007E-003  0.110000E+002  0.200000E+001  0.100000E+001  0.500000E+000  0.300000E+000  0.200000E+001  0.100000E+001  0.100000E+001  0.100000E+002
  0.230500E+003  0.300000E+002 -0.190823E+002 -0.241487E+002 -0.683985E-004  0.312589E-003  0.319985E-003 -0.120672E-003  0.551484E-003  0.564532E-003  0.110000E+002  0.200000E+001  0.100000E+001  0.500000E+000  0.300000E+000  0.200000E+001  0.100000E+001  0.100000E+001  0.100000E+002
  0.231000E+003  0.300000E+002 -0.188796E+002 -0.243144E+002 -0.216714E-003  0.280565E-003  0.354516E-003 -0.383017E-003  0.495864E-003  0.626564E-003  0.110000E+002  0.200000E+001  0.100000E+001  0.500000E+000  0.300000E+000  0.200000E+001  0.100000E+001  0.100000E+001  0.100000E+002
  0.231500E+003  0.300000E+002 -0.186754E+002 -0.244782E+002 -0.347125E-003  0.185713E-003  0.393682E-003 -0.614742E-003  0.328888E-003  0.697190E-003  0.110000E+002  0.200000E+001  0.100000E+001  0.500000E+000  0.300000E+000  0.200000E+001  0.100000E+001  0.100000E+001  0.100000E+002
  0.232000E+003  0.300000E+002 -0.184698E+002 -0.246403E+002 -0.436324E-003  0.391942E-004  0.438081E-003 -0.774487E-003  0.695708E-004  0.777606E-003  0.110000E+002  0.200000E+001  0.100000E+001  0.500000E+000  0.300000E+000  0.200000E+001  0.100000E+001  0.100000E+001  0.100000E+002
  0.232500E+003  0.300000E+002 -0.182628E+002 -0.248006E+002 -0.467634E-003 -0.140676E-003  0.488335E-003 -0.832246E-003 -0.250360E-003  0.869088E-003  0.110000E+002  0.200000E+001  0.100000E+001  0.500000E+000  0.300000E+000  0.200000E+001  0.100000E+001  0.100000E+001  0.100000E+002
  0.233000E+003  0.300000E+002 -0.180545E+002 -0.249591E+002 -0.432417E-003 -0.331813E-003  0.545054E-003 -0.771886E-003 -0.592302E-003  0.972949E-003  0.110000E+002  0.200000E+001  0.100000E+001  0.500000E+000  0.300000E+000  0.200000E+001  0.100000E+001  0.100000E+001  0.100000E+002
  0.233500E+003  0.300000E+002 -0.178447E+002 -0.251157E+002 -0.330096E-003 -0.511531E-003  0.608791E-003 -0.591267E-003 -0.916252E-003  0.109047E-002  0.110000E+002  0.200000E+001  0.100000E+001  0.500000E+000  0.300000E+000  0.200000E+001  0.100000E+001  0.100000E+001  0.100000E+002
  0.234000E+003  0.300000E+002 -0.176336E+002 -0.252705E+002 -0.167206E-003 -0.659099E-003  0.679977E-003 -0.300680E-003 -0.118523E-002  0.122277E-002  0.110000E+002  0.200000E+001  0.100000E+001  0.500000E+000  0.300000E+000  0.200000E+001  0.100000E+001  0.100000E+001  0.100000E+002
  0.234500E+003  0.300000E+002 -0.174211E+002 -0.254235E+002  0.440967E-004 -0.757560E-003  0.758842E-003  0.796547E-004 -0.136843E-002  0.137074E-002  0.110000E+002  0.200000E+001  0.100000E+001  0.500000E+000  0.300000E+000  0.200000E+001  0.100000E+001  0.100000E+001  0.100000E+002
  0.235000E+003  0.300000E+002 -0.172073E+002 -0.255746E+002  0.287742E-003 -0.794846E-003  0.845326E-003  0.522439E-003 -0.144316E-002  0.153482E-002  0.110000E+002  0.200000E+001  0.100000E+001  0.500000E+000  0.300000E+000  0.200000E+001  0.100000E+001  0.100000E+001  0.100000E+002
  0.235500E+003  0.300000E+002 -0.169922E+002 -0.257238E+002  0.545464E-003 -0.764329E-003  0.939004E-003  0.996159E-003 -0.139586E-002  0.171487E-002  0.110000E+002  0.200000E+001  0.100000E+001  0.500000E+000  0.300000E+000  0.200000E+001  0.100000E+001  0.100000E+001  0.100000E+002
  0.236000E+003  0.300000E+002 -0.167758E+002 -0.258711E+002  0.798435E-003 -0.664899E-003  0.103903E-002  0.146779E-002 -0.122231E-002  0.191009E-002  0.110000E+002  0.200000E+001  0.100000E+001  0.500000E+000  0.300000E+000  0.200000E+001  0.100000E+001  0.100000E+001  0.100000E+002
  0.236500E+003  0.300000E+002 -0.165581E+002 -0.260166E+002  0.102879E-002 -0.500667E-003  0.114415E-002  0.190532E-002 -0.927237E-003  0.211897E-002  0.110000E+002  0.200000E+001  0.100000E+001  0.500000E+000  0.300000E+000  0.200000E+001  0.100000E+001  0.100000E+001  0.100000E+002
  0.237000E+003  0.300000E+002 -0.163392E+002 -0.261601E+002  0.122096E-002 -0.280287E-003  0.125272E-002  0.228000E-002 -0.523401E-003  0.233931E-002  0.110000E+002  0.200000E+001  0.100000E+001  0.500000E+000  0.300000E+000  0.200000E+001  0.100000E+001  0.100000E+001  0.100000E+002
  0.237500E+003  0.300000E+002 -0.161190E+002 -0.263017E+002  0.136279E-002 -0.159469E-004  0.136289E-002  0.256825E-002 -0.300526E-004  0.256842E-002  0.110000E+002  0.200000E+001  0.100000E+001  0.500000E+000  0.300000E+000  0.200000E+001  0.100000E+001  0.100000E+001  0.100000E+002
  0.238000E+003  0.300000E+002 -0.158976E+002 -0.264414E+002  0.144621E-002  0.277911E-003  0.147267E-002  0.275299E-002  0.529028E-003  0.280336E-002  0.110000E+002  0.200000E+001  0.100000E+001  0.500000E+000  0.300000E+000  0.200000E+001  0.100000E+001  0.100000E+001  0.100000E+002
  0.238500E+003  0.300000E+002 -0.156750E+002 -0.265792E+002  0.146751E-002  0.585983E-003  0.158018E-002  0.282429E-002  0.112775E-002  0.304113E-002  0.110000E+002  0.200000E+001  0.100000E+001  0.500000E+000  0.300000E+000  0.200000E+001  0.100000E+001  0.100000E+001  0.100000E+002
  0.239000E+003  0.300000E+002 -0.154511E+002 -0.267150E+002  0.142714E-002  0.893430E-003  0.168373E-002  0.277927E-002  0.173990E-002  0.327896E-002  0.110000E+002  0.200000E+001  0.100000E+001  0.500000E+000  0.300000E+000  0.200000E+001  0.100000E+001  0.100000E+001  0.100000E+002
  0.239500E+003  0.300000E+002 -0.152262E+002 -0.268489E+002  0.132905E-002  0.118696E-002  0.178192E-002  0.262127E-002  0.234102E-002  0.351446E-002  0.110000E+002  0.200000E+001  0.100000E+001  0.500000E+000  0.300000E+000  0.200000E+001  0.100000E+001  0.100000E+001  0.100000E+002
  0.240000E+003  0.300000E+002 -0.150000E+002 -0.269808E+002  0.117989E-002  0.145556E-002  0.187371E-002  0.235869E-002  0.290978E-002  0.374570E-002  0.110000E+002  0.200000E+001  0.100000E+001  0.500000E+000  0.300000E+000  0.200000E+001  0.100000E+001  0.100000E+001  0.100000E+002
  0.240500E+003  0.300000E+002 -0.147727E+002 -0.271107E+002  0.988027E-003  0.169085E-002  0.195836E-002  0.200355E-002  0.342874E-002  0.397121E-002  0.110000E+002  0.200000E+001  0.100000E+001  0.500000E+000  0.300000E+000  0.200000E+001  0.100000E+001  0.100000E+001  0.100000E+002
  0.241000E+003  0.300000E+002 -0.145443E+002 -0.272386E+002  0.762720E-003  0.188714E-002  0.203544E-002  0.157007E-002  0.388469E-002  0.418998E-002  0.110000E+002  0.200000E+001  0.100000E+001  0.500000E+000  0.300000E+000  0.200000E+001  0.100000E+001  0.100000E+001  0.100000E+002
  0.241500E+003  0.300000E+002 -0.143148E+002 -0.273645E+002  0.513357E-003  0.204123E-002  0.210479E-002  0.107349E-002  0.426847E-002  0.440139E-002  0.110000E+002  0.200000E+001  0.100000E+001  0.500000E+000  0.300000E+000  0.200000E+001  0.100000E+001  0.100000E+001  0.100000E+002
  0.242000E+003  0.300000E+002 -0.140841E+002 -0.274884E+002  0.248916E-003  0.215206E-002  0.216641E-002  0.529115E-003  0.457459E-002  0.460509E-002  0.110000E+002  0.200000E+001  0.100000E+001  0.500000E+000  0.300000E+000  0.200000E+001  0.100000E+001  0.100000E+001  0.100000E+002
  0.242500E+003  0.300000E+002 -0.138525E+002 -0.276103E+002 -0.224044E-004  0.222032E-002  0.222044E-002 -0.484424E-004  0.480075E-002  0.480100E-002  0.110000E+002  0.200000E+001  0.100000E+001  0.500000E+000  0.300000E+000  0.200000E+001  0.100000E+001  0.100000E+001  0.100000E+002
  0.243000E+003  0.300000E+002 -0.136197E+002 -0.277302E+002 -0.293404E-003  0.224806E-002  0.226713E-002 -0.645682E-003  0.494722E-002  0.498918E-002  0.110000E+002  0.200000E+001  0.100000E+001  0.500000E+000  0.300000E+000  0.200000E+001  0.100000E+001  0.100000E+001  0.100000E+002
  0.243500E+003  0.300000E+002 -0.133859E+002 -0.278480E+002 -0.557981E-003  0.223828E-002  0.230678E-002 -0.125051E-002  0.501629E-002  0.516981E-002  0.110000E+002  0.200000E+001  0.100000E+001  0.500000E+000  0.300000E+000  0.200000E+001  0.100000E+001  0.100000E+001  0.100000E+002
  0.244000E+003  0.300000E+002 -0.131511E+002 -0.279638E+002 -0.811142E-003  0.219464E-002  0.233974E-002 -0.185237E-002  0.501179E-002  0.534315E-002  0.110000E+002  0.200000E+001  0.100000E+001  0.500000E+000  0.300000E+000  0.200000E+001  0.100000E+001  0.100000E+001  0.100000E+002
  0.244500E+003  0.300000E+002 -0.129153E+002 -0.280776E+002 -0.104895E-002  0.212116E-002  0.236635E-002 -0.244224E-002  0.493863E-002  0.550950E-002  0.110000E+002  0.200000E+001  0.100000E+001  0.500000E+000  0.300000E+000  0.200000E+001  0.100000E+001  0.100000E+001  0.100000E+002
  0.245000E+003  0.300000E+002 -0.126785E+002 -0.281892E+002 -0.126845E-002  0.202205E-002  0.238697E-002 -0.301263E-002  0.480247E-002  0.566919E-002  0.110000E+002  0.200000E+001  0.100000E+001  0.500000E+000  0.300000E+000  0.200000E+001  0.100000E+001  0.100000E+001  0.100000E+002
  0.245500E+003  0.300000E+002 -0.124408E+002 -0.282988E+002 -0.146754E-002  0.190149E-002  0.240195E-002 -0.355745E-002  0.460937E-002  0.582252E-002  0.110000E+002  0.200000E+001  0.100000E+001  0.500000E+000  0.300000E+000  0.200000E+001  0.100000E+001  0.100000E+001  0.100000E+002
  0.246000E+003  0.300000E+002 -0.122021E+002 -0.284064E+002 -0.164491E-002  0.176356E-002  0.241161E-002 -0.407189E-002  0.436562E-002  0.596983E-002  0.110000E+002  0.200000E+001  0.100000E+001  0.500000E+000  0.300000E+000  0.200000E+001  0.100000E+001  0.100000E+001  0.100000E+002
  0.246500E+003  0.300000E+002 -0.119625E+002 -0.285118E+002 -0.179986E-002  0.161212E-002  0.241628E-002 -0.455232E-002  0.407749E-002  0.611143E-002  0.110000E+002  0.200000E+001  0.100000E+001  0.500000E+000  0.300000E+000  0.200000E+001  0.100000E+001  0.100000E+001  0.100000E+002
  0.247000E+003  0.300000E+002 -0.117219E+002 -0.286151E+002 -0.193225E-002  0.145075E-002  0.241625E-002 -0.499613E-002  0.375114E-002  0.624759E-002  0.110000E+002  0.200000E+001  0.100000E+001  0.500000E+000  0.300000E+000  0.200000E+001  0.100000E+001  0.100000E+001  0.100000E+002
  0.247500E+003  0.300000E+002 -0.114805E+002 -0.287164E+002 -0.204240E-002  0.128274E-002  0.241181E-002 -0.540161E-002  0.339251E-002  0.637860E-002  0.110000E+002  0.200000E+001  0.100000E+001  0.500000E+000  0.300000E+000  0.200000E+001  0.100000E+001  0.100000E+001  0.100000E+002
  0.248000E+003  0.300000E+002 -0.112382E+002 -0.288155E+002 -0.213096E-002  0.111105E-002  0.240321E-002 -0.576781E-002  0.300725E-002  0.650471E-002  0.110000E+002  0.200000E+001  0.100000E+001  0.500000E+000  0.300000E+000  0.200000E+001  0.100000E+001  0.100000E+001  0.100000E+002
  0.248500E+003  0.300000E+002 -0.109950E+002 -0.289125E+002 -0.219886E-002  0.938297E-003  0.239069E-002 -0.609447E-002  0.260063E-002  0.662615E-002  0.110000E+002  0.200000E+001  0.100000E+001  0.500000E+000  0.300000E+000  0.200000E+001  0.100000E+001  0.100000E+001  0.100000E+002
  0.249000E+003  0.300000E+002 -0.107510E+002 -0.290074E+002 -0.224726E-002  0.766790E-003  0.237448E-002 -0.638186E-002  0.217756E-002  0.674313E-002  0.110000E+002  0.200000E+001  0.100000E+001  0.500000E+000  0.300000E+000  0.200000E+001  0.100000E+001  0.100000E+001  0.100000E+002
  0.249500E+003  0.300000E+002 -0.105062E+002 -0.291002E+002 -0.227746E-002  0.598516E-003  0.235479E-002 -0.663072E-002  0.174255E-002  0.685587E-002  0.110000E+002  0.200000E+001  0.100000E+001  0.500000E+000  0.300000E+000  0.200000E+001  0.100000E+001  0.100000E+001  0.100000E+002
  0.250000E+003  0.300000E+002 -0.102606E+002 -0.291908E+002 -0.229085E-002  0.435162E-003  0.233182E-002 -0.684218E-002  0.129971E-002  0.696453E-002  0.110000E+002  0.200000E+001  0.100000E+001  0.500000E+000  0.300000E+000  0.200000E+001  0.100000E+001  0.100000E+001  0.100000E+002
  0.250500E+003  0.300000E+002 -0.100142E+002 -0.292792E+002 -0.228890E-002  0.278138E-003  0.230574E-002 -0.701766E-002  0.852759E-003  0.706928E-002  0.110000E+002  0.200000E+001  0.100000E+001  0.500000E+000  0.300000E+000  0.200000E+001  0.100000E+001  0.100000E+001  0.100000E+002
  0.251000E+003  0.300000E+002 -0.976704E+001 -0.293656E+002 -0.227309E-002  0.128598E-003  0.227672E-002 -0.715883E-002  0.405006E-003  0.717028E-002  0.110000E+002  0.200000E+001  0.100000E+001  0.500000E+000  0.300000E+000  0.200000E+001  0.100000E+001  0.100000E+001  0.100000E+002
  0.251500E+003  0.300000E+002 -0.951914E+001 -0.294497E+002 -0.224489E-002 -0.125412E-004  0.224492E-002 -0.726754E-002 -0.406004E-004  0.726765E-002  0.110000E+002  0.200000E+001  0.100000E+001  0.500000E+000  0.300000E+000  0.200000E+001  0.100000E+001  0.100000E+001  0.100000E+002
  0.252000E+003  0.300000E+002 -0.927051E+001 -0.295317E+002 -0.220576E-002 -0.144573E-003  0.221049E-002 -0.734577E-002 -0.481469E-003  0.736154E-002  0.110000E+002  0.200000E+001  0.100000E+001  0.500000E+000  0.300000E+000  0.200000E+001  0.100000E+001  0.100000E+001  0.100000E+002
  0.252500E+003  0.300000E+002 -0.902117E+001 -0.296115E+002 -0.215710E-002 -0.266983E-003  0.217356E-002 -0.739561E-002 -0.915347E-003  0.745204E-002  0.110000E+002  0.200000E+001  0.100000E+001  0.500000E+000  0.300000E+000  0.200000E+001  0.100000E+001  0.100000E+001  0.100000E+002
  0.253000E+003  0.300000E+002 -0.877115E+001 -0.296891E+002 -0.210027E-002 -0.379421E-003  0.213427E-002 -0.741917E-002 -0.134030E-002  0.753926E-002  0.110000E+002  0.200000E+001  0.100000E+001  0.500000E+000  0.300000E+000  0.200000E+001  0.100000E+001  0.100000E+001  0.100000E+002
  0.253500E+003  0.300000E+002 -0.852046E+001 -0.297646E+002 -0.203653E-002 -0.481686E-003  0.209272E-002 -0.741861E-002 -0.175467E-002  0.762330E-002  0.110000E+002  0.200000E+001  0.100000E+001  0.500000E+000  0.300000E+000  0.200000E+001  0.100000E+001  0.100000E+001  0.100000E+002
  0.254000E+003  0.300000E+002 -0.826912E+001 -0.298379E+002 -0.196709E-002 -0.573708E-003  0.204905E-002 -0.739610E-002 -0.215709E-002  0.770424E-002  0.110000E+002  0.200000E+001  0.100000E+001  0.500000E+000  0.300000E+000  0.200000E+001  0.100000E+001  0.100000E+001  0.100000E+002
  0.254500E+003  0.300000E+002 -0.801715E+001 -0.299089E+002 -0.189306E-002 -0.655523E-003  0.200334E-002 -0.735376E-002 -0.254643E-002  0.778216E-002  0.110000E+002  0.200000E+001  0.100000E+001  0.500000E+000  0.300000E+000  0.200000E+001  0.100000E+001  0.100000E+001  0.100000E+002
  0.255000E+003  0.300000E+002 -0.776457E+001 -0.299778E+002 -0.181547E-002 -0.727261E-003  0.195572E-002 -0.729368E-002 -0.292179E-002  0.785714E-002  0.110000E+002  0.200000E+001  0.100000E+001  0.500000E+000  0.300000E+000  0.200000E+001  0.100000E+001  0.100000E+001  0.100000E+002
  0.255500E+003  0.300000E+002 -0.751140E+001 -0.300444E+002 -0.173525E-002 -0.789134E-003  0.190626E-002 -0.721791E-002 -0.328246E-002  0.792923E-002  0.110000E+002  0.200000E+001  0.100000E+001  0.500000E+000  0.300000E+000  0.200000E+001  0.100000E+001  0.100000E+001  0.100000E+002
  0.256000E+003  0.300000E+002 -0.725766E+001 -0.301089E+002 -0.165327E-002 -0.841414E-003  0.185507E-002 -0.712841E-002 -0.362792E-002  0.799850E-002  0.110000E+002  0.200000E+001  0.100000E+001  0.500000E+000  0.300000E+000  0.200000E+001  0.100000E+001  0.100000E+001  0.100000E+002
  0.256500E+003  0.300000E+002 -0.700336E+001 -0.301711E+002 -0.157029E-002 -0.884427E-003  0.180223E-002 -0.702708E-002 -0.395783E-002  0.806500E-002  0.110000E+002  0.200000E+001  0.100000E+001  0.500000E+000  0.300000E+000  0.200000E+001  0.100000E+001  0.100000E+001  0.100000E+002
  0.257000E+003  0.300000E+002 -0.674853E+001 -0.302311E+002 -0.148700E-002 -0.918541E-003  0.174782E-002 -0.691573E-002 -0.427196E-002  0.812878E-002  0.110000E+002  0.200000E+001  0.100000E+001  0.500000E+000  0.300000E+000  0.200000E+001  0.100000E+001  0.100000E+001  0.100000E+002
  0.257500E+003  0.300000E+002 -0.649319E+001 -0.302889E+002 -0.140399E-002 -0.944153E-003  0.169193E-002 -0.679610E-002 -0.457023E-002  0.818988E-002  0.110000E+002  0.200000E+001  0.100000E+001  0.500000E+000  0.300000E+000  0.200000E+001  0.100000E+001  0.100000E+001  0.100000E+002
  0.258000E+003  0.300000E+002 -0.623735E+001 -0.303444E+002 -0.132180E-002 -0.961684E-003  0.163462E-002 -0.666983E-002 -0.485268E-002  0.824834E-002  0.110000E+002  0.200000E+001  0.100000E+001  0.500000E+000  0.300000E+000  0.200000E+001  0.100000E+001  0.100000E+001  0.100000E+002
  0.258500E+003  0.300000E+002 -0.598104E+001 -0.303977E+002 -0.124088E-002 -0.971569E-003  0.157598E-002 -0.653846E-002 -0.511941E-002  0.830420E-002  0.110000E+002  0.200000E+001  0.100000E+001  0.500000E+000  0.300000E+000  0.200000E+001  0.100000E+001  0.100000E+001  0.100000E+002
  0.259000E+003  0.300000E+002 -0.572427E+001 -0.304488E+002 -0.116160E-002 -0.974251E-003  0.151608E-002 -0.640344E-002 -0.537064E-002  0.835750E-002  0.110000E+002  0.200000E+001  0.100000E+001  0.500000E+000  0.300000E+000  0.200000E+001  0.100000E+001  0.100000E+001  0.100000E+002
  0.259500E+003  0.300000E+002 -0.546707E+001 -0.304976E+002 -0.108430E-002 -0.970176E-003  0.145498E-002 -0.626615E-002 -0.560662E-002  0.840826E-002  0.110000E+002  0.200000E+001  0.100000E+001  0.500000E+000  0.300000E+000  0.200000E+001  0.100000E+001  0.100000E+001  0.100000E+002
  0.260000E+003  0.300000E+002 -0.520945E+001 -0.305442E+002 -0.100923E-002 -0.959790E-003  0.139274E-002 -0.612786E-002 -0.582769E-002  0.845651E-002  0.110000E+002  0.200000E+001  0.100000E+001  0.500000E+000  0.300000E+000  0.200000E+001  0.100000E+001  0.100000E+001  0.100000E+002
  0.260500E+003  0.300000E+002 -0.495143E+001 -0.305886E+002 -0.936576E-003 -0.943528E-003  0.132944E-002 -0.598975E-002 -0.603421E-002  0.850228E-002  0.110000E+002  0.200000E+001  0.100000E+001  0.500000E+000  0.300000E+000  0.200000E+001  0.100000E+001  0.100000E+001  0.100000E+002
  0.261000E+003  0.300000E+002 -0.469303E+001 -0.306307E+002 -0.866503E-003 -0.921822E-003  0.126514E-002 -0.585293E-002 -0.622659E-002  0.854559E-002  0.110000E+002  0.200000E+001  0.100000E+001  0.500000E+000  0.300000E+000  0.200000E+001  0.100000E+001  0.100000E+001  0.100000E+002
  0.261500E+003  0.300000E+002 -0.443428E+001 -0.306705E+002 -0.799106E-003 -0.895086E-003  0.119990E-002 -0.571841E-002 -0.640525E-002  0.858647E-002  0.110000E+002  0.200000E+001  0.100000E+001  0.500000E+000  0.300000E+000  0.200000E+001  0.100000E+001  0.100000E+001  0.100000E+002
  0.262000E+003  0.300000E+002 -0.417519E+001 -0.307080E+002 -0.734442E-003 -0.863726E-003  0.113377E-002 -0.558713E-002 -0.657063E-002  0.862492E-002  0.110000E+002  0.200000E+001  0.100000E+001  0.500000E+000  0.300000E+000  0.200000E+001  0.100000E+001  0.100000E+001  0.100000E+002
  0.262500E+003  0.300000E+002 -0.391579E+001 -0.307433E+002 -0.672528E-003 -0.828127E-003  0.106681E-002 -0.545995E-002 -0.672318E-002  0.866096E-002  0.110000E+002  0.200000E+001  0.100000E+001  0.500000E+000  0.300000E+000  0.200000E+001  0.100000E+001  0.100000E+001  0.100000E+002
  0.263000E+003  0.300000E+002 -0.365608E+001 -0.307764E+002 -0.613344E-003 -0.788662E-003  0.999089E-003 -0.533766E-002 -0.686337E-002  0.869462E-002  0.110000E+002  0.200000E+001  0.100000E+001  0.500000E+000  0.300000E+000  0.200000E+001  0.100000E+001  0.100000E+001  0.100000E+002
  0.263500E+003  0.300000E+002 -0.339610E+001 -0.308072E+002 -0.556837E-003 -0.745686E-003  0.930653E-003 -0.522096E-002 -0.699163E-002  0.872590E-002  0.110000E+002  0.200000E+001  0.100000E+001  0.500000E+000  0.300000E+000  0.200000E+001  0.100000E+001  0.100000E+001  0.100000E+002
  0.264000E+003  0.300000E+002 -0.313585E+001 -0.308357E+002 -0.502924E-003 -0.699535E-003  0.861558E-003 -0.511052E-002 -0.710841E-002  0.875483E-002  0.110000E+002  0.200000E+001  0.100000E+001  0.500000E+000  0.300000E+000  0.200000E+001  0.100000E+001  0.100000E+001  0.100000E+002
  0.264500E+003  0.300000E+002 -0.287537E+001 -0.308619E+002 -0.451497E-003 -0.650531E-003  0.791859E-003 -0.500692E-002 -0.721413E-002  0.878140E-002  0.110000E+002  0.200000E+001  0.100000E+001  0.500000E+000  0.300000E+000  0.200000E+001  0.100000E+001  0.100000E+001  0.100000E+002
  0.265000E+003  0.300000E+002 -0.261467E+001 -0.308858E+002 -0.402423E-003 -0.598977E-003  0.721608E-003 -0.491068E-002 -0.730919E-002  0.880563E-002  0.110000E+002  0.200000E+001  0.100000E+001  0.500000E+000  0.300000E+000  0.200000E+001  0.100000E+001  0.100000E+001  0.100000E+002
  0.265500E+003  0.300000E+002 -0.235377E+001 -0.309075E+002 -0.355549E-003 -0.545161E-003  0.650857E-003 -0.482228E-002 -0.739397E-002  0.882752E-002  0.110000E+002  0.200000E+001  0.100000E+001  0.500000E+000  0.300000E+000  0.200000E+001  0.100000E+001  0.100000E+001  0.100000E+002
  0.266000E+003  0.300000E+002 -0.209269E+001 -0.309269E+002 -0.310702E-003 -0.489356E-003  0.579659E-003 -0.474212E-002 -0.746883E-002  0.884710E-002  0.110000E+002  0.200000E+001  0.100000E+001  0.500000E+000  0.300000E+000  0.200000E+001  0.100000E+001  0.100000E+001  0.100000E+002
  0.266500E+003  0.300000E+002 -0.183146E+001 -0.309440E+002 -0.267696E-003 -0.431820E-003  0.508064E-003 -0.467057E-002 -0.753409E-002  0.886435E-002  0.110000E+002  0.200000E+001  0.100000E+001  0.500000E+000  0.300000E+000  0.200000E+001  0.100000E+001  0.100000E+001  0.100000E+002
  0.267000E+003  0.300000E+002 -0.157008E+001 -0.309589E+002 -0.226328E-003 -0.372799E-003  0.436123E-003 -0.460794E-002 -0.759004E-002  0.887929E-002  0.110000E+002  0.200000E+001  0.100000E+001  0.500000E+000  0.300000E+000  0.200000E+001  0.100000E+001  0.100000E+001  0.100000E+002
  0.267500E+003  0.300000E+002 -0.130858E+001 -0.309714E+002 -0.186385E-003 -0.312528E-003  0.363887E-003 -0.455451E-002 -0.763694E-002  0.889193E-002  0.110000E+002  0.200000E+001  0.100000E+001  0.500000E+000  0.300000E+000  0.200000E+001  0.100000E+001  0.100000E+001  0.100000E+002
  0.268000E+003  0.300000E+002 -0.104698E+001 -0.309817E+002 -0.147645E-003 -0.251231E-003  0.291404E-003 -0.451050E-002 -0.767500E-002  0.890226E-002  0.110000E+002  0.200000E+001  0.100000E+001  0.500000E+000  0.300000E+000  0.200000E+001  0.100000E+001  0.100000E+001  0.100000E+002
  0.268500E+003  0.300000E+002 -0.785308E+000 -0.309897E+002 -0.109876E-003 -0.189123E-003  0.218724E-003 -0.447608E-002 -0.770442E-002  0.891030E-002  0.110000E+002  0.200000E+001  0.100000E+001  0.500000E+000  0.300000E+000  0.200000E+001  0.100000E+001  0.100000E+001  0.100000E+002
  0.269000E+003  0.300000E+002 -0.523572E+000 -0.309954E+002 -0.728407E-004 -0.126414E-003  0.145898E-003 -0.445140E-002 -0.772533E-002  0.891603E-002  0.110000E+002  0.200000E+001  0.100000E+001  0.500000E+000  0.300000E+000  0.200000E+001  0.100000E+001  0.100000E+001  0.100000E+002
  0.269500E+003  0.300000E+002 -0.261796E+000 -0.309989E+002 -0.362970E-004 -0.633060E-004  0.729735E-004 -0.443655E-002 -0.773783E-002  0.891947E-002  0.110000E+002  0.200000E+001  0.100000E+001  0.500000E+000  0.300000E+000  0.200000E+001  0.100000E+001  0.100000E+001  0.100000E+002
  0.270000E+003  0.300000E+002  0.000000E+000 -0.310000E+002 -0.335815E-011 -0.586669E-011  0.675982E-011 -0.443159E-002 -0.774199E-002  0.892062E-002  0.110000E+002  0.200000E+001  0.100000E+001  0.500000E+000  0.300000E+000  0.200000E+001  0.100000E+001  0.100000E+001  0.100000E+002
  0.270500E+003  0.300000E+002  0.261796E+000 -0.309989E+002  0.362970E-004  0.633060E-004  0.729735E-004 -0.443655E-002 -0.773783E-002  0.891947E-002  0.110000E+002  0.200000E+001  0.100000E+001  0.500000E+000  0.300000E+000  0.200000E+001  0.100000E+001  0.100000E+001  0.100000E+002
  0.271000E+003  0.300000E+002  0.523572E+000 -0.309954E+002  0.728407E-004  0.126414E-003  0.145898E-003 -0.445140E-002 -0.772533E-002  0.891603E-002  0.110000E+002  0.200000E+001  0.100000E+001  0.500000E+000  0.300000E+000  0.200000E+001  0.100000E+001  0.100000E+001  0.100000E+002
  0.271500E+003  0.300000E+002  0.785308E+000 -0.309897E+002  0.109876E-003  0.189123E-003  0.218724E-003 -0.447608E-002 -0.770442E-002  0.891030E-002  0.110000E+002  0.200000E+001  0.100000E+001  0.500000E+000  0.300000E+000  0.200000E+001  0.100000E+001  0.100000E+001  0.100000E+002
  0.272000E+003  0.300000E+002  0.104698E+001 -0.309817E+002  0.147645E-003  0.251231E-003  0.291404E-003 -0.451050E-002 -0.767500E-002  0.890226E-002  0.110000E+002  0.200000E+001  0.100000E+001  0.500000E+000  0.300000E+000  0.200000E+001  0.100000E+001  0.100000E+001  0.100000E+002
  0.272500E+003  0.300000E+002  0.130858E+001 -0.309714E+002  0.186385E-003  0.312528E-003  0.363887E-003 -0.455451E-002 -0.763694E-002  0.889193E-002  0.110000E+002  0.200000E+001  0.100000E+001  0.500000E+000  0.300000E+000  0.200000E+001  0.100000E+001  0.100000E+001  0.100000E+002
  0.273000E+003  0.300000E+002  0.157008E+001 -0.309589E+002  0.226328E-003  0.372799E-003  0.436123E-003 -0.460794E-002 -0.759004E-002  0.887929E-002  0.110000E+002  0.200000E+001  0.100000E+001  0.500000E+000  0.300000E+000  0.200000E+001  0.100000E+001  0.100000E+001  0.100000E+002
  0.273500E+003  0.300000E+002  0.183146E+001 -0.309440E+002  0.267696E-003  0.431820E-003  0.508064E-003 -0.467057E-002 -0.753409E-002  0.886435E-002  0.110000E+002  0.200000E+001  0.100000E+001  0.500000E+000  0.300000E+000  0.200000E+001  0.100000E+001  0.100000E+001  0.100000E+002
  0.274000E+003  0.300000E+002  0.209269E+001 -0.309269E+002  0.310702E-003  0.489356E-003  0.579659E-003 -0.474212E-002 -0.746883E-002  0.884710E-002  0.110000E+002  0.200000E+001  0.100000E+001  0.500000E+000  0.300000E+000  0.200000E+001  0.100000E+001  0.100000E+001  0.100000E+002
  0.274500E+003  0.300000E+002  0.235377E+001 -0.309075E+002  0.355549E-003  0.545161E-003  0.650857E-003 -0.482228E-002 -0.739397E-002  0.882752E-002  0.110000E+002  0.200000E+001  0.100000E+001  0.500000E+000  0.300000E+000  0.200000E+001  0.100000E+001  0.100000E+001  0.100000E+002
  0.275000E+003  0.300000E+002  0.261467E+001 -0.308858E+002  0.402423E-003  0.598977E-003  0.721608E-003 -0.491068E-002 -0.730919E-002  0.880563E-002  0.110000E+002  0.200000E+001  0.100000E+001  0.500000E+000  0.300000E+000  0.200000E+001  0.100000E+001  0.100000E+001  0.100000E+002
  0.275500E+003  0.300000E+002  0.287537E+001 -0.308619E+002  0.451497E-003  0.650531E-003  0.791859E-003 -0.500692E-002 -0.721413E-002  0.878140E-002  0.110000E+002  0.200000E+001  0.100000E+001  0.500000E+000  0.300000E+000  0.200000E+001  0.100000E+001  0.100000E+001  0.100000E+002
  0.276000E+003  0.300000E+002  0.313585E+001 -0.308357E+002  0.502924E-003  0.699535E-003  0.861558E-003 -0.511052E-002 -0.710841E-002  0.875483E-002  0.110000E+002  0.200000E+001  0.100000E+001  0.500000E+000  0.300000E+000  0.200000E+001  0.100000E+001  0.100000E+001  0.100000E+002
  0.276500E+003  0.300000E+002  0.339610E+001 -0.308072E+002  0.556837E-003  0.745686E-003  0.930653E-003 -0.522096E-002 -0.699163E-002  0.872590E-002  0.110000E+002  0.200000E+001  0.100000E+001  0.500000E+000  0.300000E+000  0.200000E+001  0.100000E+001  0.100000E+001  0.100000E+002
  0.277000E+003  0.300000E+002  0.365608E+001 -0.307764E+002  0.613344E-003  0.788662E-003  0.999089E-003 -0.533766E-002 -0.686337E-002  0.869462E-002  0.110000E+002  0.200000E+001  0.100000E+001  0.500000E+000  0.300000E+000  0.200000E+001  0.100000E+001  0.100000E+001  0.100000E+002
  0.277500E+003  0.300000E+002  0.391579E+001 -0.307433E+002  0.672528E-003  0.828127E-003  0.106681E-002 -0.545995E-002 -0.672318E-002  0.866096E-002  0.110000E+002  0.200000E+001  0.100000E+001  0.500000E+000  0.300000E+000  0.200000E+001  0.100000E+001  0.100000E+001  0.100000E+002
  0.278000E+003  0.300000E+002  0.417519E+001 -0.307080E+002  0.734442E-003  0.863726E-003  0.113377E-002 -0.558713E-002 -0.657063E-002  0.862492E-002  0.110000E+002  0.200000E+001  0.100000E+001  0.500000E+000  0.300000E+000  0.200000E+001  0.100000E+001  0.100000E+001  0.100000E+002
  0.278500E+003  0.300000E+002  0.443428E+001 -0.306705E+002  0.799106E-003  0.895086E-003  0.119990E-002 -0.571841E-002 -0.640525E-002  0.858647E-002  0.110000E+002  0.200000E+001  0.100000E+001  0.500000E+000  0.300000E+000  0.200000E+001  0.100000E+001  0.100000E+001  0.100000E+002
  0.279000E+003  0.300000E+002  0.469303E+001 -0.306307E+002  0.866503E-003  0.921822E-003  0.126514E-002 -0.585293E-002 -0.622659E-002  0.854559E-002  0.110000E+002  0.200000E+001  0.100000E+001  0.500000E+000  0.300000E+000  0.200000E+001  0.100000E+001  0.100000E+001  0.100000E+002
  0.279500E+003  0.300000E+002  0.495143E+001 -0.305886E+002  0.936576E-003  0.943528E-003  0.132944E-002 -0.598975E-002 -0.603421E-002  0.850228E-002  0.110000E+002  0.200000E+001  0.100000E+001  0.500000E+000  0.300000E+000  0.200000E+001  0.100000E+001  0.100000E+001  0.100000E+002
  0.280000E+003  0.300000E+002  0.520945E+001 -0.305442E+002  0.100923E-002  0.959790E-003  0.139274E-002 -0.612786E-002 -0.582769E-002  0.845651E-002  0.110000E+002  0.200000E+001  0.100000E+001  0.500000E+000  0.300000E+000  0.200000E+001  0.100000E+001  0.100000E+001  0.100000E+002
  0.280500E+003  0.300000E+002  0.546707E+001 -0.304976E+002  0.108430E-002  0.970176E-003  0.145498E-002 -0.626615E-002 -0.560662E-002  0.840826E-002  0.110000E+002  0.200000E+001  0.100000E+001  0.500000E+000  0.300000E+000  0.200000E+001  0.100000E+001  0.100000E+001  0.100000E+002
  0.281000E+003  0.300000E+002  0.572427E+001 -0.304488E+002  0.116160E-002  0.974251E-003  0.151608E-002 -0.640344E-002 -0.537064E-002  0.835750E-002  0.110000E+002  0.200000E+001  0.100000E+001  0.500000E+000  0.300000E+000  0.200000E+001  0.100000E+001  0.100000E+001  0.100000E+002
  0.281500E+003  0.300000E+002  0.598104E+001 -0.303977E+002  0.124088E-002  0.971569E-003  0.157598E-002 -0.653846E-002 -0.511941E-002  0.830420E-002  0.110000E+002  0.200000E+001  0.100000E+001  0.500000E+000  0.300000E+000  0.200000E+001  0.100000E+001  0.100000E+001  0.100000E+002
  0.282000E+003  0.300000E+002  0.623735E+001 -0.303444E+002  0.132180E-002  0.961684E-003  0.163462E-002 -0.666983E-002 -0.485268E-002  0.824834E-002  0.110000E+002  0.200000E+001  0.100000E+001  0.500000E+000  0.300000E+000  0.200000E+001  0.100000E+001  0.100000E+001  0.100000E+002
  0.282500E+003  0.300000E+002  0.649319E+001 -0.302889E+002  0.140399E-002  0.944153E-003  0.169193E-002 -0.679610E-002 -0.457023E-002  0.818988E-002  0.110000E+002  0.200000E+001  0.100000E+001  0.500000E+000  0.300000E+000  0.200000E+001  0.100000E+001  0.100000E+001  0.100000E+002
  0.283000E+003  0.300000E+002  0.674853E+001 -0.302311E+002  0.148700E-002  0.918541E-003  0.174782E-002 -0.691573E-002 -0.427196E-002  0.812878E-002  0.110000E+002  0.200000E+001  0.100000E+001  0.500000E+000  0.300000E+000  0.200000E+001  0.100000E+001  0.100000E+001  0.100000E+002
  0.283500E+003  0.300000E+002  0.700336E+001 -0.301711E+002  0.157029E-002  0.884427E-003  0.180223E-002 -0.702708E-002 -0.395783E-002  0.806500E-002  0.110000E+002  0.200000E+001  0.100000E+001  0.500000E+000  0.300000E+000  0.200000E+001  0.100000E+001  0.100000E+001  0.100000E+002
  0.284000E+003  0.300000E+002  0.725766E+001 -0.301089E+002  0.165327E-002  0.841414E-003  0.185507E-002 -0.712841E-002 -0.362792E-002  0.799850E-002  0.110000E+002  0.200000E+001  0.100000E+001  0.500000E+000  0.300000E+000  0.200000E+001  0.100000E+001  0.100000E+001  0.100000E+002
  0.284500E+003  0.300000E+002  0.751140E+001 -0.300444E+002  0.173525E-002  0.789134E-003  0.190626E-002 -0.721791E-002 -0.328246E-002  0.792923E-002  0.110000E+002  0.200000E+001  0.100000E+001  0.500000E+000  0.300000E+000  0.200000E+001  0.100000E+001  0.100000E+001  0.100000E+002
  0.285000E+003  0.300000E+002  0.776457E+001 -0.299778E+002  0.181547E-002  0.727261E-003  0.195572E-002 -0.729368E-002 -0.292179E-002  0.785714E-002  0.110000E+002  0.200000E+001  0.100000E+001  0.500000E+000  0.300000E+000  0.200000E+001  0.100000E+001  0.100000E+001  0.100000E+002
  0.285500E+003  0.300000E+002  0.801715E+001 -0.299089E+002  0.189306E-002  0.655523E-003  0.200334E-002 -0.735376E-002 -0.254643E-002  0.778216E-002  0.110000E+002  0.200000E+001  0.100000E+001  0.500000E+000  0.300000E+000  0.200000E+001  0.100000E+001  0.100000E+001  0.100000E+002
  0.286000E+003  0.300000E+002  0.826912E+001 -0.298379E+002  0.196709E-002  0.573708E-003  0.204905E-002 -0.739610E-002 -0.215709E-002  0.770424E-002  0.110000E+002  0.200000E+001  0.100000E+001  0.500000E+000  0.300000E+000  0.200000E+001  0.100000E+001  0.100000E+001  0.100000E+002
  0.286500E+003  0.300000E+002  0.852046E+001 -0.297646E+002  0.203653E-002  0.481686E-003  0.209272E-002 -0.741861E-002 -0.175467E-002  0.762330E-002  0.110000E+002  0.200000E+001  0.100000E+001  0.500000E+000  0.300000E+000  0.200000E+001  0.100000E+001  0.100000E+001  0.100000E+002
  0.287000E+003  0.300000E+002  0.877115E+001 -0.296891E+002  0.210027E-002  0.379421E-003  0.213427E-002 -0.741917E-002 -0.134030E-002  0.753926E-002  0.110000E+002  0.200000E+001  0.100000E+001  0.500000E+000  0.300000E+000  0.200000E+001  0.100000E+001  0.100000E+001  0.100000E+002
  0.287500E+003  0.300000E+002  0.902117E+001 -0.296115E+002  0.215710E-002  0.266983E-003  0.217356E-002 -0.739561E-002 -0.915347E-003  0.745204E-002  0.110000E+002  0.200000E+001  0.100000E+001  0.500000E+000  0.300000E+000  0.200000E+001  0.100000E+001  0.100000E+001  0.100000E+002
  0.288000E+003  0.300000E+002  0.927051E+001 -0.295317E+002  0.220576E-002  0.144573E-003  0.221049E-002 -0.734577E-002 -0.481469E-003  0.736154E-002  0.110000E+002  0.200000E+001  0.100000E+001  0.500000E+000  0.300000E+000  0.200000E+001  0.100000E+001  0.100000E+001  0.100000E+002
  0.288500E+003  0.300000E+002  0.951914E+001 -0.294497E+002  0.224489E-002  0.125412E-004  0.224492E-002 -0.726754E-002 -0.406004E-004  0.726765E-002  0.110000E+002  0.200000E+001  0.100000E+001  0.500000E+000  0.300000E+000  0.200000E+001  0.100000E+001  0.100000E+001  0.100000E+002
  0.289000E+003  0.300000E+002  0.976704E+001 -0.293656E+002  0.227309E-002 -0.128598E-003  0.227672E-002 -0.715883E-002  0.405006E-003  0.717028E-002  0.110000E+002  0.200000E+001  0.100000E+001  0.500000E+000  0.300000E+000  0.200000E+001  0.100000E+001  0.100000E+001  0.100000E+002
  0.289500E+003  0.300000E+002  0.100142E+002 -0.292792E+002  0.228890E-002 -0.278138E-003  0.230574E-002 -0.701766E-002  0.852759E-003  0.706928E-002  0.110000E+002  0.200000E+001  0.100000E+001  0.500000E+000  0.300000E+000  0.200000E+001  0.100000E+001  0.100000E+001  0.100000E+002
  0.290000E+003  0.300000E+002  0.102606E+002 -0.291908E+002  0.229085E-002 -0.435162E-003  0.233182E-002 -0.684218E-002  0.129971E-002  0.696453E-002  0.110000E+002  0.200000E+001  0.100000E+001  0.500000E+000  0.300000E+000  0.200000E+001  0.100000E+001  0.100000E+001  0.100000E+002
  0.290500E+003  0.300000E+002  0.105062E+002 -0.291002E+002  0.227746E-002 -0.598516E-003  0.235479E-002 -0.663072E-002  0.174255E-002  0.685587E-002  0.110000E+002  0.200000E+001  0.100000E+001  0.500000E+000  0.300000E+000  0.200000E+001  0.100000E+001  0.100000E+001  0.100000E+002
  0.291000E+003  0.300000E+002  0.107510E+002 -0.290074E+002  0.224726E-002 -0.766790E-003  0.237448E-002 -0.638186E-002  0.217756E-002  0.674313E-002  0.110000E+002  0.200000E+001  0.100000E+001  0.500000E+000  0.300000E+000  0.200000E+001  0.100000E+001  0.100000E+001  0.100000E+002
  0.291500E+003  0.300000E+002  0.109950E+002 -0.289125E+002  0.219886E-002 -0.938297E-003  0.239069E-002 -0.609447E-002  0.260063E-002  0.662615E-002  0.110000E+002  0.200000E+001  0.100000E+001  0.500000E+000  0.300000E+000  0.200000E+001  0.100000E+001  0.100000E+001  0.100000E+002
  0.292000E+003  0.300000E+002  0.112382E+002 -0.288155E+002  0.213096E-002 -0.111105E-002  0.240321E-002 -0.576781E-002  0.300725E-002  0.650471E-002  0.110000E+002  0.200000E+001  0.100000E+001  0.500000E+000  0.300000E+000  0.200000E+001  0.100000E+001  0.100000E+001  0.100000E+002
  0.292500E+003  0.300000E+002  0.114805E+002 -0.287164E+002  0.204240E-002 -0.128274E-002  0.241181E-002 -0.540161E-002  0.339251E-002  0.637860E-002  0.110000E+002  0.200000E+001  0.100000E+001  0.500000E+000  0.300000E+000  0.200000E+001  0.100000E+001  0.100000E+001  0.100000E+002
  0.293000E+003  0.300000E+002  0.117219E+002 -0.286151E+002  0.193225E-002 -0.145075E-002  0.241625E-002 -0.499613E-002  0.375114E-002  0.624759E-002  0.110000E+002  0.200000E+001  0.100000E+001  0.500000E+000  0.300000E+000  0.200000E+001  0.100000E+001  0.100000E+001  0.100000E+002
  0.293500E+003  0.300000E+002  0.119625E+002 -0.285118E+002  0.179986E-002 -0.161212E-002  0.241628E-002 -0.455232E-002  0.407749E-002  0.611143E-002  0.110000E+002  0.200000E+001  0.100000E+001  0.500000E+000  0.300000E+000  0.200000E+001  0.100000E+001  0.100000E+001  0.100000E+002
  0.294000E+003  0.300000E+002  0.122021E+002 -0.284064E+002  0.164491E-002 -0.176356E-002  0.241161E-002 -0.407189E-002  0.436562E-002  0.596983E-002  0.110000E+002  0.200000E+001  0.100000E+001  0.500000E+000  0.300000E+000  0.200000E+001  0.100000E+001  0.100000E+001  0.100000E+002
  0.294500E+003  0.300000E+002  0.124408E+002 -0.282988E+002  0.146754E-002 -0.190149E-002  0.240195E-002 -0.355745E-002  0.460937E-002  0.582252E-002  0.110000E+002  0.200000E+001  0.100000E+001  0.500000E+000  0.300000E+000  0.200000E+001  0.100000E+001  0.100000E+001  0.100000E+002
  0.295000E+003  0.300000E+002  0.126785E+002 -0.281892E+002  0.126845E-002 -0.202205E-002  0.238697E-002 -0.301263E-002  0.480247E-002  0.566919E-002  0.110000E+002  0.200000E+001  0.100000E+001  0.500000E+000  0.300000E+000  0.200000E+001  0.100000E+001  0.100000E+001  0.100000E+002
  0.295500E+003  0.300000E+002  0.129153E+002 -0.280776E+002  0.104895E-002 -0.212116E-002  0.236635E-002 -0.244224E-002  0.493863E-002  0.550950E-002  0.110000E+002  0.200000E+001  0.100000E+001  0.500000E+000  0.300000E+000  0.200000E+001  0.100000E+001  0.100000E+001  0.100000E+002
  0.296000E+003  0.300000E+002  0.131511E+002 -0.279638E+002  0.811142E-003 -0.219464E-002  0.233974E-002 -0.185237E-002  0.501179E-002  0.534315E-002  0.110000E+002  0.200000E+001  0.100000E+001  0.500000E+000  0.300000E+000  0.200000E+001  0.100000E+001  0.100000E+001  0.100000E+002
  0.296500E+003  0.300000E+002  0.133859E+002 -0.278480E+002  0.557981E-003 -0.223828E-002  0.230678E-002 -0.125051E-002  0.501629E-002  0.516981E-002  0.110000E+002  0.200000E+001  0.100000E+001  0.500000E+000  0.300000E+000  0.200000E+001  0.100000E+001  0.100000E+001  0.100000E+002
  0.297000E+003  0.300000E+002  0.136197E+002 -0.277302E+002  0.293404E-003 -0.224806E-002  0.226713E-002 -0.645682E-003  0.494722E-002  0.498918E-002  0.110000E+002  0.200000E+001  0.100000E+001  0.500000E+000  0.300000E+000  0.200000E+001  0.100000E+001  0.100000E+001  0.100000E+002
  0.297500E+003  0.300000E+002  0.138525E+002 -0.276103E+002  0.224044E-004 -0.222032E-002  0.222044E-002 -0.484424E-004  0.480075E-002  0.480100E-002  0.110000E+002  0.200000E+001  0.100000E+001  0.500000E+000  0.300000E+000  0.200000E+001  0.100000E+001  0.100000E+001  0.100000E+002
  0.298000E+003  0.300000E+002  0.140841E+002 -0.274884E+002 -0.248916E-003 -0.215206E-002  0.216641E-002  0.529115E-003  0.457459E-002  0.460509E-002  0.110000E+002  0.200000E+001  0.100000E+001  0.500000E+000  0.300000E+000  0.200000E+001  0.100000E+001  0.100000E+001  0.100000E+002
  0.298500E+003  0.300000E+002  0.143148E+002 -0.273645E+002 -0.513357E-003 -0.204123E-002  0.210479E-002  0.107349E-002  0.426847E-002  0.440139E-002  0.110000E+002  0.200000E+001  0.100000E+001  0.500000E+000  0.300000E+000  0.200000E+001  0.100000E+001  0.100000E+001  0.100000E+002
  0.299000E+003  0.300000E+002  0.145443E+002 -0.272386E+002 -0.762720E-003 -0.188714E-002  0.203544E-002  0.157007E-002  0.388469E-002  0.418998E-002  0.110000E+002  0.200000E+001  0.100000E+001  0.500000E+000  0.300000E+000  0.200000E+001  0.100000E+001  0.100000E+001  0.100000E+002
  0.299500E+003  0.300000E+002  0.147727E+002 -0.271107E+002 -0.988027E-003 -0.169085E-002  0.195836E-002  0.200355E-002  0.342874E-002  0.397121E-002  0.110000E+002  0.200000E+001  0.100000E+001  0.500000E+000  0.300000E+000  0.200000E+001  0.100000E+001  0.100000E+001  0.100000E+002
  0.300000E+003  0.300000E+002  0.150000E+002 -0.269808E+002 -0.117989E-002 -0.145556E-002  0.187371E-002  0.235869E-002  0.290978E-002  0.374570E-002  0.110000E+002  0.200000E+001  0.100000E+001  0.500000E+000  0.300000E+000  0.200000E+001  0.100000E+001  0.100000E+001  0.100000E+002
  0.300500E+003  0.300000E+002  0.152262E+002 -0.268489E+002 -0.132905E-002 -0.118696E-002  0.178192E-002  0.262127E-002  0.234102E-002  0.351446E-002  0.110000E+002  0.200000E+001  0.100000E+001  0.500000E+000  0.300000E+000  0.200000E+001  0.100000E+001  0.100000E+001  0.100000E+002
  0.301000E+003  0.300000E+002  0.154511E+002 -0.267150E+002 -0.142714E-002 -0.893430E-003  0.168373E-002  0.277927E-002  0.173990E-002  0.327896E-002  0.110000E+002  0.200000E+001  0.100000E+001  0.500000E+000  0.300000E+000  0.200000E+001  0.100000E+001  0.100000E+001  0.100000E+002
  0.301500E+003  0.300000E+002  0.156750E+002 -0.265792E+002 -0.146751E-002 -0.585983E-003  0.158018E-002  0.282429E-002  0.112775E-002  0.304113E-002  0.110000E+002  0.200000E+001  0.100000E+001  0.500000E+000  0.300000E+000  0.200000E+001  0.100000E+001  0.100000E+001  0.100000E+002
  0.302000E+003  0.300000E+002  0.158976E+002 -0.264414E+002 -0.144621E-002 -0.277911E-003  0.147267E-002  0.275299E-002  0.529028E-003  0.280336E-002  0.110000E+002  0.200000E+001  0.100000E+001  0.500000E+000  0.300000E+000  0.200000E+001  0.100000E+001  0.100000E+001  0.100000E+002
  0.302500E+003  0.300000E+002  0.161190E+002 -0.263017E+002 -0.136279E-002  0.159469E-004  0.136289E-002  0.256825E-002 -0.300526E-004  0.256842E-002  0.110000E+002  0.200000E+001  0.100000E+001  0.500000E+000  0.300000E+000  0.200000E+001  0.100000E+001  0.100000E+001  0.100000E+002
  0.303000E+003  0.300000E+002  0.163392E+002 -0.261601E+002 -0.122096E-002  0.280287E-003  0.125272E-002  0.228000E-002 -0.523401E-003  0.233931E-002  0.110000E+002  0.200000E+001  0.100000E+001  0.500000E+000  0.300000E+000  0.200000E+001  0.100000E+001  0.100000E+001  0.100000E+002
  0.303500E+003  0.300000E+002  0.165581E+002 -0.260166E+002 -0.102879E-002  0.500667E-003  0.114415E-002  0.190532E-002 -0.927237E-003  0.211897E-002  0.110000E+002  0.200000E+001  0.100000E+001  0.500000E+000  0.300000E+000  0.200000E+001  0.100000E+001  0.100000E+001  0.100000E+002
  0.304000E+003  0.300000E+002  0.167758E+002 -0.258711E+002 -0.798435E-003  0.664899E-003  0.103903E-002  0.146779E-002 -0.122231E-002  0.191009E-002  0.110000E+002  0.200000E+001  0.100000E+001  0.500000E+000  0.300000E+000  0.200000E+001  0.100000E+001  0.100000E+001  0.100000E+002
  0.304500E+003  0.300000E+002  0.169922E+002 -0.257238E+002 -0.545464E-003  0.764329E-003  0.939004E-003  0.996159E-003 -0.139586E-002  0.171487E-002  0.110000E+002  0.200000E+001  0.100000E+001  0.500000E+000  0.300000E+000  0.200000E+001  0.100000E+001  0.100000E+001  0.100000E+002
  0.305000E+003  0.300000E+002  0.172073E+002 -0.255746E+002 -0.287742E-003  0.794846E-003  0.845326E-003  0.522439E-003 -0.144316E-002  0.153482E-002  0.110000E+002  0.200000E+001  0.100000E+001  0.500000E+000  0.300000E+000  0.200000E+001  0.100000E+001  0.100000E+001  0.100000E+002
  0.305500E+003  0.300000E+002  0.174211E+002 -0.254235E+002 -0.440967E-004  0.757560E-003  0.758842E-003  0.796547E-004 -0.136843E-002  0.137074E-002  0.110000E+002  0.200000E+001  0.100000E+001  0.500000E+000  0.300000E+000  0.200000E+001  0.100000E+001  0.100000E+001  0.100000E+002
  0.306000E+003  0.300000E+002  0.176336E+002 -0.252705E+002  0.167206E-003  0.659099E-003  0.679977E-003 -0.300680E-003 -0.118523E-002  0.122277E-002  0.110000E+002  0.200000E+001  0.100000E+001  0.500000E+000  0.300000E+000  0.200000E+001  0.100000E+001  0.100000E+001  0.100000E+002
  0.306500E+003  0.300000E+002  0.178447E+002 -0.251157E+002  0.330096E-003  0.511531E-003  0.608791E-003 -0.591267E-003 -0.916252E-003  0.109047E-002  0.110000E+002  0.200000E+001  0.100000E+001  0.500000E+000  0.300000E+000  0.200000E+001  0.100000E+001  0.100000E+001  0.100000E+002
  0.307000E+003  0.300000E+002  0.180545E+002 -0.249591E+002  0.432417E-003  0.331813E-003  0.545054E-003 -0.771886E-003 -0.592302E-003  0.972949E-003  0.110000E+002  0.200000E+001  0.100000E+001  0.500000E+000  0.300000E+000  0.200000E+001  0.100000E+001  0.100000E+001  0.100000E+002
  0.307500E+003  0.300000E+002  0.182628E+002 -0.248006E+002  0.467634E-003  0.140676E-003  0.488335E-003 -0.832246E-003 -0.250360E-003  0.869088E-003  0.110000E+002  0.200000E+001  0.100000E+001  0.500000E+000  0.300000E+000  0.200000E+001  0.100000E+001  0.100000E+001  0.100000E+002
  0.308000E+003  0.300000E+002  0.184698E+002 -0.246403E+002  0.436324E-003 -0.391942E-004  0.438081E-003 -0.774487E-003  0.695708E-004  0.777606E-003  0.110000E+002  0.200000E+001  0.100000E+001  0.500000E+000  0.300000E+000  0.200000E+001  0.100000E+001  0.100000E+001  0.100000E+002
  0.308500E+003  0.300000E+002  0.186754E+002 -0.244782E+002  0.347125E-003 -0.185713E-003  0.393682E-003 -0.614742E-003  0.328888E-003  0.697190E-003  0.110000E+002  0.200000E+001  0.100000E+001  0.500000E+000  0.300000E+000  0.200000E+001  0.100000E+001  0.100000E+001  0.100000E+002
  0.309000E+003  0.300000E+002  0.188796E+002 -0.243144E+002  0.216714E-003 -0.280565E-003  0.354516E-003 -0.383017E-003  0.495864E-003  0.626564E-003  0.110000E+002  0.200000E+001  0.100000E+001  0.500000E+000  0.300000E+000  0.200000E+001  0.100000E+001  0.100000E+001  0.100000E+002
  0.309500E+003  0.300000E+002  0.190823E+002 -0.241487E+002  0.683985E-004 -0.312589E-003  0.319985E-003 -0.120672E-003  0.551484E-003  0.564532E-003  0.110000E+002  0.200000E+001  0.100000E+001  0.500000E+000  0.300000E+000  0.200000E+001  0.100000E+001  0.100000E+001  0.100000E+002
  0.310000E+003  0.300000E+002  0.192836E+002 -0.239813E+002 -0.709355E-004 -0.280709E-003  0.289533E-003  0.124952E-003  0.494464E-003  0.510007E-003  0.110000E+002  0.200000E+001  0.100000E+001  0.500000E+000  0.300000E+000  0.200000E+001  0.100000E+001  0.100000E+001  0.100000E+002
  0.310500E+003  0.300000E+002  0.194834E+002 -0.238122E+002 -0.175407E-003 -0.195493E-003  0.262650E-003  0.308549E-003  0.343880E-003  0.462014E-003  0.110000E+002  0.200000E+001  0.100000E+001  0.500000E+000  0.300000E+000  0.200000E+001  0.100000E+001  0.100000E+001  0.100000E+002
  0.311000E+003  0.300000E+002  0.196818E+002 -0.236413E+002 -0.225627E-003 -0.784763E-004  0.238885E-003  0.396400E-003  0.137874E-003  0.419693E-003  0.110000E+002  0.200000E+001  0.100000E+001  0.500000E+000  0.300000E+000  0.200000E+001  0.100000E+001  0.100000E+001  0.100000E+002
  0.311500E+003  0.300000E+002  0.198786E+002 -0.234687E+002 -0.213871E-003  0.413898E-004  0.217839E-003  0.375336E-003 -0.726377E-004  0.382300E-003  0.110000E+002  0.200000E+001  0.100000E+001  0.500000E+000  0.300000E+000  0.200000E+001  0.100000E+001  0.100000E+001  0.100000E+002
  0.312000E+003  0.300000E+002  0.200739E+002 -0.232943E+002 -0.147306E-003  0.134039E-003  0.199162E-003  0.258265E-003 -0.235004E-003  0.349181E-003  0.110000E+002  0.200000E+001  0.100000E+001  0.500000E+000  0.300000E+000  0.200000E+001  0.100000E+001  0.100000E+001  0.100000E+002
  0.312500E+003  0.300000E+002  0.202677E+002 -0.231183E+002 -0.476540E-004  0.176221E-003  0.182551E-003  0.834762E-004 -0.308690E-003  0.319777E-003  0.110000E+002  0.200000E+001  0.100000E+001  0.500000E+000  0.300000E+000  0.200000E+001  0.100000E+001  0.100000E+001  0.100000E+002
  0.313000E+003  0.300000E+002  0.204600E+002 -0.229406E+002  0.536692E-004  0.158924E-003  0.167741E-003 -0.939394E-004 -0.278170E-003  0.293604E-003  0.110000E+002  0.200000E+001  0.100000E+001  0.500000E+000  0.300000E+000  0.200000E+001  0.100000E+001  0.100000E+001  0.100000E+002
  0.313500E+003  0.300000E+002  0.206506E+002 -0.227612E+002  0.124488E-003  0.915144E-004  0.154506E-003 -0.217742E-003 -0.160068E-003  0.270247E-003  0.110000E+002  0.200000E+001  0.100000E+001  0.500000E+000  0.300000E+000  0.200000E+001  0.100000E+001  0.100000E+001  0.100000E+002
  0.314000E+003  0.300000E+002  0.208398E+002 -0.225802E+002  0.142648E-003  0.179395E-006  0.142648E-003 -0.249346E-003 -0.313579E-006  0.249346E-003  0.110000E+002  0.200000E+001  0.100000E+001  0.500000E+000  0.300000E+000  0.200000E+001  0.100000E+001  0.100000E+001  0.100000E+002
  0.314500E+003  0.300000E+002  0.210273E+002 -0.223975E+002  0.104851E-003 -0.801856E-004  0.131998E-003 -0.183172E-003  0.140082E-003  0.230597E-003  0.110000E+002  0.200000E+001  0.100000E+001  0.500000E+000  0.300000E+000  0.200000E+001  0.100000E+001  0.100000E+001  0.100000E+002
  0.315000E+003  0.300000E+002  0.212132E+002 -0.222132E+002  0.293692E-004 -0.118834E-003  0.122410E-003 -0.512800E-004  0.207491E-003  0.213734E-003  0.110000E+002  0.200000E+001  0.100000E+001  0.500000E+000  0.300000E+000  0.200000E+001  0.100000E+001  0.100000E+001  0.100000E+002
  0.315500E+003  0.300000E+002  0.213975E+002 -0.220273E+002 -0.499753E-004 -0.102191E-003  0.113756E-003  0.872174E-004  0.178345E-003  0.198529E-003  0.110000E+002  0.200000E+001  0.100000E+001  0.500000E+000  0.300000E+000  0.200000E+001  0.100000E+001  0.100000E+001  0.100000E+002
  0.316000E+003  0.300000E+002  0.215802E+002 -0.218398E+002 -0.976757E-004 -0.409896E-004  0.105928E-003  0.170390E-003  0.715042E-004  0.184785E-003  0.110000E+002  0.200000E+001  0.100000E+001  0.500000E+000  0.300000E+000  0.200000E+001  0.100000E+001  0.100000E+001  0.100000E+002
  0.316500E+003  0.300000E+002  0.217612E+002 -0.216506E+002 -0.930797E-004  0.332174E-004  0.988293E-004  0.162308E-003 -0.579228E-004  0.172333E-003  0.110000E+002  0.200000E+001  0.100000E+001  0.500000E+000  0.300000E+000  0.200000E+001  0.100000E+001  0.100000E+001  0.100000E+002
  0.317000E+003  0.300000E+002  0.219406E+002 -0.214600E+002 -0.415430E-004  0.825112E-004  0.923792E-004  0.724139E-004 -0.143826E-003  0.161027E-003  0.110000E+002  0.200000E+001  0.100000E+001  0.500000E+000  0.300000E+000  0.200000E+001  0.100000E+001  0.100000E+001  0.100000E+002
  0.317500E+003  0.300000E+002  0.221183E+002 -0.212677E+002  0.269318E-004  0.822038E-004  0.865031E-004 -0.469291E-004 -0.143242E-003  0.150733E-003  0.110000E+002  0.200000E+001  0.100000E+001  0.500000E+000  0.300000E+000  0.200000E+001  0.100000E+001  0.100000E+001  0.100000E+002
  0.318000E+003  0.300000E+002  0.222943E+002 -0.210739E+002  0.730721E-004  0.352745E-004  0.811408E-004 -0.127290E-003 -0.614474E-004  0.141345E-003  0.110000E+002  0.200000E+001  0.100000E+001  0.500000E+000  0.300000E+000  0.200000E+001  0.100000E+001  0.100000E+001  0.100000E+002
  0.318500E+003  0.300000E+002  0.224687E+002 -0.208786E+002  0.709079E-004 -0.280015E-004  0.762366E-004 -0.123484E-003  0.487639E-004  0.132764E-003  0.110000E+002  0.200000E+001  0.100000E+001  0.500000E+000  0.300000E+000  0.200000E+001  0.100000E+001  0.100000E+001  0.100000E+002
  0.319000E+003  0.300000E+002  0.226413E+002 -0.206818E+002  0.244316E-004 -0.674536E-004  0.717418E-004 -0.425357E-004  0.117438E-003  0.124903E-003  0.110000E+002  0.200000E+001  0.100000E+001  0.500000E+000  0.300000E+000  0.200000E+001  0.100000E+001  0.100000E+001  0.100000E+002
  0.319500E+003  0.300000E+002  0.228122E+002 -0.204834E+002 -0.336554E-004 -0.586435E-004  0.676147E-004  0.585801E-004  0.102074E-003  0.117689E-003  0.110000E+002  0.200000E+001  0.100000E+001  0.500000E+000  0.300000E+000  0.200000E+001  0.100000E+001  0.100000E+001  0.100000E+002
  0.320000E+003  0.300000E+002  0.229813E+002 -0.202836E+002 -0.630039E-004 -0.101686E-004  0.638192E-004  0.109638E-003  0.176953E-004  0.111057E-003  0.110000E+002  0.200000E+001  0.100000E+001  0.500000E+000  0.300000E+000  0.200000E+001  0.100000E+001  0.100000E+001  0.100000E+002
  0.320500E+003  0.300000E+002  0.231487E+002 -0.200823E+002 -0.440959E-004  0.411599E-004  0.603207E-004  0.767187E-004 -0.716106E-004  0.104947E-003  0.110000E+002  0.200000E+001  0.100000E+001  0.500000E+000  0.300000E+000  0.200000E+001  0.100000E+001  0.100000E+001  0.100000E+002
  0.321000E+003  0.300000E+002  0.233144E+002 -0.198796E+002  0.639992E-005  0.567315E-004  0.570914E-004 -0.111325E-004 -0.986829E-004  0.993088E-004  0.110000E+002  0.200000E+001  0.100000E+001  0.500000E+000  0.300000E+000  0.200000E+001  0.100000E+001  0.100000E+001  0.100000E+002
  0.321500E+003  0.300000E+002  0.234782E+002 -0.196754E+002  0.473469E-004  0.261858E-004  0.541057E-004 -0.823435E-004 -0.455410E-004  0.940980E-004  0.110000E+002  0.200000E+001  0.100000E+001  0.500000E+000  0.300000E+000  0.200000E+001  0.100000E+001  0.100000E+001  0.100000E+002
  0.322000E+003  0.300000E+002  0.236403E+002 -0.194698E+002  0.457934E-004 -0.232115E-004  0.513401E-004 -0.796278E-004  0.403614E-004  0.892728E-004  0.110000E+002  0.200000E+001  0.100000E+001  0.500000E+000  0.300000E+000  0.200000E+001  0.100000E+001  0.100000E+001  0.100000E+002
  0.322500E+003  0.300000E+002  0.238006E+002 -0.192628E+002  0.517723E-005 -0.484990E-004  0.487745E-004 -0.900097E-005  0.843189E-004  0.847979E-004  0.110000E+002  0.200000E+001  0.100000E+001  0.500000E+000  0.300000E+000  0.200000E+001  0.100000E+001  0.100000E+001  0.100000E+002
  0.323000E+003  0.300000E+002  0.239591E+002 -0.190545E+002 -0.366236E-004 -0.284764E-004  0.463917E-004  0.636631E-004  0.495007E-004  0.806431E-004  0.110000E+002  0.200000E+001  0.100000E+001  0.500000E+000  0.300000E+000  0.200000E+001  0.100000E+001  0.100000E+001  0.100000E+002
  0.323500E+003  0.300000E+002  0.241157E+002 -0.188447E+002 -0.410858E-004  0.162301E-004  0.441753E-004  0.714096E-004 -0.282089E-004  0.767794E-004  0.110000E+002  0.200000E+001  0.100000E+001  0.500000E+000  0.300000E+000  0.200000E+001  0.100000E+001  0.100000E+001  0.100000E+002
  0.324000E+003  0.300000E+002  0.242705E+002 -0.186336E+002 -0.573754E-005  0.417173E-004  0.421100E-004  0.997088E-005 -0.724975E-004  0.731799E-004  0.110000E+002  0.200000E+001  0.100000E+001  0.500000E+000  0.300000E+000  0.200000E+001  0.100000E+001  0.100000E+001  0.100000E+002
  0.324500E+003  0.300000E+002  0.244235E+002 -0.184211E+002  0.324963E-004  0.236360E-004  0.401829E-004 -0.564659E-004 -0.410702E-004  0.698223E-004  0.110000E+002  0.200000E+001  0.100000E+001  0.500000E+000  0.300000E+000  0.200000E+001  0.100000E+001  0.100000E+001  0.100000E+002
  0.325000E+003  0.300000E+002  0.245746E+002 -0.182073E+002  0.342136E-004 -0.173982E-004  0.383832E-004 -0.594430E-004  0.302278E-004  0.666873E-004  0.110000E+002  0.200000E+001  0.100000E+001  0.500000E+000  0.300000E+000  0.200000E+001  0.100000E+001  0.100000E+001  0.100000E+002
  0.325500E+003  0.300000E+002  0.247238E+002 -0.179922E+002 -0.715519E-006 -0.366936E-004  0.367006E-004  0.124301E-005  0.637447E-004  0.637568E-004  0.110000E+002  0.200000E+001  0.100000E+001  0.500000E+000  0.300000E+000  0.200000E+001  0.100000E+001  0.100000E+001  0.100000E+002
  0.326000E+003  0.300000E+002  0.248711E+002 -0.177758E+002 -0.321998E-004 -0.140312E-004  0.351241E-004  0.559320E-004  0.243727E-004  0.610116E-004  0.110000E+002  0.200000E+001  0.100000E+001  0.500000E+000  0.300000E+000  0.200000E+001  0.100000E+001  0.100000E+001  0.100000E+002
  0.326500E+003  0.300000E+002  0.250166E+002 -0.175581E+002 -0.246231E-004  0.229309E-004  0.336471E-004  0.427670E-004 -0.398277E-004  0.584403E-004  0.110000E+002  0.200000E+001  0.100000E+001  0.500000E+000  0.300000E+000  0.200000E+001  0.100000E+001  0.100000E+001  0.100000E+002
  0.327000E+003  0.300000E+002  0.251601E+002 -0.173392E+002  0.113685E-004  0.301903E-004  0.322598E-004 -0.197436E-004 -0.524314E-004  0.560256E-004  0.110000E+002  0.200000E+001  0.100000E+001  0.500000E+000  0.300000E+000  0.200000E+001  0.100000E+001  0.100000E+001  0.100000E+002
  0.327500E+003  0.300000E+002  0.253017E+002 -0.171190E+002  0.309562E-004  0.287818E-006  0.309575E-004 -0.537568E-004 -0.499809E-006  0.537591E-004  0.110000E+002  0.200000E+001  0.100000E+001  0.500000E+000  0.300000E+000  0.200000E+001  0.100000E+001  0.100000E+001  0.100000E+002
  0.328000E+003  0.300000E+002  0.254414E+002 -0.168976E+002  0.104337E-004 -0.278405E-004  0.297314E-004 -0.181171E-004  0.483422E-004  0.516256E-004  0.110000E+002  0.200000E+001  0.100000E+001  0.500000E+000  0.300000E+000  0.200000E+001  0.100000E+001  0.100000E+001  0.100000E+002
  0.328500E+003  0.300000E+002  0.255792E+002 -0.166750E+002 -0.220811E-004 -0.181412E-004  0.285776E-004  0.383385E-004  0.314979E-004  0.496181E-004  0.110000E+002  0.200000E+001  0.100000E+001  0.500000E+000  0.300000E+000  0.200000E+001  0.100000E+001  0.100000E+001  0.100000E+002
  0.329000E+003  0.300000E+002  0.257150E+002 -0.164511E+002 -0.230869E-004  0.149233E-004  0.274902E-004  0.400819E-004 -0.259087E-004  0.477265E-004  0.110000E+002  0.200000E+001  0.100000E+001  0.500000E+000  0.300000E+000  0.200000E+001  0.100000E+001  0.100000E+001  0.100000E+002
  0.329500E+003  0.300000E+002  0.258489E+002 -0.162262E+002  0.742882E-005  0.254004E-004  0.264645E-004 -0.128965E-004 -0.440953E-004  0.459425E-004  0.110000E+002  0.200000E+001  0.100000E+001  0.500000E+000  0.300000E+000  0.200000E+001  0.100000E+001  0.100000E+001  0.100000E+002
  0.330000E+003  0.300000E+002  0.259808E+002 -0.160000E+002  0.254925E-004 -0.383258E-006  0.254954E-004 -0.442521E-004  0.665293E-006  0.442571E-004  0.110000E+002  0.200000E+001  0.100000E+001  0.500000E+000  0.300000E+000  0.200000E+001  0.100000E+001  0.100000E+001  0.100000E+002
  0.330500E+003  0.300000E+002  0.261107E+002 -0.157727E+002  0.571751E-005 -0.239059E-004  0.245801E-004 -0.992431E-005  0.414953E-004  0.426655E-004  0.110000E+002  0.200000E+001  0.100000E+001  0.500000E+000  0.300000E+000  0.200000E+001  0.100000E+001  0.100000E+001  0.100000E+002
  0.331000E+003  0.300000E+002  0.262386E+002 -0.155443E+002 -0.211968E-004 -0.106326E-004  0.237141E-004  0.367907E-004  0.184546E-004  0.411598E-004  0.110000E+002  0.200000E+001  0.100000E+001  0.500000E+000  0.300000E+000  0.200000E+001  0.100000E+001  0.100000E+001  0.100000E+002
  0.331500E+003  0.300000E+002  0.263645E+002 -0.153148E+002 -0.143172E-004  0.178651E-004  0.228942E-004  0.248485E-004 -0.310060E-004  0.397343E-004  0.110000E+002  0.200000E+001  0.100000E+001  0.500000E+000  0.300000E+000  0.200000E+001  0.100000E+001  0.100000E+001  0.100000E+002
  0.332000E+003  0.300000E+002  0.264884E+002 -0.150841E+002  0.143148E-004  0.168597E-004  0.221170E-004 -0.248429E-004 -0.292594E-004  0.383833E-004  0.110000E+002  0.200000E+001  0.100000E+001  0.500000E+000  0.300000E+000  0.200000E+001  0.100000E+001  0.100000E+001  0.100000E+002
  0.332500E+003  0.300000E+002  0.266103E+002 -0.148525E+002  0.184255E-004 -0.108456E-004  0.213805E-004 -0.319752E-004  0.188211E-004  0.371032E-004  0.110000E+002  0.200000E+001  0.100000E+001  0.500000E+000  0.300000E+000  0.200000E+001  0.100000E+001  0.100000E+001  0.100000E+002
  0.333000E+003  0.300000E+002  0.267302E+002 -0.146197E+002 -0.765706E-005 -0.192111E-004  0.206809E-004  0.132872E-004  0.333368E-004  0.358872E-004  0.110000E+002  0.200000E+001  0.100000E+001  0.500000E+000  0.300000E+000  0.200000E+001  0.100000E+001  0.100000E+001  0.100000E+002
  0.333500E+003  0.300000E+002  0.268480E+002 -0.143859E+002 -0.194162E-004  0.486789E-005  0.200172E-004  0.336911E-004 -0.844678E-005  0.347338E-004  0.110000E+002  0.200000E+001  0.100000E+001  0.500000E+000  0.300000E+000  0.200000E+001  0.100000E+001  0.100000E+001  0.100000E+002
  0.334000E+003  0.300000E+002  0.269638E+002 -0.141511E+002  0.253262E-005  0.192196E-004  0.193858E-004 -0.439440E-005 -0.333484E-004  0.336367E-004  0.110000E+002  0.200000E+001  0.100000E+001  0.500000E+000  0.300000E+000  0.200000E+001  0.100000E+001  0.100000E+001  0.100000E+002
  0.334500E+003  0.300000E+002  0.270776E+002 -0.139153E+002  0.187736E-004 -0.662494E-006  0.187853E-004 -0.325730E-004  0.114946E-005  0.325933E-004  0.110000E+002  0.200000E+001  0.100000E+001  0.500000E+000  0.300000E+000  0.200000E+001  0.100000E+001  0.100000E+001  0.100000E+002
  0.335000E+003  0.300000E+002  0.271892E+002 -0.136785E+002  0.759177E-006 -0.181986E-004  0.182144E-004 -0.131715E-005  0.315740E-004  0.316015E-004  0.110000E+002  0.200000E+001  0.100000E+001  0.500000E+000  0.300000E+000  0.200000E+001  0.100000E+001  0.100000E+001  0.100000E+002
  0.335500E+003  0.300000E+002  0.272988E+002 -0.134408E+002 -0.175817E-004 -0.176391E-005  0.176700E-004  0.305025E-004  0.306021E-005  0.306556E-004  0.110000E+002  0.200000E+001  0.100000E+001  0.500000E+000  0.300000E+000  0.200000E+001  0.100000E+001  0.100000E+001  0.100000E+002
  0.336000E+003  0.300000E+002  0.274064E+002 -0.132021E+002 -0.238894E-005  0.169843E-004  0.171515E-004  0.414440E-005 -0.294649E-004  0.297550E-004  0.110000E+002  0.200000E+001  0.100000E+001  0.500000E+000  0.300000E+000  0.200000E+001  0.100000E+001  0.100000E+001  0.100000E+002
  0.336500E+003  0.300000E+002  0.275118E+002 -0.129625E+002  0.164417E-004  0.267102E-005  0.166573E-004 -0.285225E-004 -0.463360E-005  0.288964E-004  0.110000E+002  0.200000E+001  0.100000E+001  0.500000E+000  0.300000E+000  0.200000E+001  0.100000E+001  0.100000E+001  0.100000E+002
  0.337000E+003  0.300000E+002  0.276151E+002 -0.127219E+002  0.264309E-005 -0.159684E-004  0.161857E-004 -0.458498E-005  0.277004E-004  0.280773E-004  0.110000E+002  0.200000E+001  0.100000E+001  0.500000E+000  0.300000E+000  0.200000E+001  0.100000E+001  0.100000E+001  0.100000E+002
  0.337500E+003  0.300000E+002  0.277164E+002 -0.124805E+002 -0.155612E-004 -0.233298E-005  0.157351E-004  0.269932E-004  0.404689E-005  0.272949E-004  0.110000E+002  0.200000E+001  0.100000E+001  0.500000E+000  0.300000E+000  0.200000E+001  0.100000E+001  0.100000E+001  0.100000E+002
  0.338000E+003  0.300000E+002  0.278155E+002 -0.122382E+002 -0.176394E-005  0.152029E-004  0.153049E-004  0.305970E-005 -0.263707E-004  0.265476E-004  0.110000E+002  0.200000E+001  0.100000E+001  0.500000E+000  0.300000E+000  0.200000E+001  0.100000E+001  0.100000E+001  0.100000E+002
  0.338500E+003  0.300000E+002  0.279125E+002 -0.119950E+002  0.148627E-004  0.956106E-006  0.148934E-004 -0.257798E-004 -0.165839E-005  0.258331E-004  0.110000E+002  0.200000E+001  0.100000E+001  0.500000E+000  0.300000E+000  0.200000E+001  0.100000E+001  0.100000E+001  0.100000E+002
  0.339000E+003  0.300000E+002  0.280074E+002 -0.117510E+002 -0.706418E-007 -0.145000E-004  0.145001E-004  0.122527E-006  0.251498E-004  0.251501E-004  0.110000E+002  0.200000E+001  0.100000E+001  0.500000E+000  0.300000E+000  0.200000E+001  0.100000E+001  0.100000E+001  0.100000E+002
  0.339500E+003  0.300000E+002  0.281002E+002 -0.115062E+002 -0.140642E-004  0.129337E-005  0.141236E-004  0.243934E-004 -0.224326E-005  0.244963E-004  0.110000E+002  0.200000E+001  0.100000E+001  0.500000E+000  0.300000E+000  0.200000E+001  0.100000E+001  0.100000E+001  0.100000E+002
  0.340000E+003  0.300000E+002  0.281908E+002 -0.112606E+002  0.268212E-005  0.134994E-004  0.137632E-004 -0.465181E-005 -0.234130E-004  0.238706E-004  0.110000E+002  0.200000E+001  0.100000E+001  0.500000E+000  0.300000E+000  0.200000E+001  0.100000E+001  0.100000E+001  0.100000E+002
  0.340500E+003  0.300000E+002  0.282792E+002 -0.110142E+002  0.127450E-004 -0.419565E-005  0.134178E-004 -0.221040E-004  0.727665E-005  0.232709E-004  0.110000E+002  0.200000E+001  0.100000E+001  0.500000E+000  0.300000E+000  0.200000E+001  0.100000E+001  0.100000E+001  0.100000E+002
  0.341000E+003  0.300000E+002  0.283656E+002 -0.107670E+002 -0.577803E-005 -0.117429E-004  0.130875E-004  0.100207E-004  0.203656E-004  0.226974E-004  0.110000E+002  0.200000E+001  0.100000E+001  0.500000E+000  0.300000E+000  0.200000E+001  0.100000E+001  0.100000E+001  0.100000E+002
  0.341500E+003  0.300000E+002  0.284497E+002 -0.105191E+002 -0.104400E-004  0.735452E-005  0.127704E-004  0.181055E-004 -0.127545E-004  0.221469E-004  0.110000E+002  0.200000E+001  0.100000E+001  0.500000E+000  0.300000E+000  0.200000E+001  0.100000E+001  0.100000E+001  0.100000E+002
  0.342000E+003  0.300000E+002  0.285317E+002 -0.102705E+002  0.883103E-005  0.879856E-005  0.124660E-004 -0.153148E-004 -0.152584E-004  0.216185E-004  0.110000E+002  0.200000E+001  0.100000E+001  0.500000E+000  0.300000E+000  0.200000E+001  0.100000E+001  0.100000E+001  0.100000E+002
  0.342500E+003  0.300000E+002  0.286115E+002 -0.100212E+002  0.680427E-005 -0.100950E-004  0.121741E-004 -0.117997E-004  0.175064E-004  0.211117E-004  0.110000E+002  0.200000E+001  0.100000E+001  0.500000E+000  0.300000E+000  0.200000E+001  0.100000E+001  0.100000E+001  0.100000E+002
  0.343000E+003  0.300000E+002  0.286891E+002 -0.977115E+001 -0.110198E-004 -0.447550E-005  0.118940E-004  0.191096E-004  0.776104E-005  0.206255E-004  0.110000E+002  0.200000E+001  0.100000E+001  0.500000E+000  0.300000E+000  0.200000E+001  0.100000E+001  0.100000E+001  0.100000E+002
  0.343500E+003  0.300000E+002  0.287646E+002 -0.952046E+001 -0.187273E-005  0.114729E-004  0.116248E-004  0.324747E-005 -0.198950E-004  0.201583E-004  0.110000E+002  0.200000E+001  0.100000E+001  0.500000E+000  0.300000E+000  0.200000E+001  0.100000E+001  0.100000E+001  0.100000E+002
  0.344000E+003  0.300000E+002  0.288379E+002 -0.926912E+001  0.113309E-004 -0.893821E-006  0.113661E-004 -0.196483E-004  0.154992E-005  0.197093E-004  0.110000E+002  0.200000E+001  0.100000E+001  0.500000E+000  0.300000E+000  0.200000E+001  0.100000E+001  0.100000E+001  0.100000E+002
  0.344500E+003  0.300000E+002  0.289089E+002 -0.901715E+001 -0.366199E-005 -0.104972E-004  0.111176E-004  0.634992E-005  0.182022E-004  0.192780E-004  0.110000E+002  0.200000E+001  0.100000E+001  0.500000E+000  0.300000E+000  0.200000E+001  0.100000E+001  0.100000E+001  0.100000E+002
  0.345000E+003  0.300000E+002  0.289778E+002 -0.876457E+001 -0.892403E-005  0.622203E-005  0.108790E-004  0.154740E-004 -0.107888E-004  0.188638E-004  0.110000E+002  0.200000E+001  0.100000E+001  0.500000E+000  0.300000E+000  0.200000E+001  0.100000E+001  0.100000E+001  0.100000E+002
  0.345500E+003  0.300000E+002  0.290444E+002 -0.851140E+001  0.832941E-005  0.663435E-005  0.106486E-004 -0.144427E-004 -0.115036E-004  0.184641E-004  0.110000E+002  0.200000E+001  0.100000E+001  0.500000E+000  0.300000E+000  0.200000E+001  0.100000E+001  0.100000E+001  0.100000E+002
  0.346000E+003  0.300000E+002  0.291089E+002 -0.825766E+001  0.374426E-005 -0.973214E-005  0.104276E-004 -0.649220E-005  0.168746E-004  0.180804E-004  0.110000E+002  0.200000E+001  0.100000E+001  0.500000E+000  0.300000E+000  0.200000E+001  0.100000E+001  0.100000E+001  0.100000E+002
  0.346500E+003  0.300000E+002  0.291711E+002 -0.800336E+001 -0.102040E-004 -0.470734E-006  0.102148E-004  0.176924E-004  0.816195E-006  0.177113E-004  0.110000E+002  0.200000E+001  0.100000E+001  0.500000E+000  0.300000E+000  0.200000E+001  0.100000E+001  0.100000E+001  0.100000E+002
  0.347000E+003  0.300000E+002  0.292311E+002 -0.774853E+001  0.286975E-005  0.958940E-005  0.100096E-004 -0.497572E-005 -0.166266E-004  0.173551E-004  0.110000E+002  0.200000E+001  0.100000E+001  0.500000E+000  0.300000E+000  0.200000E+001  0.100000E+001  0.100000E+001  0.100000E+002
  0.347500E+003  0.300000E+002  0.292889E+002 -0.749319E+001  0.785143E-005 -0.588514E-005  0.981222E-005 -0.136130E-004  0.102038E-004  0.170126E-004  0.110000E+002  0.200000E+001  0.100000E+001  0.500000E+000  0.300000E+000  0.200000E+001  0.100000E+001  0.100000E+001  0.100000E+002
  0.348000E+003  0.300000E+002  0.293444E+002 -0.723735E+001 -0.815363E-005 -0.510873E-005  0.962189E-005  0.141367E-004  0.885747E-005  0.166824E-004  0.110000E+002  0.200000E+001  0.100000E+001  0.500000E+000  0.300000E+000  0.200000E+001  0.100000E+001  0.100000E+001  0.100000E+002
  0.348500E+003  0.300000E+002  0.293977E+002 -0.698104E+001 -0.165813E-005  0.929159E-005  0.943838E-005  0.287481E-005 -0.161094E-004  0.163639E-004  0.110000E+002  0.200000E+001  0.100000E+001  0.500000E+000  0.300000E+000  0.200000E+001  0.100000E+001  0.100000E+001  0.100000E+002
  0.349000E+003  0.300000E+002  0.294488E+002 -0.672427E+001  0.903491E-005 -0.203601E-005  0.926147E-005 -0.156642E-004  0.352991E-005  0.160570E-004  0.110000E+002  0.200000E+001  0.100000E+001  0.500000E+000  0.300000E+000  0.200000E+001  0.100000E+001  0.100000E+001  0.100000E+002
  0.349500E+003  0.300000E+002  0.294976E+002 -0.646707E+001 -0.539155E-005 -0.731966E-005  0.909100E-005  0.934740E-005  0.126902E-004  0.157612E-004  0.110000E+002  0.200000E+001  0.100000E+001  0.500000E+000  0.300000E+000  0.200000E+001  0.100000E+001  0.100000E+001  0.100000E+002
  0.350000E+003  0.300000E+002  0.295442E+002 -0.620945E+001 -0.434148E-005  0.779986E-005  0.892672E-005  0.752678E-005 -0.135225E-004  0.154762E-004  0.110000E+002  0.200000E+001  0.100000E+001  0.500000E+000  0.300000E+000  0.200000E+001  0.100000E+001  0.100000E+001  0.100000E+002
  0.350500E+003  0.300000E+002  0.295886E+002 -0.595143E+001  0.874929E-005  0.571293E-006  0.876792E-005 -0.151683E-004 -0.990431E-006  0.152006E-004  0.110000E+002  0.200000E+001  0.100000E+001  0.500000E+000  0.300000E+000  0.200000E+001  0.100000E+001  0.100000E+001  0.100000E+002
  0.351000E+003  0.300000E+002  0.296307E+002 -0.569303E+001 -0.329114E-005 -0.796097E-005  0.861444E-005  0.570566E-005  0.138015E-004  0.149344E-004  0.110000E+002  0.200000E+001  0.100000E+001  0.500000E+000  0.300000E+000  0.200000E+001  0.100000E+001  0.100000E+001  0.100000E+002
  0.351500E+003  0.300000E+002  0.296705E+002 -0.543428E+001 -0.550093E-005  0.643622E-005  0.846671E-005  0.953653E-005 -0.111580E-004  0.146781E-004  0.110000E+002  0.200000E+001  0.100000E+001  0.500000E+000  0.300000E+000  0.200000E+001  0.100000E+001  0.100000E+001  0.100000E+002
  0.352000E+003  0.300000E+002  0.297080E+002 -0.517519E+001  0.812074E-005  0.182809E-005  0.832396E-005 -0.140781E-004 -0.316918E-005  0.144304E-004  0.110000E+002  0.200000E+001  0.100000E+001  0.500000E+000  0.300000E+000  0.200000E+001  0.100000E+001  0.100000E+001  0.100000E+002
  0.352500E+003  0.300000E+002  0.297433E+002 -0.491579E+001 -0.224976E-005 -0.787087E-005  0.818609E-005  0.390014E-005  0.136448E-004  0.141912E-004  0.110000E+002  0.200000E+001  0.100000E+001  0.500000E+000  0.300000E+000  0.200000E+001  0.100000E+001  0.100000E+001  0.100000E+002
  0.353000E+003  0.300000E+002  0.297764E+002 -0.465608E+001 -0.565540E-005  0.573213E-005  0.805238E-005  0.980396E-005 -0.993698E-005  0.139593E-004  0.110000E+002  0.200000E+001  0.100000E+001  0.500000E+000  0.300000E+000  0.200000E+001  0.100000E+001  0.100000E+001  0.100000E+002
  0.353500E+003  0.300000E+002  0.298072E+002 -0.439610E+001  0.767515E-005  0.196960E-005  0.792384E-005 -0.133052E-004 -0.341437E-005  0.137363E-004  0.110000E+002  0.200000E+001  0.100000E+001  0.500000E+000  0.300000E+000  0.200000E+001  0.100000E+001  0.100000E+001  0.100000E+002
  0.354000E+003  0.300000E+002  0.298357E+002 -0.413585E+001 -0.222898E-005 -0.747391E-005  0.779921E-005  0.386398E-005  0.129562E-004  0.135201E-004  0.110000E+002  0.200000E+001  0.100000E+001  0.500000E+000  0.300000E+000  0.200000E+001  0.100000E+001  0.100000E+001  0.100000E+002
  0.354500E+003  0.300000E+002  0.298619E+002 -0.387537E+001 -0.510087E-005  0.574002E-005  0.767898E-005  0.884237E-005 -0.995033E-005  0.133115E-004  0.110000E+002  0.200000E+001  0.100000E+001  0.500000E+000  0.300000E+000  0.200000E+001  0.100000E+001  0.100000E+001  0.100000E+002
  0.355000E+003  0.300000E+002  0.298858E+002 -0.361467E+001  0.746784E-005  0.119601E-005  0.756300E-005 -0.129454E-004 -0.207326E-005  0.131103E-004  0.110000E+002  0.200000E+001  0.100000E+001  0.500000E+000  0.300000E+000  0.200000E+001  0.100000E+001  0.100000E+001  0.100000E+002
  0.355500E+003  0.300000E+002  0.299075E+002 -0.335377E+001 -0.305136E-005 -0.679650E-005  0.745005E-005  0.528943E-005  0.117815E-004  0.129144E-004  0.110000E+002  0.200000E+001  0.100000E+001  0.500000E+000  0.300000E+000  0.200000E+001  0.100000E+001  0.100000E+001  0.100000E+002
  0.356000E+003  0.300000E+002  0.299269E+002 -0.309269E+001 -0.386920E-005  0.623939E-005  0.734171E-005  0.670706E-005 -0.108157E-004  0.127265E-004  0.110000E+002  0.200000E+001  0.100000E+001  0.500000E+000  0.300000E+000  0.200000E+001  0.100000E+001  0.100000E+001  0.100000E+002
  0.356500E+003  0.300000E+002  0.299440E+002 -0.283146E+001  0.722667E-005 -0.371770E-006  0.723623E-005 -0.125270E-004  0.644439E-006  0.125435E-004  0.110000E+002  0.200000E+001  0.100000E+001  0.500000E+000  0.300000E+000  0.200000E+001  0.100000E+001  0.100000E+001  0.100000E+002
