 % the field is pps
% Dinn5 settings , t1, t2, t3, t4, tm, tp, eps, step, IntLimit
%   0.250000E+001  0.250000E+001  0.250000E+001  0.280000E+002  0.200000E-001  0.000000E+000  0.100000E-005  0.100000E-001  0.100000E+006
% 1)psi, 2) R, 3) x, 4) z, 5) re(u), 6) im(u), 7) abs(u), 8) re(w), 9) im(w), 10) abs(w), 11) fieldCode, 12) cp(1), 13) cp(2), 14) cs(1), 15) cs(2), 16) rho(1), 17) rho(2), 18) h, 19) w
  0.183000E+003  0.300000E+002 -0.299589E+002 -0.257008E+001 -0.720977E-005 -0.934260E-003  0.934288E-003 -0.578986E-004 -0.509114E-004  0.770988E-004  0.120000E+002  0.200000E+001  0.100000E+001  0.500000E+000  0.300000E+000  0.200000E+001  0.100000E+001  0.100000E+001  0.100000E+002
  0.183500E+003  0.300000E+002 -0.299440E+002 -0.283146E+001  0.341078E-005 -0.107954E-002  0.107955E-002 -0.542391E-004 -0.718297E-004  0.900077E-004  0.120000E+002  0.200000E+001  0.100000E+001  0.500000E+000  0.300000E+000  0.200000E+001  0.100000E+001  0.100000E+001  0.100000E+002
  0.184000E+003  0.300000E+002 -0.299269E+002 -0.309269E+001  0.169871E-004 -0.121976E-002  0.121988E-002 -0.523743E-004 -0.894283E-004  0.103636E-003  0.120000E+002  0.200000E+001  0.100000E+001  0.500000E+000  0.300000E+000  0.200000E+001  0.100000E+001  0.100000E+001  0.100000E+002
  0.184500E+003  0.300000E+002 -0.299075E+002 -0.335377E+001  0.332090E-004 -0.136114E-002  0.136155E-002 -0.533407E-004 -0.114746E-003  0.126538E-003  0.120000E+002  0.200000E+001  0.100000E+001  0.500000E+000  0.300000E+000  0.200000E+001  0.100000E+001  0.100000E+001  0.100000E+002
  0.185000E+003  0.300000E+002 -0.298858E+002 -0.361467E+001  0.579680E-004 -0.150032E-002  0.150144E-002 -0.471679E-004 -0.142436E-003  0.150043E-003  0.120000E+002  0.200000E+001  0.100000E+001  0.500000E+000  0.300000E+000  0.200000E+001  0.100000E+001  0.100000E+001  0.100000E+002
  0.185500E+003  0.300000E+002 -0.298619E+002 -0.387537E+001  0.858050E-004 -0.163410E-002  0.163635E-002 -0.435128E-004 -0.167177E-003  0.172747E-003  0.120000E+002  0.200000E+001  0.100000E+001  0.500000E+000  0.300000E+000  0.200000E+001  0.100000E+001  0.100000E+001  0.100000E+002
  0.186000E+003  0.300000E+002 -0.298357E+002 -0.413585E+001  0.117580E-003 -0.176862E-002  0.177252E-002 -0.412811E-004 -0.199958E-003  0.204175E-003  0.120000E+002  0.200000E+001  0.100000E+001  0.500000E+000  0.300000E+000  0.200000E+001  0.100000E+001  0.100000E+001  0.100000E+002
  0.186500E+003  0.300000E+002 -0.298072E+002 -0.439610E+001  0.158577E-003 -0.189965E-002  0.190626E-002 -0.314167E-004 -0.234020E-003  0.236120E-003  0.120000E+002  0.200000E+001  0.100000E+001  0.500000E+000  0.300000E+000  0.200000E+001  0.100000E+001  0.100000E+001  0.100000E+002
  0.187000E+003  0.300000E+002 -0.297764E+002 -0.465608E+001  0.203019E-003 -0.202462E-002  0.203478E-002 -0.240254E-004 -0.265141E-003  0.266227E-003  0.120000E+002  0.200000E+001  0.100000E+001  0.500000E+000  0.300000E+000  0.200000E+001  0.100000E+001  0.100000E+001  0.100000E+002
  0.187500E+003  0.300000E+002 -0.297433E+002 -0.491579E+001  0.252143E-003 -0.214949E-002  0.216423E-002 -0.172255E-004 -0.304123E-003  0.304610E-003  0.120000E+002  0.200000E+001  0.100000E+001  0.500000E+000  0.300000E+000  0.200000E+001  0.100000E+001  0.100000E+001  0.100000E+002
  0.188000E+003  0.300000E+002 -0.297080E+002 -0.517519E+001  0.311016E-003 -0.226986E-002  0.229107E-002 -0.219771E-005 -0.343938E-003  0.343945E-003  0.120000E+002  0.200000E+001  0.100000E+001  0.500000E+000  0.300000E+000  0.200000E+001  0.100000E+001  0.100000E+001  0.100000E+002
  0.188500E+003  0.300000E+002 -0.296705E+002 -0.543428E+001  0.373840E-003 -0.238303E-002  0.241217E-002  0.110693E-004 -0.380231E-003  0.380392E-003  0.120000E+002  0.200000E+001  0.100000E+001  0.500000E+000  0.300000E+000  0.200000E+001  0.100000E+001  0.100000E+001  0.100000E+002
  0.189000E+003  0.300000E+002 -0.296307E+002 -0.569303E+001  0.441432E-003 -0.249490E-002  0.253365E-002  0.238798E-004 -0.423759E-003  0.424431E-003  0.120000E+002  0.200000E+001  0.100000E+001  0.500000E+000  0.300000E+000  0.200000E+001  0.100000E+001  0.100000E+001  0.100000E+002
  0.189500E+003  0.300000E+002 -0.295886E+002 -0.595143E+001  0.519087E-003 -0.260151E-002  0.265280E-002  0.456018E-004 -0.468327E-003  0.470542E-003  0.120000E+002  0.200000E+001  0.100000E+001  0.500000E+000  0.300000E+000  0.200000E+001  0.100000E+001  0.100000E+001  0.100000E+002
  0.190000E+003  0.300000E+002 -0.295442E+002 -0.620945E+001  0.601317E-003 -0.269936E-002  0.276552E-002  0.669793E-004 -0.508215E-003  0.512609E-003  0.120000E+002  0.200000E+001  0.100000E+001  0.500000E+000  0.300000E+000  0.200000E+001  0.100000E+001  0.100000E+001  0.100000E+002
  0.190500E+003  0.300000E+002 -0.294976E+002 -0.646707E+001  0.687695E-003 -0.279426E-002  0.287764E-002  0.873393E-004 -0.554059E-003  0.560900E-003  0.120000E+002  0.200000E+001  0.100000E+001  0.500000E+000  0.300000E+000  0.200000E+001  0.100000E+001  0.100000E+001  0.100000E+002
  0.191000E+003  0.300000E+002 -0.294488E+002 -0.672427E+001  0.784000E-003 -0.288349E-002  0.298817E-002  0.117047E-003 -0.601815E-003  0.613092E-003  0.120000E+002  0.200000E+001  0.100000E+001  0.500000E+000  0.300000E+000  0.200000E+001  0.100000E+001  0.100000E+001  0.100000E+002
  0.191500E+003  0.300000E+002 -0.293977E+002 -0.698104E+001  0.885666E-003 -0.296217E-002  0.309174E-002  0.148677E-003 -0.643474E-003  0.660427E-003  0.120000E+002  0.200000E+001  0.100000E+001  0.500000E+000  0.300000E+000  0.200000E+001  0.100000E+001  0.100000E+001  0.100000E+002
  0.192000E+003  0.300000E+002 -0.293444E+002 -0.723735E+001  0.990249E-003 -0.303563E-002  0.319306E-002  0.178275E-003 -0.688731E-003  0.711430E-003  0.120000E+002  0.200000E+001  0.100000E+001  0.500000E+000  0.300000E+000  0.200000E+001  0.100000E+001  0.100000E+001  0.100000E+002
  0.192500E+003  0.300000E+002 -0.292889E+002 -0.749319E+001  0.110375E-002 -0.310327E-002  0.329372E-002  0.216738E-003 -0.737268E-003  0.768466E-003  0.120000E+002  0.200000E+001  0.100000E+001  0.500000E+000  0.300000E+000  0.200000E+001  0.100000E+001  0.100000E+001  0.100000E+002
  0.193000E+003  0.300000E+002 -0.292311E+002 -0.774853E+001  0.122353E-002 -0.315890E-002  0.338758E-002  0.260257E-003 -0.778767E-003  0.821104E-003  0.120000E+002  0.200000E+001  0.100000E+001  0.500000E+000  0.300000E+000  0.200000E+001  0.100000E+001  0.100000E+001  0.100000E+002
  0.193500E+003  0.300000E+002 -0.291711E+002 -0.800336E+001  0.134478E-002 -0.320622E-002  0.347682E-002  0.300992E-003 -0.820027E-003  0.873522E-003  0.120000E+002  0.200000E+001  0.100000E+001  0.500000E+000  0.300000E+000  0.200000E+001  0.100000E+001  0.100000E+001  0.100000E+002
  0.194000E+003  0.300000E+002 -0.291089E+002 -0.825766E+001  0.147255E-002 -0.324758E-002  0.356583E-002  0.348383E-003 -0.865705E-003  0.933175E-003  0.120000E+002  0.200000E+001  0.100000E+001  0.500000E+000  0.300000E+000  0.200000E+001  0.100000E+001  0.100000E+001  0.100000E+002
  0.194500E+003  0.300000E+002 -0.290444E+002 -0.851140E+001  0.160732E-002 -0.327646E-002  0.364947E-002  0.404204E-003 -0.904958E-003  0.991126E-003  0.120000E+002  0.200000E+001  0.100000E+001  0.500000E+000  0.300000E+000  0.200000E+001  0.100000E+001  0.100000E+001  0.100000E+002
  0.195000E+003  0.300000E+002 -0.289778E+002 -0.876457E+001  0.174258E-002 -0.329340E-002  0.372600E-002  0.458027E-003 -0.938929E-003  0.104469E-002  0.120000E+002  0.200000E+001  0.100000E+001  0.500000E+000  0.300000E+000  0.200000E+001  0.100000E+001  0.100000E+001  0.100000E+002
  0.195500E+003  0.300000E+002 -0.289089E+002 -0.901715E+001  0.188047E-002 -0.330342E-002  0.380116E-002  0.514333E-003 -0.976672E-003  0.110382E-002  0.120000E+002  0.200000E+001  0.100000E+001  0.500000E+000  0.300000E+000  0.200000E+001  0.100000E+001  0.100000E+001  0.100000E+002
  0.196000E+003  0.300000E+002 -0.288379E+002 -0.926912E+001  0.202482E-002 -0.330205E-002  0.387343E-002  0.580872E-003 -0.101083E-002  0.116585E-002  0.120000E+002  0.200000E+001  0.100000E+001  0.500000E+000  0.300000E+000  0.200000E+001  0.100000E+001  0.100000E+001  0.100000E+002
  0.196500E+003  0.300000E+002 -0.287646E+002 -0.952046E+001  0.216988E-002 -0.328573E-002  0.393756E-002  0.648854E-003 -0.103526E-002  0.122179E-002  0.120000E+002  0.200000E+001  0.100000E+001  0.500000E+000  0.300000E+000  0.200000E+001  0.100000E+001  0.100000E+001  0.100000E+002
  0.197000E+003  0.300000E+002 -0.286891E+002 -0.977115E+001  0.231307E-002 -0.325980E-002  0.399707E-002  0.714734E-003 -0.105928E-002  0.127786E-002  0.120000E+002  0.200000E+001  0.100000E+001  0.500000E+000  0.300000E+000  0.200000E+001  0.100000E+001  0.100000E+001  0.100000E+002
  0.197500E+003  0.300000E+002 -0.286115E+002 -0.100212E+002  0.245950E-002 -0.322453E-002  0.405546E-002  0.788529E-003 -0.108350E-002  0.134005E-002  0.120000E+002  0.200000E+001  0.100000E+001  0.500000E+000  0.300000E+000  0.200000E+001  0.100000E+001  0.100000E+001  0.100000E+002
  0.198000E+003  0.300000E+002 -0.285317E+002 -0.102705E+002  0.260758E-002 -0.317387E-002  0.410766E-002  0.868851E-003 -0.109733E-002  0.139966E-002  0.120000E+002  0.200000E+001  0.100000E+001  0.500000E+000  0.300000E+000  0.200000E+001  0.100000E+001  0.100000E+001  0.100000E+002
  0.198500E+003  0.300000E+002 -0.284497E+002 -0.105191E+002  0.275088E-002 -0.310957E-002  0.415172E-002  0.945732E-003 -0.110346E-002  0.145328E-002  0.120000E+002  0.200000E+001  0.100000E+001  0.500000E+000  0.300000E+000  0.200000E+001  0.100000E+001  0.100000E+001  0.100000E+002
  0.199000E+003  0.300000E+002 -0.283656E+002 -0.107670E+002  0.289131E-002 -0.303665E-002  0.419296E-002  0.102357E-002 -0.111036E-002  0.151017E-002  0.120000E+002  0.200000E+001  0.100000E+001  0.500000E+000  0.300000E+000  0.200000E+001  0.100000E+001  0.100000E+001  0.100000E+002
  0.199500E+003  0.300000E+002 -0.282792E+002 -0.110142E+002  0.303244E-002 -0.295155E-002  0.423171E-002  0.110991E-002 -0.111156E-002  0.157082E-002  0.120000E+002  0.200000E+001  0.100000E+001  0.500000E+000  0.300000E+000  0.200000E+001  0.100000E+001  0.100000E+001  0.100000E+002
  0.200000E+003  0.300000E+002 -0.281908E+002 -0.112606E+002  0.316908E-002 -0.285045E-002  0.426241E-002  0.119717E-002 -0.109979E-002  0.162565E-002  0.120000E+002  0.200000E+001  0.100000E+001  0.500000E+000  0.300000E+000  0.200000E+001  0.100000E+001  0.100000E+001  0.100000E+002
  0.200500E+003  0.300000E+002 -0.281002E+002 -0.115062E+002  0.329693E-002 -0.273817E-002  0.428571E-002  0.127893E-002 -0.108265E-002  0.167565E-002  0.120000E+002  0.200000E+001  0.100000E+001  0.500000E+000  0.300000E+000  0.200000E+001  0.100000E+001  0.100000E+001  0.100000E+002
  0.201000E+003  0.300000E+002 -0.280074E+002 -0.117510E+002  0.341990E-002 -0.261778E-002  0.430680E-002  0.136312E-002 -0.106480E-002  0.172971E-002  0.120000E+002  0.200000E+001  0.100000E+001  0.500000E+000  0.300000E+000  0.200000E+001  0.100000E+001  0.100000E+001  0.100000E+002
  0.201500E+003  0.300000E+002 -0.279125E+002 -0.119950E+002  0.353926E-002 -0.248453E-002  0.432427E-002  0.145324E-002 -0.103719E-002  0.178541E-002  0.120000E+002  0.200000E+001  0.100000E+001  0.500000E+000  0.300000E+000  0.200000E+001  0.100000E+001  0.100000E+001  0.100000E+002
  0.202000E+003  0.300000E+002 -0.278155E+002 -0.122382E+002  0.364877E-002 -0.233707E-002  0.433306E-002  0.153962E-002 -0.996301E-003  0.183386E-002  0.120000E+002  0.200000E+001  0.100000E+001  0.500000E+000  0.300000E+000  0.200000E+001  0.100000E+001  0.100000E+001  0.100000E+002
  0.202500E+003  0.300000E+002 -0.277164E+002 -0.124805E+002  0.374593E-002 -0.218131E-002  0.433475E-002  0.161879E-002 -0.951147E-003  0.187754E-002  0.120000E+002  0.200000E+001  0.100000E+001  0.500000E+000  0.300000E+000  0.200000E+001  0.100000E+001  0.100000E+001  0.100000E+002
  0.203000E+003  0.300000E+002 -0.276151E+002 -0.127219E+002  0.383514E-002 -0.201922E-002  0.433423E-002  0.169924E-002 -0.904100E-003  0.192479E-002  0.120000E+002  0.200000E+001  0.100000E+001  0.500000E+000  0.300000E+000  0.200000E+001  0.100000E+001  0.100000E+001  0.100000E+002
  0.203500E+003  0.300000E+002 -0.275118E+002 -0.129625E+002  0.391667E-002 -0.184631E-002  0.433003E-002  0.178241E-002 -0.846060E-003  0.197302E-002  0.120000E+002  0.200000E+001  0.100000E+001  0.500000E+000  0.300000E+000  0.200000E+001  0.100000E+001  0.100000E+001  0.100000E+002
  0.204000E+003  0.300000E+002 -0.274064E+002 -0.132021E+002  0.398444E-002 -0.166236E-002  0.431732E-002  0.185855E-002 -0.775021E-003  0.201367E-002  0.120000E+002  0.200000E+001  0.100000E+001  0.500000E+000  0.300000E+000  0.200000E+001  0.100000E+001  0.100000E+001  0.100000E+002
  0.204500E+003  0.300000E+002 -0.272988E+002 -0.134408E+002  0.403655E-002 -0.147354E-002  0.429710E-002  0.192470E-002 -0.700106E-003  0.204807E-002  0.120000E+002  0.200000E+001  0.100000E+001  0.500000E+000  0.300000E+000  0.200000E+001  0.100000E+001  0.100000E+001  0.100000E+002
  0.205000E+003  0.300000E+002 -0.271892E+002 -0.136785E+002  0.407743E-002 -0.128224E-002  0.427429E-002  0.198892E-002 -0.624053E-003  0.208452E-002  0.120000E+002  0.200000E+001  0.100000E+001  0.500000E+000  0.300000E+000  0.200000E+001  0.100000E+001  0.100000E+001  0.100000E+002
  0.205500E+003  0.300000E+002 -0.270776E+002 -0.139153E+002  0.410806E-002 -0.108465E-002  0.424884E-002  0.205337E-002 -0.538669E-003  0.212285E-002  0.120000E+002  0.200000E+001  0.100000E+001  0.500000E+000  0.300000E+000  0.200000E+001  0.100000E+001  0.100000E+001  0.100000E+002
  0.206000E+003  0.300000E+002 -0.269638E+002 -0.141511E+002  0.412321E-002 -0.880088E-003  0.421609E-002  0.210915E-002 -0.440964E-003  0.215475E-002  0.120000E+002  0.200000E+001  0.100000E+001  0.500000E+000  0.300000E+000  0.200000E+001  0.100000E+001  0.100000E+001  0.100000E+002
  0.206500E+003  0.300000E+002 -0.268480E+002 -0.143859E+002  0.412028E-002 -0.674391E-003  0.417511E-002  0.215151E-002 -0.339258E-003  0.217810E-002  0.120000E+002  0.200000E+001  0.100000E+001  0.500000E+000  0.300000E+000  0.200000E+001  0.100000E+001  0.100000E+001  0.100000E+002
  0.207000E+003  0.300000E+002 -0.267302E+002 -0.146197E+002  0.410329E-002 -0.471564E-003  0.413030E-002  0.218711E-002 -0.238979E-003  0.220013E-002  0.120000E+002  0.200000E+001  0.100000E+001  0.500000E+000  0.300000E+000  0.200000E+001  0.100000E+001  0.100000E+001  0.100000E+002
  0.207500E+003  0.300000E+002 -0.266103E+002 -0.148525E+002  0.407532E-002 -0.269123E-003  0.408420E-002  0.222102E-002 -0.134292E-003  0.222508E-002  0.120000E+002  0.200000E+001  0.100000E+001  0.500000E+000  0.300000E+000  0.200000E+001  0.100000E+001  0.100000E+001  0.100000E+002
  0.208000E+003  0.300000E+002 -0.264884E+002 -0.150841E+002  0.403315E-002 -0.647716E-004  0.403367E-002  0.224723E-002 -0.194945E-004  0.224732E-002  0.120000E+002  0.200000E+001  0.100000E+001  0.500000E+000  0.300000E+000  0.200000E+001  0.100000E+001  0.100000E+001  0.100000E+002
  0.208500E+003  0.300000E+002 -0.263645E+002 -0.153148E+002  0.397289E-002  0.137537E-003  0.397527E-002  0.225817E-002  0.100260E-003  0.226039E-002  0.120000E+002  0.200000E+001  0.100000E+001  0.500000E+000  0.300000E+000  0.200000E+001  0.100000E+001  0.100000E+001  0.100000E+002
  0.209000E+003  0.300000E+002 -0.262386E+002 -0.155443E+002  0.389664E-002  0.332053E-003  0.391077E-002  0.225644E-002  0.216401E-003  0.226679E-002  0.120000E+002  0.200000E+001  0.100000E+001  0.500000E+000  0.300000E+000  0.200000E+001  0.100000E+001  0.100000E+001  0.100000E+002
  0.209500E+003  0.300000E+002 -0.261107E+002 -0.157727E+002  0.380952E-002  0.518344E-003  0.384462E-002  0.224986E-002  0.329349E-003  0.227384E-002  0.120000E+002  0.200000E+001  0.100000E+001  0.500000E+000  0.300000E+000  0.200000E+001  0.100000E+001  0.100000E+001  0.100000E+002
  0.210000E+003  0.300000E+002 -0.259808E+002 -0.160000E+002  0.371227E-002  0.699805E-003  0.377765E-002  0.223879E-002  0.446208E-003  0.228282E-002  0.120000E+002  0.200000E+001  0.100000E+001  0.500000E+000  0.300000E+000  0.200000E+001  0.100000E+001  0.100000E+001  0.100000E+002
  0.210500E+003  0.300000E+002 -0.258489E+002 -0.162262E+002  0.360121E-002  0.876521E-003  0.370635E-002  0.221561E-002  0.568403E-003  0.228736E-002  0.120000E+002  0.200000E+001  0.100000E+001  0.500000E+000  0.300000E+000  0.200000E+001  0.100000E+001  0.100000E+001  0.100000E+002
  0.211000E+003  0.300000E+002 -0.257150E+002 -0.164511E+002  0.347488E-002  0.104354E-002  0.362819E-002  0.217621E-002  0.688405E-003  0.228250E-002  0.120000E+002  0.200000E+001  0.100000E+001  0.500000E+000  0.300000E+000  0.200000E+001  0.100000E+001  0.100000E+001  0.100000E+002
  0.211500E+003  0.300000E+002 -0.255792E+002 -0.166750E+002  0.333721E-002  0.119662E-002  0.354526E-002  0.212584E-002  0.799525E-003  0.227122E-002  0.120000E+002  0.200000E+001  0.100000E+001  0.500000E+000  0.300000E+000  0.200000E+001  0.100000E+001  0.100000E+001  0.100000E+002
  0.212000E+003  0.300000E+002 -0.254414E+002 -0.168976E+002  0.319317E-002  0.133674E-002  0.346168E-002  0.207164E-002  0.903935E-003  0.226027E-002  0.120000E+002  0.200000E+001  0.100000E+001  0.500000E+000  0.300000E+000  0.200000E+001  0.100000E+001  0.100000E+001  0.100000E+002
  0.212500E+003  0.300000E+002 -0.253017E+002 -0.171190E+002  0.304335E-002  0.146738E-002  0.337863E-002  0.201322E-002  0.100811E-002  0.225152E-002  0.120000E+002  0.200000E+001  0.100000E+001  0.500000E+000  0.300000E+000  0.200000E+001  0.100000E+001  0.100000E+001  0.100000E+002
  0.213000E+003  0.300000E+002 -0.251601E+002 -0.173392E+002  0.288481E-002  0.158877E-002  0.329337E-002  0.194396E-002  0.111294E-002  0.224000E-002  0.120000E+002  0.200000E+001  0.100000E+001  0.500000E+000  0.300000E+000  0.200000E+001  0.100000E+001  0.100000E+001  0.100000E+002
  0.213500E+003  0.300000E+002 -0.250166E+002 -0.175581E+002  0.271656E-002  0.169693E-002  0.320301E-002  0.186037E-002  0.121170E-002  0.222018E-002  0.120000E+002  0.200000E+001  0.100000E+001  0.500000E+000  0.300000E+000  0.200000E+001  0.100000E+001  0.100000E+001  0.100000E+002
  0.214000E+003  0.300000E+002 -0.248711E+002 -0.177758E+002  0.254220E-002  0.178816E-002  0.310810E-002  0.176696E-002  0.129783E-002  0.219238E-002  0.120000E+002  0.200000E+001  0.100000E+001  0.500000E+000  0.300000E+000  0.200000E+001  0.100000E+001  0.100000E+001  0.100000E+002
  0.214500E+003  0.300000E+002 -0.247238E+002 -0.179922E+002  0.236693E-002  0.186305E-002  0.301219E-002  0.167123E-002  0.137192E-002  0.216221E-002  0.120000E+002  0.200000E+001  0.100000E+001  0.500000E+000  0.300000E+000  0.200000E+001  0.100000E+001  0.100000E+001  0.100000E+002
  0.215000E+003  0.300000E+002 -0.245746E+002 -0.182073E+002  0.219287E-002  0.192530E-002  0.291812E-002  0.157553E-002  0.143994E-002  0.213441E-002  0.120000E+002  0.200000E+001  0.100000E+001  0.500000E+000  0.300000E+000  0.200000E+001  0.100000E+001  0.100000E+001  0.100000E+002
  0.215500E+003  0.300000E+002 -0.244235E+002 -0.184211E+002  0.201828E-002  0.197727E-002  0.282542E-002  0.147558E-002  0.150556E-002  0.210809E-002  0.120000E+002  0.200000E+001  0.100000E+001  0.500000E+000  0.300000E+000  0.200000E+001  0.100000E+001  0.100000E+001  0.100000E+002
  0.216000E+003  0.300000E+002 -0.242705E+002 -0.186336E+002  0.184107E-002  0.201748E-002  0.273126E-002  0.136636E-002  0.156572E-002  0.207808E-002  0.120000E+002  0.200000E+001  0.100000E+001  0.500000E+000  0.300000E+000  0.200000E+001  0.100000E+001  0.100000E+001  0.100000E+002
  0.216500E+003  0.300000E+002 -0.241157E+002 -0.188447E+002  0.166236E-002  0.204259E-002  0.263355E-002  0.124841E-002  0.161380E-002  0.204031E-002  0.120000E+002  0.200000E+001  0.100000E+001  0.500000E+000  0.300000E+000  0.200000E+001  0.100000E+001  0.100000E+001  0.100000E+002
  0.217000E+003  0.300000E+002 -0.239591E+002 -0.190545E+002  0.148639E-002  0.205118E-002  0.253312E-002  0.112787E-002  0.164630E-002  0.199560E-002  0.120000E+002  0.200000E+001  0.100000E+001  0.500000E+000  0.300000E+000  0.200000E+001  0.100000E+001  0.100000E+001  0.100000E+002
  0.217500E+003  0.300000E+002 -0.238006E+002 -0.192628E+002  0.131728E-002  0.204549E-002  0.243296E-002  0.101106E-002  0.166591E-002  0.194872E-002  0.120000E+002  0.200000E+001  0.100000E+001  0.500000E+000  0.300000E+000  0.200000E+001  0.100000E+001  0.100000E+001  0.100000E+002
  0.218000E+003  0.300000E+002 -0.236403E+002 -0.194698E+002  0.115620E-002  0.202955E-002  0.233578E-002  0.899296E-003  0.167852E-002  0.190425E-002  0.120000E+002  0.200000E+001  0.100000E+001  0.500000E+000  0.300000E+000  0.200000E+001  0.100000E+001  0.100000E+001  0.100000E+002
  0.218500E+003  0.300000E+002 -0.234782E+002 -0.196754E+002  0.100134E-002  0.200595E-002  0.224199E-002  0.788891E-003  0.168764E-002  0.186292E-002  0.120000E+002  0.200000E+001  0.100000E+001  0.500000E+000  0.300000E+000  0.200000E+001  0.100000E+001  0.100000E+001  0.100000E+002
  0.219000E+003  0.300000E+002 -0.233144E+002 -0.198796E+002  0.850529E-003  0.197431E-002  0.214972E-002  0.675468E-003  0.169160E-002  0.182147E-002  0.120000E+002  0.200000E+001  0.100000E+001  0.500000E+000  0.300000E+000  0.200000E+001  0.100000E+001  0.100000E+001  0.100000E+002
  0.219500E+003  0.300000E+002 -0.231487E+002 -0.200823E+002  0.703762E-003  0.193243E-002  0.205660E-002  0.558440E-003  0.168544E-002  0.177554E-002  0.120000E+002  0.200000E+001  0.100000E+001  0.500000E+000  0.300000E+000  0.200000E+001  0.100000E+001  0.100000E+001  0.100000E+002
  0.220000E+003  0.300000E+002 -0.229813E+002 -0.202836E+002  0.563639E-003  0.187890E-002  0.196162E-002  0.441902E-003  0.166540E-002  0.172303E-002  0.120000E+002  0.200000E+001  0.100000E+001  0.500000E+000  0.300000E+000  0.200000E+001  0.100000E+001  0.100000E+001  0.100000E+002
  0.220500E+003  0.300000E+002 -0.228122E+002 -0.204834E+002  0.433632E-003  0.181481E-002  0.186590E-002  0.331743E-003  0.163203E-002  0.166540E-002  0.120000E+002  0.200000E+001  0.100000E+001  0.500000E+000  0.300000E+000  0.200000E+001  0.100000E+001  0.100000E+001  0.100000E+002
  0.221000E+003  0.300000E+002 -0.226413E+002 -0.206818E+002  0.315814E-003  0.174347E-002  0.177185E-002  0.231685E-003  0.158980E-002  0.160660E-002  0.120000E+002  0.200000E+001  0.100000E+001  0.500000E+000  0.300000E+000  0.200000E+001  0.100000E+001  0.100000E+001  0.100000E+002
  0.221500E+003  0.300000E+002 -0.224687E+002 -0.208786E+002  0.209768E-003  0.166857E-002  0.168171E-002  0.141290E-003  0.154404E-002  0.155049E-002  0.120000E+002  0.200000E+001  0.100000E+001  0.500000E+000  0.300000E+000  0.200000E+001  0.100000E+001  0.100000E+001  0.100000E+002
  0.222000E+003  0.300000E+002 -0.222943E+002 -0.210739E+002  0.113251E-003  0.159228E-002  0.159631E-002  0.569722E-004  0.149760E-002  0.149868E-002  0.120000E+002  0.200000E+001  0.100000E+001  0.500000E+000  0.300000E+000  0.200000E+001  0.100000E+001  0.100000E+001  0.100000E+002
  0.222500E+003  0.300000E+002 -0.221183E+002 -0.212677E+002  0.238977E-004  0.151462E-002  0.151481E-002 -0.251021E-004  0.144968E-002  0.144990E-002  0.120000E+002  0.200000E+001  0.100000E+001  0.500000E+000  0.300000E+000  0.200000E+001  0.100000E+001  0.100000E+001  0.100000E+002
  0.223000E+003  0.300000E+002 -0.219406E+002 -0.214600E+002 -0.592744E-004  0.143417E-002  0.143539E-002 -0.106386E-003  0.139700E-002  0.140104E-002  0.120000E+002  0.200000E+001  0.100000E+001  0.500000E+000  0.300000E+000  0.200000E+001  0.100000E+001  0.100000E+001  0.100000E+002
  0.223500E+003  0.300000E+002 -0.217612E+002 -0.216506E+002 -0.135426E-003  0.134957E-002  0.135635E-002 -0.185104E-003  0.133630E-002  0.134906E-002  0.120000E+002  0.200000E+001  0.100000E+001  0.500000E+000  0.300000E+000  0.200000E+001  0.100000E+001  0.100000E+001  0.100000E+002
  0.224000E+003  0.300000E+002 -0.215802E+002 -0.218398E+002 -0.202588E-003  0.126075E-002  0.127693E-002 -0.257369E-003  0.126657E-002  0.129245E-002  0.120000E+002  0.200000E+001  0.100000E+001  0.500000E+000  0.300000E+000  0.200000E+001  0.100000E+001  0.100000E+001  0.100000E+002
  0.224500E+003  0.300000E+002 -0.213975E+002 -0.220273E+002 -0.258894E-003  0.116928E-002  0.119760E-002 -0.319307E-003  0.118967E-002  0.123177E-002  0.120000E+002  0.200000E+001  0.100000E+001  0.500000E+000  0.300000E+000  0.200000E+001  0.100000E+001  0.100000E+001  0.100000E+002
  0.225000E+003  0.300000E+002 -0.212132E+002 -0.222132E+002 -0.303626E-003  0.107779E-002  0.111974E-002 -0.368897E-003  0.110953E-002  0.116925E-002  0.120000E+002  0.200000E+001  0.100000E+001  0.500000E+000  0.300000E+000  0.200000E+001  0.100000E+001  0.100000E+001  0.100000E+002
  0.225500E+003  0.300000E+002 -0.210273E+002 -0.223975E+002 -0.337590E-003  0.989022E-003  0.104505E-002 -0.406712E-003  0.103043E-002  0.110779E-002  0.120000E+002  0.200000E+001  0.100000E+001  0.500000E+000  0.300000E+000  0.200000E+001  0.100000E+001  0.100000E+001  0.100000E+002
  0.226000E+003  0.300000E+002 -0.208398E+002 -0.225802E+002 -0.362767E-003  0.904856E-003  0.974866E-003 -0.435401E-003  0.955378E-003  0.104991E-002  0.120000E+002  0.200000E+001  0.100000E+001  0.500000E+000  0.300000E+000  0.200000E+001  0.100000E+001  0.100000E+001  0.100000E+002
  0.226500E+003  0.300000E+002 -0.206506E+002 -0.227612E+002 -0.381551E-003  0.825904E-003  0.909779E-003 -0.458421E-003  0.885274E-003  0.996926E-003  0.120000E+002  0.200000E+001  0.100000E+001  0.500000E+000  0.300000E+000  0.200000E+001  0.100000E+001  0.100000E+001  0.100000E+002
  0.227000E+003  0.300000E+002 -0.204600E+002 -0.229406E+002 -0.395955E-003  0.751603E-003  0.849521E-003 -0.478675E-003  0.819058E-003  0.948676E-003  0.120000E+002  0.200000E+001  0.100000E+001  0.500000E+000  0.300000E+000  0.200000E+001  0.100000E+001  0.100000E+001  0.100000E+002
  0.227500E+003  0.300000E+002 -0.202677E+002 -0.231183E+002 -0.407109E-003  0.680724E-003  0.793172E-003 -0.497609E-003  0.754514E-003  0.903829E-003  0.120000E+002  0.200000E+001  0.100000E+001  0.500000E+000  0.300000E+000  0.200000E+001  0.100000E+001  0.100000E+001  0.100000E+002
  0.228000E+003  0.300000E+002 -0.200739E+002 -0.232943E+002 -0.415158E-003  0.611997E-003  0.739525E-003 -0.514991E-003  0.689334E-003  0.860464E-003  0.120000E+002  0.200000E+001  0.100000E+001  0.500000E+000  0.300000E+000  0.200000E+001  0.100000E+001  0.100000E+001  0.100000E+002
  0.228500E+003  0.300000E+002 -0.198786E+002 -0.234687E+002 -0.419507E-003  0.544618E-003  0.687455E-003 -0.529291E-003  0.622001E-003  0.816722E-003  0.120000E+002  0.200000E+001  0.100000E+001  0.500000E+000  0.300000E+000  0.200000E+001  0.100000E+001  0.100000E+001  0.100000E+002
  0.229000E+003  0.300000E+002 -0.196818E+002 -0.236413E+002 -0.419242E-003  0.478490E-003  0.636174E-003 -0.538389E-003  0.552249E-003  0.771260E-003  0.120000E+002  0.200000E+001  0.100000E+001  0.500000E+000  0.300000E+000  0.200000E+001  0.100000E+001  0.100000E+001  0.100000E+002
  0.229500E+003  0.300000E+002 -0.194834E+002 -0.238122E+002 -0.413567E-003  0.414213E-003  0.585329E-003 -0.540320E-003  0.481066E-003  0.723444E-003  0.120000E+002  0.200000E+001  0.100000E+001  0.500000E+000  0.300000E+000  0.200000E+001  0.100000E+001  0.100000E+001  0.100000E+002
  0.230000E+003  0.300000E+002 -0.192836E+002 -0.239813E+002 -0.402107E-003  0.352860E-003  0.534977E-003 -0.533834E-003  0.410350E-003  0.673325E-003  0.120000E+002  0.200000E+001  0.100000E+001  0.500000E+000  0.300000E+000  0.200000E+001  0.100000E+001  0.100000E+001  0.100000E+002
  0.230500E+003  0.300000E+002 -0.190823E+002 -0.241487E+002 -0.385051E-003  0.295685E-003  0.485483E-003 -0.518657E-003  0.342408E-003  0.621489E-003  0.120000E+002  0.200000E+001  0.100000E+001  0.500000E+000  0.300000E+000  0.200000E+001  0.100000E+001  0.100000E+001  0.100000E+002
  0.231000E+003  0.300000E+002 -0.188796E+002 -0.243144E+002 -0.363121E-003  0.243830E-003  0.437390E-003 -0.495483E-003  0.279457E-003  0.568858E-003  0.120000E+002  0.200000E+001  0.100000E+001  0.500000E+000  0.300000E+000  0.200000E+001  0.100000E+001  0.100000E+001  0.100000E+002
  0.231500E+003  0.300000E+002 -0.186754E+002 -0.244782E+002 -0.337433E-003  0.198124E-003  0.391298E-003 -0.465756E-003  0.223254E-003  0.516499E-003  0.120000E+002  0.200000E+001  0.100000E+001  0.500000E+000  0.300000E+000  0.200000E+001  0.100000E+001  0.100000E+001  0.100000E+002
  0.232000E+003  0.300000E+002 -0.184698E+002 -0.246403E+002 -0.309307E-003  0.158977E-003  0.347771E-003 -0.431364E-003  0.174888E-003  0.465468E-003  0.120000E+002  0.200000E+001  0.100000E+001  0.500000E+000  0.300000E+000  0.200000E+001  0.100000E+001  0.100000E+001  0.100000E+002
  0.232500E+003  0.300000E+002 -0.182628E+002 -0.248006E+002 -0.280076E-003  0.126372E-003  0.307266E-003 -0.394315E-003  0.134744E-003  0.416702E-003  0.120000E+002  0.200000E+001  0.100000E+001  0.500000E+000  0.300000E+000  0.200000E+001  0.100000E+001  0.100000E+001  0.100000E+002
  0.233000E+003  0.300000E+002 -0.180545E+002 -0.249591E+002 -0.250942E-003  0.999321E-004  0.270108E-003 -0.356485E-003  0.102585E-003  0.370951E-003  0.120000E+002  0.200000E+001  0.100000E+001  0.500000E+000  0.300000E+000  0.200000E+001  0.100000E+001  0.100000E+001  0.100000E+002
  0.233500E+003  0.300000E+002 -0.178447E+002 -0.251157E+002 -0.222877E-003  0.790203E-004  0.236471E-003 -0.319436E-003  0.777080E-004  0.328752E-003  0.120000E+002  0.200000E+001  0.100000E+001  0.500000E+000  0.300000E+000  0.200000E+001  0.100000E+001  0.100000E+001  0.100000E+002
  0.234000E+003  0.300000E+002 -0.176336E+002 -0.252705E+002 -0.196588E-003  0.628507E-004  0.206391E-003 -0.284341E-003  0.591199E-004  0.290422E-003  0.120000E+002  0.200000E+001  0.100000E+001  0.500000E+000  0.300000E+000  0.200000E+001  0.100000E+001  0.100000E+001  0.100000E+002
  0.234500E+003  0.300000E+002 -0.174211E+002 -0.254235E+002 -0.172517E-003  0.505889E-004  0.179781E-003 -0.251966E-003  0.457017E-004  0.256077E-003  0.120000E+002  0.200000E+001  0.100000E+001  0.500000E+000  0.300000E+000  0.200000E+001  0.100000E+001  0.100000E+001  0.100000E+002
  0.235000E+003  0.300000E+002 -0.172073E+002 -0.255746E+002 -0.150872E-003  0.414304E-004  0.156457E-003 -0.222717E-003  0.363402E-004  0.225663E-003  0.120000E+002  0.200000E+001  0.100000E+001  0.500000E+000  0.300000E+000  0.200000E+001  0.100000E+001  0.100000E+001  0.100000E+002
  0.235500E+003  0.300000E+002 -0.169922E+002 -0.257238E+002 -0.131682E-003  0.346515E-004  0.136165E-003 -0.196708E-003  0.300182E-004  0.198985E-003  0.120000E+002  0.200000E+001  0.100000E+001  0.500000E+000  0.300000E+000  0.200000E+001  0.100000E+001  0.100000E+001  0.100000E+002
  0.236000E+003  0.300000E+002 -0.167758E+002 -0.258711E+002 -0.114843E-003  0.296377E-004  0.118605E-003 -0.173836E-003  0.258663E-004  0.175750E-003  0.120000E+002  0.200000E+001  0.100000E+001  0.500000E+000  0.300000E+000  0.200000E+001  0.100000E+001  0.100000E+001  0.100000E+002
  0.236500E+003  0.300000E+002 -0.165581E+002 -0.260166E+002 -0.100166E-003  0.258922E-004  0.103459E-003 -0.153863E-003  0.231824E-004  0.155599E-003  0.120000E+002  0.200000E+001  0.100000E+001  0.500000E+000  0.300000E+000  0.200000E+001  0.100000E+001  0.100000E+001  0.100000E+002
  0.237000E+003  0.300000E+002 -0.163392E+002 -0.261601E+002 -0.874222E-004  0.230309E-004  0.904050E-004 -0.136472E-003  0.214289E-004  0.138144E-003  0.120000E+002  0.200000E+001  0.100000E+001  0.500000E+000  0.300000E+000  0.200000E+001  0.100000E+001  0.100000E+001  0.100000E+002
  0.237500E+003  0.300000E+002 -0.161190E+002 -0.263017E+002 -0.763658E-004  0.207688E-004  0.791396E-004 -0.121320E-003  0.202153E-004  0.122993E-003  0.120000E+002  0.200000E+001  0.100000E+001  0.500000E+000  0.300000E+000  0.200000E+001  0.100000E+001  0.100000E+001  0.100000E+002
  0.238000E+003  0.300000E+002 -0.158976E+002 -0.264414E+002 -0.667599E-004  0.189039E-004  0.693848E-004 -0.108071E-003  0.192742E-004  0.109776E-003  0.120000E+002  0.200000E+001  0.100000E+001  0.500000E+000  0.300000E+000  0.200000E+001  0.100000E+001  0.100000E+001  0.100000E+002
  0.238500E+003  0.300000E+002 -0.156750E+002 -0.265792E+002 -0.583872E-004  0.172989E-004  0.608960E-004 -0.964137E-004  0.184352E-004  0.981604E-004  0.120000E+002  0.200000E+001  0.100000E+001  0.500000E+000  0.300000E+000  0.200000E+001  0.100000E+001  0.100000E+001  0.100000E+002
  0.239000E+003  0.300000E+002 -0.154511E+002 -0.267150E+002 -0.510566E-004  0.158656E-004  0.534648E-004 -0.860780E-004  0.176002E-004  0.878589E-004  0.120000E+002  0.200000E+001  0.100000E+001  0.500000E+000  0.300000E+000  0.200000E+001  0.100000E+001  0.100000E+001  0.100000E+002
  0.239500E+003  0.300000E+002 -0.152262E+002 -0.268489E+002 -0.446049E-004  0.145506E-004  0.469182E-004 -0.768349E-004  0.167222E-004  0.786335E-004  0.120000E+002  0.200000E+001  0.100000E+001  0.500000E+000  0.300000E+000  0.200000E+001  0.100000E+001  0.100000E+001  0.100000E+002
  0.240000E+003  0.300000E+002 -0.150000E+002 -0.269808E+002 -0.388965E-004  0.133243E-004  0.411154E-004 -0.684969E-004  0.157880E-004  0.702929E-004  0.120000E+002  0.200000E+001  0.100000E+001  0.500000E+000  0.300000E+000  0.200000E+001  0.100000E+001  0.100000E+001  0.100000E+002
  0.240500E+003  0.300000E+002 -0.147727E+002 -0.271107E+002 -0.338204E-004  0.121726E-004  0.359443E-004 -0.609143E-004  0.148054E-004  0.626877E-004  0.120000E+002  0.200000E+001  0.100000E+001  0.500000E+000  0.300000E+000  0.200000E+001  0.100000E+001  0.100000E+001  0.100000E+002
  0.241000E+003  0.300000E+002 -0.145443E+002 -0.272386E+002 -0.292867E-004  0.110903E-004  0.313162E-004 -0.539696E-004  0.137932E-004  0.557043E-004  0.120000E+002  0.200000E+001  0.100000E+001  0.500000E+000  0.300000E+000  0.200000E+001  0.100000E+001  0.100000E+001  0.100000E+002
  0.241500E+003  0.300000E+002 -0.143148E+002 -0.273645E+002 -0.252234E-004  0.100770E-004  0.271619E-004 -0.475727E-004  0.127748E-004  0.492580E-004  0.120000E+002  0.200000E+001  0.100000E+001  0.500000E+000  0.300000E+000  0.200000E+001  0.100000E+001  0.100000E+001  0.100000E+002
  0.242000E+003  0.300000E+002 -0.140841E+002 -0.274884E+002 -0.215727E-004  0.913424E-005  0.234268E-004 -0.416547E-004  0.117735E-004  0.432866E-004  0.120000E+002  0.200000E+001  0.100000E+001  0.500000E+000  0.300000E+000  0.200000E+001  0.100000E+001  0.100000E+001  0.100000E+002
  0.242500E+003  0.300000E+002 -0.138525E+002 -0.276103E+002 -0.182882E-004  0.826383E-005  0.200686E-004 -0.361639E-004  0.108106E-004  0.377451E-004  0.120000E+002  0.200000E+001  0.100000E+001  0.500000E+000  0.300000E+000  0.200000E+001  0.100000E+001  0.100000E+001  0.100000E+002
  0.243000E+003  0.300000E+002 -0.136197E+002 -0.277302E+002 -0.153321E-004  0.746669E-005  0.170536E-004 -0.310614E-004  0.990336E-005  0.326019E-004  0.120000E+002  0.200000E+001  0.100000E+001  0.500000E+000  0.300000E+000  0.200000E+001  0.100000E+001  0.100000E+001  0.100000E+002
  0.243500E+003  0.300000E+002 -0.133859E+002 -0.278480E+002 -0.126735E-004  0.674257E-005  0.143555E-004 -0.263179E-004  0.906506E-005  0.278353E-004  0.120000E+002  0.200000E+001  0.100000E+001  0.500000E+000  0.300000E+000  0.200000E+001  0.100000E+001  0.100000E+001  0.100000E+002
  0.244000E+003  0.300000E+002 -0.131511E+002 -0.279638E+002 -0.102865E-004  0.608991E-005  0.119541E-004 -0.219109E-004  0.830462E-005  0.234320E-004  0.120000E+002  0.200000E+001  0.100000E+001  0.500000E+000  0.300000E+000  0.200000E+001  0.100000E+001  0.100000E+001  0.100000E+002
  0.244500E+003  0.300000E+002 -0.129153E+002 -0.280776E+002 -0.814892E-005  0.550590E-005  0.983462E-005 -0.178231E-004  0.762711E-005  0.193865E-004  0.120000E+002  0.200000E+001  0.100000E+001  0.500000E+000  0.300000E+000  0.200000E+001  0.100000E+001  0.100000E+001  0.100000E+002
  0.245000E+003  0.300000E+002 -0.126785E+002 -0.281892E+002 -0.624132E-005  0.498673E-005  0.798884E-005 -0.140401E-004  0.703426E-005  0.157037E-004  0.120000E+002  0.200000E+001  0.100000E+001  0.500000E+000  0.300000E+000  0.200000E+001  0.100000E+001  0.100000E+001  0.100000E+002
  0.245500E+003  0.300000E+002 -0.124408E+002 -0.282988E+002 -0.454647E-005  0.452781E-005  0.641650E-005 -0.105500E-004  0.652495E-005  0.124048E-004  0.120000E+002  0.200000E+001  0.100000E+001  0.500000E+000  0.300000E+000  0.200000E+001  0.100000E+001  0.100000E+001  0.100000E+002
  0.246000E+003  0.300000E+002 -0.122021E+002 -0.284064E+002 -0.304863E-005  0.412403E-005  0.512852E-005 -0.734209E-005  0.609585E-005  0.954283E-005  0.120000E+002  0.200000E+001  0.100000E+001  0.500000E+000  0.300000E+000  0.200000E+001  0.100000E+001  0.100000E+001  0.100000E+002
  0.246500E+003  0.300000E+002 -0.119625E+002 -0.285118E+002 -0.173325E-005  0.376995E-005  0.414930E-005 -0.440639E-005  0.574189E-005  0.723779E-005  0.120000E+002  0.200000E+001  0.100000E+001  0.500000E+000  0.300000E+000  0.200000E+001  0.100000E+001  0.100000E+001  0.100000E+002
  0.247000E+003  0.300000E+002 -0.117219E+002 -0.286151E+002 -0.586705E-006  0.346008E-005  0.350946E-005 -0.173334E-005  0.545675E-005  0.572543E-005  0.120000E+002  0.200000E+001  0.100000E+001  0.500000E+000  0.300000E+000  0.200000E+001  0.100000E+001  0.100000E+001  0.100000E+002
  0.247500E+003  0.300000E+002 -0.114805E+002 -0.287164E+002  0.403874E-006  0.318895E-005  0.321442E-005  0.686606E-006  0.523329E-005  0.527814E-005  0.120000E+002  0.200000E+001  0.100000E+001  0.500000E+000  0.300000E+000  0.200000E+001  0.100000E+001  0.100000E+001  0.100000E+002
  0.248000E+003  0.300000E+002 -0.112382E+002 -0.288155E+002  0.125073E-005  0.295132E-005  0.320541E-005  0.286303E-005  0.506385E-005  0.581718E-005  0.120000E+002  0.200000E+001  0.100000E+001  0.500000E+000  0.300000E+000  0.200000E+001  0.100000E+001  0.100000E+001  0.100000E+002
  0.248500E+003  0.300000E+002 -0.109950E+002 -0.289125E+002  0.196556E-005  0.274224E-005  0.337391E-005  0.480573E-005  0.494057E-005  0.689234E-005  0.120000E+002  0.200000E+001  0.100000E+001  0.500000E+000  0.300000E+000  0.200000E+001  0.100000E+001  0.100000E+001  0.100000E+002
  0.249000E+003  0.300000E+002 -0.107510E+002 -0.290074E+002  0.255952E-005  0.255713E-005  0.361802E-005  0.652470E-005  0.485561E-005  0.813318E-005  0.120000E+002  0.200000E+001  0.100000E+001  0.500000E+000  0.300000E+000  0.200000E+001  0.100000E+001  0.100000E+001  0.100000E+002
  0.249500E+003  0.300000E+002 -0.105062E+002 -0.291002E+002  0.304331E-005  0.239183E-005  0.387074E-005  0.803017E-005  0.480129E-005  0.935607E-005  0.120000E+002  0.200000E+001  0.100000E+001  0.500000E+000  0.300000E+000  0.200000E+001  0.100000E+001  0.100000E+001  0.100000E+002
  0.250000E+003  0.300000E+002 -0.102606E+002 -0.291908E+002  0.342714E-005  0.224260E-005  0.409567E-005  0.933256E-005  0.477030E-005  0.104811E-004  0.120000E+002  0.200000E+001  0.100000E+001  0.500000E+000  0.300000E+000  0.200000E+001  0.100000E+001  0.100000E+001  0.100000E+002
  0.250500E+003  0.300000E+002 -0.100142E+002 -0.292792E+002  0.372073E-005  0.210618E-005  0.427549E-005  0.104425E-004  0.475579E-005  0.114744E-004  0.120000E+002  0.200000E+001  0.100000E+001  0.500000E+000  0.300000E+000  0.200000E+001  0.100000E+001  0.100000E+001  0.100000E+002
  0.251000E+003  0.300000E+002 -0.976704E+001 -0.293656E+002  0.393333E-005  0.197975E-005  0.440347E-005  0.113706E-004  0.475137E-005  0.123234E-004  0.120000E+002  0.200000E+001  0.100000E+001  0.500000E+000  0.300000E+000  0.200000E+001  0.100000E+001  0.100000E+001  0.100000E+002
  0.251500E+003  0.300000E+002 -0.951914E+001 -0.294497E+002  0.407375E-005  0.186091E-005  0.447866E-005  0.121277E-004  0.475129E-005  0.130252E-004  0.120000E+002  0.200000E+001  0.100000E+001  0.500000E+000  0.300000E+000  0.200000E+001  0.100000E+001  0.100000E+001  0.100000E+002
  0.252000E+003  0.300000E+002 -0.927051E+001 -0.295317E+002  0.415026E-005  0.174770E-005  0.450323E-005  0.127247E-004  0.475038E-005  0.135825E-004  0.120000E+002  0.200000E+001  0.100000E+001  0.500000E+000  0.300000E+000  0.200000E+001  0.100000E+001  0.100000E+001  0.100000E+002
  0.252500E+003  0.300000E+002 -0.902117E+001 -0.296115E+002  0.417069E-005  0.163853E-005  0.448101E-005  0.131722E-004  0.474408E-005  0.140005E-004  0.120000E+002  0.200000E+001  0.100000E+001  0.500000E+000  0.300000E+000  0.200000E+001  0.100000E+001  0.100000E+001  0.100000E+002
  0.253000E+003  0.300000E+002 -0.877115E+001 -0.296891E+002  0.414239E-005  0.153216E-005  0.441666E-005  0.134811E-004  0.472849E-005  0.142863E-004  0.120000E+002  0.200000E+001  0.100000E+001  0.500000E+000  0.300000E+000  0.200000E+001  0.100000E+001  0.100000E+001  0.100000E+002
  0.253500E+003  0.300000E+002 -0.852046E+001 -0.297646E+002  0.407220E-005  0.142770E-005  0.431522E-005  0.136619E-004  0.470031E-005  0.144479E-004  0.120000E+002  0.200000E+001  0.100000E+001  0.500000E+000  0.300000E+000  0.200000E+001  0.100000E+001  0.100000E+001  0.100000E+002
  0.254000E+003  0.300000E+002 -0.826912E+001 -0.298379E+002  0.396653E-005  0.132453E-005  0.418183E-005  0.137251E-004  0.465687E-005  0.144936E-004  0.120000E+002  0.200000E+001  0.100000E+001  0.500000E+000  0.300000E+000  0.200000E+001  0.100000E+001  0.100000E+001  0.100000E+002
  0.254500E+003  0.300000E+002 -0.801715E+001 -0.299089E+002  0.383127E-005  0.122229E-005  0.402152E-005  0.136808E-004  0.459607E-005  0.144322E-004  0.120000E+002  0.200000E+001  0.100000E+001  0.500000E+000  0.300000E+000  0.200000E+001  0.100000E+001  0.100000E+001  0.100000E+002
  0.255000E+003  0.300000E+002 -0.776457E+001 -0.299778E+002  0.367189E-005  0.112084E-005  0.383915E-005  0.135392E-004  0.451638E-005  0.142727E-004  0.120000E+002  0.200000E+001  0.100000E+001  0.500000E+000  0.300000E+000  0.200000E+001  0.100000E+001  0.100000E+001  0.100000E+002
  0.255500E+003  0.300000E+002 -0.751140E+001 -0.300444E+002  0.349341E-005  0.102024E-005  0.363934E-005  0.133101E-004  0.441680E-005  0.140238E-004  0.120000E+002  0.200000E+001  0.100000E+001  0.500000E+000  0.300000E+000  0.200000E+001  0.100000E+001  0.100000E+001  0.100000E+002
  0.256000E+003  0.300000E+002 -0.725766E+001 -0.301089E+002  0.330037E-005  0.920697E-006  0.342639E-005  0.130028E-004  0.429682E-005  0.136943E-004  0.120000E+002  0.200000E+001  0.100000E+001  0.500000E+000  0.300000E+000  0.200000E+001  0.100000E+001  0.100000E+001  0.100000E+002
  0.256500E+003  0.300000E+002 -0.700336E+001 -0.301711E+002  0.309695E-005  0.822534E-006  0.320432E-005  0.126266E-004  0.415638E-005  0.132931E-004  0.120000E+002  0.200000E+001  0.100000E+001  0.500000E+000  0.300000E+000  0.200000E+001  0.100000E+001  0.100000E+001  0.100000E+002
  0.257000E+003  0.300000E+002 -0.674853E+001 -0.302311E+002  0.288686E-005  0.726191E-006  0.297680E-005  0.121903E-004  0.399588E-005  0.128285E-004  0.120000E+002  0.200000E+001  0.100000E+001  0.500000E+000  0.300000E+000  0.200000E+001  0.100000E+001  0.100000E+001  0.100000E+002
  0.257500E+003  0.300000E+002 -0.649319E+001 -0.302889E+002  0.267346E-005  0.632158E-006  0.274718E-005  0.117026E-004  0.381607E-005  0.123091E-004  0.120000E+002  0.200000E+001  0.100000E+001  0.500000E+000  0.300000E+000  0.200000E+001  0.100000E+001  0.100000E+001  0.100000E+002
  0.258000E+003  0.300000E+002 -0.623735E+001 -0.303444E+002  0.245970E-005  0.540983E-006  0.251849E-005  0.111715E-004  0.361805E-005  0.117428E-004  0.120000E+002  0.200000E+001  0.100000E+001  0.500000E+000  0.300000E+000  0.200000E+001  0.100000E+001  0.100000E+001  0.100000E+002
  0.258500E+003  0.300000E+002 -0.598104E+001 -0.303977E+002  0.224820E-005  0.453237E-006  0.229343E-005  0.106050E-004  0.340323E-005  0.111377E-004  0.120000E+002  0.200000E+001  0.100000E+001  0.500000E+000  0.300000E+000  0.200000E+001  0.100000E+001  0.100000E+001  0.100000E+002
  0.259000E+003  0.300000E+002 -0.572427E+001 -0.304488E+002  0.204120E-005  0.369483E-006  0.207437E-005  0.100105E-004  0.317329E-005  0.105014E-004  0.120000E+002  0.200000E+001  0.100000E+001  0.500000E+000  0.300000E+000  0.200000E+001  0.100000E+001  0.100000E+001  0.100000E+002
  0.259500E+003  0.300000E+002 -0.546707E+001 -0.304976E+002  0.184065E-005  0.290281E-006  0.186340E-005  0.939513E-005  0.293014E-005  0.984145E-005  0.120000E+002  0.200000E+001  0.100000E+001  0.500000E+000  0.300000E+000  0.200000E+001  0.100000E+001  0.100000E+001  0.100000E+002
  0.260000E+003  0.300000E+002 -0.520945E+001 -0.305442E+002  0.164818E-005  0.216153E-006  0.166229E-005  0.876562E-005  0.267587E-005  0.916495E-005  0.120000E+002  0.200000E+001  0.100000E+001  0.500000E+000  0.300000E+000  0.200000E+001  0.100000E+001  0.100000E+001  0.100000E+002
  0.260500E+003  0.300000E+002 -0.495143E+001 -0.305886E+002  0.146511E-005  0.147580E-006  0.147252E-005  0.812838E-005  0.241274E-005  0.847890E-005  0.120000E+002  0.200000E+001  0.100000E+001  0.500000E+000  0.300000E+000  0.200000E+001  0.100000E+001  0.100000E+001  0.100000E+002
  0.261000E+003  0.300000E+002 -0.469303E+001 -0.306307E+002  0.129252E-005  0.849843E-007  0.129531E-005  0.748942E-005  0.214312E-005  0.779001E-005  0.120000E+002  0.200000E+001  0.100000E+001  0.500000E+000  0.300000E+000  0.200000E+001  0.100000E+001  0.100000E+001  0.100000E+002
  0.261500E+003  0.300000E+002 -0.443428E+001 -0.306705E+002  0.113121E-005  0.287230E-007  0.113158E-005  0.685439E-005  0.186947E-005  0.710476E-005  0.120000E+002  0.200000E+001  0.100000E+001  0.500000E+000  0.300000E+000  0.200000E+001  0.100000E+001  0.100000E+001  0.100000E+002
  0.262000E+003  0.300000E+002 -0.417519E+001 -0.307080E+002  0.981769E-006 -0.209180E-007  0.981992E-006  0.622862E-005  0.159430E-005  0.642942E-005  0.120000E+002  0.200000E+001  0.100000E+001  0.500000E+000  0.300000E+000  0.200000E+001  0.100000E+001  0.100000E+001  0.100000E+002
  0.262500E+003  0.300000E+002 -0.391579E+001 -0.307433E+002  0.844550E-006 -0.637375E-007  0.846951E-006  0.561703E-005  0.132016E-005  0.577008E-005  0.120000E+002  0.200000E+001  0.100000E+001  0.500000E+000  0.300000E+000  0.200000E+001  0.100000E+001  0.100000E+001  0.100000E+002
  0.263000E+003  0.300000E+002 -0.365608E+001 -0.307764E+002  0.719697E-006 -0.996077E-007  0.726557E-006  0.502422E-005  0.104958E-005  0.513268E-005  0.120000E+002  0.200000E+001  0.100000E+001  0.500000E+000  0.300000E+000  0.200000E+001  0.100000E+001  0.100000E+001  0.100000E+002
  0.263500E+003  0.300000E+002 -0.339610E+001 -0.308072E+002  0.607175E-006 -0.128501E-006  0.620624E-006  0.445447E-005  0.785050E-006  0.452312E-005  0.120000E+002  0.200000E+001  0.100000E+001  0.500000E+000  0.300000E+000  0.200000E+001  0.100000E+001  0.100000E+001  0.100000E+002
  0.264000E+003  0.300000E+002 -0.313585E+001 -0.308357E+002  0.506786E-006 -0.150466E-006  0.528651E-006  0.391170E-005  0.529014E-006  0.394731E-005  0.120000E+002  0.200000E+001  0.100000E+001  0.500000E+000  0.300000E+000  0.200000E+001  0.100000E+001  0.100000E+001  0.100000E+002
  0.264500E+003  0.300000E+002 -0.287537E+001 -0.308619E+002  0.418154E-006 -0.165634E-006  0.449764E-006  0.339950E-005  0.283826E-006  0.341133E-005  0.120000E+002  0.200000E+001  0.100000E+001  0.500000E+000  0.300000E+000  0.200000E+001  0.100000E+001  0.100000E+001  0.100000E+002
  0.265000E+003  0.300000E+002 -0.261467E+001 -0.308858E+002  0.340783E-006 -0.174240E-006  0.382744E-006  0.292115E-005  0.517384E-007  0.292161E-005  0.120000E+002  0.200000E+001  0.100000E+001  0.500000E+000  0.300000E+000  0.200000E+001  0.100000E+001  0.100000E+001  0.100000E+002
  0.265500E+003  0.300000E+002 -0.235377E+001 -0.309075E+002  0.274036E-006 -0.176583E-006  0.326002E-006  0.247963E-005 -0.165128E-006  0.248512E-005  0.120000E+002  0.200000E+001  0.100000E+001  0.500000E+000  0.300000E+000  0.200000E+001  0.100000E+001  0.100000E+001  0.100000E+002
  0.266000E+003  0.300000E+002 -0.209269E+001 -0.309269E+002  0.217161E-006 -0.173041E-006  0.277672E-006  0.207758E-005 -0.364794E-006  0.210936E-005  0.120000E+002  0.200000E+001  0.100000E+001  0.500000E+000  0.300000E+000  0.200000E+001  0.100000E+001  0.100000E+001  0.100000E+002
  0.266500E+003  0.300000E+002 -0.183146E+001 -0.309440E+002  0.169315E-006 -0.164078E-006  0.235774E-006  0.171737E-005 -0.545446E-006  0.180191E-005  0.120000E+002  0.200000E+001  0.100000E+001  0.500000E+000  0.300000E+000  0.200000E+001  0.100000E+001  0.100000E+001  0.100000E+002
  0.267000E+003  0.300000E+002 -0.157008E+001 -0.309589E+002  0.129553E-006 -0.150215E-006  0.198365E-006  0.140107E-005 -0.705444E-006  0.156864E-005  0.120000E+002  0.200000E+001  0.100000E+001  0.500000E+000  0.300000E+000  0.200000E+001  0.100000E+001  0.100000E+001  0.100000E+002
  0.267500E+003  0.300000E+002 -0.130858E+001 -0.309714E+002  0.968631E-007 -0.132031E-006  0.163752E-006  0.113045E-005 -0.843344E-006  0.141037E-005  0.120000E+002  0.200000E+001  0.100000E+001  0.500000E+000  0.300000E+000  0.200000E+001  0.100000E+001  0.100000E+001  0.100000E+002
  0.268000E+003  0.300000E+002 -0.104698E+001 -0.309817E+002  0.701616E-007 -0.110165E-006  0.130610E-006  0.907005E-006 -0.957903E-006  0.131918E-005  0.120000E+002  0.200000E+001  0.100000E+001  0.500000E+000  0.300000E+000  0.200000E+001  0.100000E+001  0.100000E+001  0.100000E+002
  0.268500E+003  0.300000E+002 -0.785308E+000 -0.309897E+002  0.483170E-007 -0.852995E-007  0.980334E-007  0.731963E-006 -0.104809E-005  0.127838E-005  0.120000E+002  0.200000E+001  0.100000E+001  0.500000E+000  0.300000E+000  0.200000E+001  0.100000E+001  0.100000E+001  0.100000E+002
  0.269000E+003  0.300000E+002 -0.523572E+000 -0.309954E+002  0.301539E-007 -0.581496E-007  0.655029E-007  0.606262E-006 -0.111309E-005  0.126749E-005  0.120000E+002  0.200000E+001  0.100000E+001  0.500000E+000  0.300000E+000  0.200000E+001  0.100000E+001  0.100000E+001  0.100000E+002
  0.269500E+003  0.300000E+002 -0.261796E+000 -0.309989E+002  0.144535E-007 -0.294605E-007  0.328150E-007  0.530573E-006 -0.115233E-005  0.126861E-005  0.120000E+002  0.200000E+001  0.100000E+001  0.500000E+000  0.300000E+000  0.200000E+001  0.100000E+001  0.100000E+001  0.100000E+002
  0.270000E+003  0.300000E+002  0.000000E+000 -0.310000E+002  0.000000E+000  0.000000E+000  0.000000E+000  0.505299E-006 -0.116544E-005  0.127027E-005  0.120000E+002  0.200000E+001  0.100000E+001  0.500000E+000  0.300000E+000  0.200000E+001  0.100000E+001  0.100000E+001  0.100000E+002
  0.270500E+003  0.300000E+002  0.261796E+000 -0.309989E+002 -0.144535E-007  0.294605E-007  0.328150E-007  0.530573E-006 -0.115233E-005  0.126861E-005  0.120000E+002  0.200000E+001  0.100000E+001  0.500000E+000  0.300000E+000  0.200000E+001  0.100000E+001  0.100000E+001  0.100000E+002
  0.271000E+003  0.300000E+002  0.523572E+000 -0.309954E+002 -0.301539E-007  0.581496E-007  0.655029E-007  0.606262E-006 -0.111309E-005  0.126749E-005  0.120000E+002  0.200000E+001  0.100000E+001  0.500000E+000  0.300000E+000  0.200000E+001  0.100000E+001  0.100000E+001  0.100000E+002
  0.271500E+003  0.300000E+002  0.785308E+000 -0.309897E+002 -0.483170E-007  0.852995E-007  0.980334E-007  0.731963E-006 -0.104809E-005  0.127838E-005  0.120000E+002  0.200000E+001  0.100000E+001  0.500000E+000  0.300000E+000  0.200000E+001  0.100000E+001  0.100000E+001  0.100000E+002
  0.272000E+003  0.300000E+002  0.104698E+001 -0.309817E+002 -0.701616E-007  0.110165E-006  0.130610E-006  0.907005E-006 -0.957903E-006  0.131918E-005  0.120000E+002  0.200000E+001  0.100000E+001  0.500000E+000  0.300000E+000  0.200000E+001  0.100000E+001  0.100000E+001  0.100000E+002
  0.272500E+003  0.300000E+002  0.130858E+001 -0.309714E+002 -0.968631E-007  0.132031E-006  0.163752E-006  0.113045E-005 -0.843344E-006  0.141037E-005  0.120000E+002  0.200000E+001  0.100000E+001  0.500000E+000  0.300000E+000  0.200000E+001  0.100000E+001  0.100000E+001  0.100000E+002
  0.273000E+003  0.300000E+002  0.157008E+001 -0.309589E+002 -0.129553E-006  0.150215E-006  0.198365E-006  0.140107E-005 -0.705444E-006  0.156864E-005  0.120000E+002  0.200000E+001  0.100000E+001  0.500000E+000  0.300000E+000  0.200000E+001  0.100000E+001  0.100000E+001  0.100000E+002
  0.273500E+003  0.300000E+002  0.183146E+001 -0.309440E+002 -0.169315E-006  0.164078E-006  0.235774E-006  0.171737E-005 -0.545446E-006  0.180191E-005  0.120000E+002  0.200000E+001  0.100000E+001  0.500000E+000  0.300000E+000  0.200000E+001  0.100000E+001  0.100000E+001  0.100000E+002
  0.274000E+003  0.300000E+002  0.209269E+001 -0.309269E+002 -0.217161E-006  0.173041E-006  0.277672E-006  0.207758E-005 -0.364794E-006  0.210936E-005  0.120000E+002  0.200000E+001  0.100000E+001  0.500000E+000  0.300000E+000  0.200000E+001  0.100000E+001  0.100000E+001  0.100000E+002
  0.274500E+003  0.300000E+002  0.235377E+001 -0.309075E+002 -0.274036E-006  0.176583E-006  0.326002E-006  0.247963E-005 -0.165128E-006  0.248512E-005  0.120000E+002  0.200000E+001  0.100000E+001  0.500000E+000  0.300000E+000  0.200000E+001  0.100000E+001  0.100000E+001  0.100000E+002
  0.275000E+003  0.300000E+002  0.261467E+001 -0.308858E+002 -0.340783E-006  0.174240E-006  0.382744E-006  0.292115E-005  0.517384E-007  0.292161E-005  0.120000E+002  0.200000E+001  0.100000E+001  0.500000E+000  0.300000E+000  0.200000E+001  0.100000E+001  0.100000E+001  0.100000E+002
  0.275500E+003  0.300000E+002  0.287537E+001 -0.308619E+002 -0.418154E-006  0.165634E-006  0.449764E-006  0.339950E-005  0.283826E-006  0.341133E-005  0.120000E+002  0.200000E+001  0.100000E+001  0.500000E+000  0.300000E+000  0.200000E+001  0.100000E+001  0.100000E+001  0.100000E+002
  0.276000E+003  0.300000E+002  0.313585E+001 -0.308357E+002 -0.506786E-006  0.150466E-006  0.528651E-006  0.391170E-005  0.529014E-006  0.394731E-005  0.120000E+002  0.200000E+001  0.100000E+001  0.500000E+000  0.300000E+000  0.200000E+001  0.100000E+001  0.100000E+001  0.100000E+002
  0.276500E+003  0.300000E+002  0.339610E+001 -0.308072E+002 -0.607175E-006  0.128501E-006  0.620624E-006  0.445447E-005  0.785050E-006  0.452312E-005  0.120000E+002  0.200000E+001  0.100000E+001  0.500000E+000  0.300000E+000  0.200000E+001  0.100000E+001  0.100000E+001  0.100000E+002
  0.277000E+003  0.300000E+002  0.365608E+001 -0.307764E+002 -0.719697E-006  0.996077E-007  0.726557E-006  0.502422E-005  0.104958E-005  0.513268E-005  0.120000E+002  0.200000E+001  0.100000E+001  0.500000E+000  0.300000E+000  0.200000E+001  0.100000E+001  0.100000E+001  0.100000E+002
  0.277500E+003  0.300000E+002  0.391579E+001 -0.307433E+002 -0.844550E-006  0.637375E-007  0.846951E-006  0.561703E-005  0.132016E-005  0.577008E-005  0.120000E+002  0.200000E+001  0.100000E+001  0.500000E+000  0.300000E+000  0.200000E+001  0.100000E+001  0.100000E+001  0.100000E+002
  0.278000E+003  0.300000E+002  0.417519E+001 -0.307080E+002 -0.981769E-006  0.209180E-007  0.981992E-006  0.622862E-005  0.159430E-005  0.642942E-005  0.120000E+002  0.200000E+001  0.100000E+001  0.500000E+000  0.300000E+000  0.200000E+001  0.100000E+001  0.100000E+001  0.100000E+002
  0.278500E+003  0.300000E+002  0.443428E+001 -0.306705E+002 -0.113121E-005 -0.287230E-007  0.113158E-005  0.685439E-005  0.186947E-005  0.710476E-005  0.120000E+002  0.200000E+001  0.100000E+001  0.500000E+000  0.300000E+000  0.200000E+001  0.100000E+001  0.100000E+001  0.100000E+002
  0.279000E+003  0.300000E+002  0.469303E+001 -0.306307E+002 -0.129252E-005 -0.849843E-007  0.129531E-005  0.748942E-005  0.214312E-005  0.779001E-005  0.120000E+002  0.200000E+001  0.100000E+001  0.500000E+000  0.300000E+000  0.200000E+001  0.100000E+001  0.100000E+001  0.100000E+002
  0.279500E+003  0.300000E+002  0.495143E+001 -0.305886E+002 -0.146511E-005 -0.147580E-006  0.147252E-005  0.812838E-005  0.241274E-005  0.847890E-005  0.120000E+002  0.200000E+001  0.100000E+001  0.500000E+000  0.300000E+000  0.200000E+001  0.100000E+001  0.100000E+001  0.100000E+002
  0.280000E+003  0.300000E+002  0.520945E+001 -0.305442E+002 -0.164818E-005 -0.216153E-006  0.166229E-005  0.876562E-005  0.267587E-005  0.916495E-005  0.120000E+002  0.200000E+001  0.100000E+001  0.500000E+000  0.300000E+000  0.200000E+001  0.100000E+001  0.100000E+001  0.100000E+002
  0.280500E+003  0.300000E+002  0.546707E+001 -0.304976E+002 -0.184065E-005 -0.290281E-006  0.186340E-005  0.939513E-005  0.293014E-005  0.984145E-005  0.120000E+002  0.200000E+001  0.100000E+001  0.500000E+000  0.300000E+000  0.200000E+001  0.100000E+001  0.100000E+001  0.100000E+002
  0.281000E+003  0.300000E+002  0.572427E+001 -0.304488E+002 -0.204120E-005 -0.369483E-006  0.207437E-005  0.100105E-004  0.317329E-005  0.105014E-004  0.120000E+002  0.200000E+001  0.100000E+001  0.500000E+000  0.300000E+000  0.200000E+001  0.100000E+001  0.100000E+001  0.100000E+002
  0.281500E+003  0.300000E+002  0.598104E+001 -0.303977E+002 -0.224820E-005 -0.453237E-006  0.229343E-005  0.106050E-004  0.340323E-005  0.111377E-004  0.120000E+002  0.200000E+001  0.100000E+001  0.500000E+000  0.300000E+000  0.200000E+001  0.100000E+001  0.100000E+001  0.100000E+002
  0.282000E+003  0.300000E+002  0.623735E+001 -0.303444E+002 -0.245970E-005 -0.540983E-006  0.251849E-005  0.111715E-004  0.361805E-005  0.117428E-004  0.120000E+002  0.200000E+001  0.100000E+001  0.500000E+000  0.300000E+000  0.200000E+001  0.100000E+001  0.100000E+001  0.100000E+002
  0.282500E+003  0.300000E+002  0.649319E+001 -0.302889E+002 -0.267346E-005 -0.632158E-006  0.274718E-005  0.117026E-004  0.381607E-005  0.123091E-004  0.120000E+002  0.200000E+001  0.100000E+001  0.500000E+000  0.300000E+000  0.200000E+001  0.100000E+001  0.100000E+001  0.100000E+002
  0.283000E+003  0.300000E+002  0.674853E+001 -0.302311E+002 -0.288686E-005 -0.726191E-006  0.297680E-005  0.121903E-004  0.399588E-005  0.128285E-004  0.120000E+002  0.200000E+001  0.100000E+001  0.500000E+000  0.300000E+000  0.200000E+001  0.100000E+001  0.100000E+001  0.100000E+002
  0.283500E+003  0.300000E+002  0.700336E+001 -0.301711E+002 -0.309695E-005 -0.822534E-006  0.320432E-005  0.126266E-004  0.415638E-005  0.132931E-004  0.120000E+002  0.200000E+001  0.100000E+001  0.500000E+000  0.300000E+000  0.200000E+001  0.100000E+001  0.100000E+001  0.100000E+002
  0.284000E+003  0.300000E+002  0.725766E+001 -0.301089E+002 -0.330037E-005 -0.920697E-006  0.342639E-005  0.130028E-004  0.429682E-005  0.136943E-004  0.120000E+002  0.200000E+001  0.100000E+001  0.500000E+000  0.300000E+000  0.200000E+001  0.100000E+001  0.100000E+001  0.100000E+002
  0.284500E+003  0.300000E+002  0.751140E+001 -0.300444E+002 -0.349341E-005 -0.102024E-005  0.363934E-005  0.133101E-004  0.441680E-005  0.140238E-004  0.120000E+002  0.200000E+001  0.100000E+001  0.500000E+000  0.300000E+000  0.200000E+001  0.100000E+001  0.100000E+001  0.100000E+002
  0.285000E+003  0.300000E+002  0.776457E+001 -0.299778E+002 -0.367189E-005 -0.112084E-005  0.383915E-005  0.135392E-004  0.451638E-005  0.142727E-004  0.120000E+002  0.200000E+001  0.100000E+001  0.500000E+000  0.300000E+000  0.200000E+001  0.100000E+001  0.100000E+001  0.100000E+002
  0.285500E+003  0.300000E+002  0.801715E+001 -0.299089E+002 -0.383127E-005 -0.122229E-005  0.402152E-005  0.136808E-004  0.459607E-005  0.144322E-004  0.120000E+002  0.200000E+001  0.100000E+001  0.500000E+000  0.300000E+000  0.200000E+001  0.100000E+001  0.100000E+001  0.100000E+002
  0.286000E+003  0.300000E+002  0.826912E+001 -0.298379E+002 -0.396653E-005 -0.132453E-005  0.418183E-005  0.137251E-004  0.465687E-005  0.144936E-004  0.120000E+002  0.200000E+001  0.100000E+001  0.500000E+000  0.300000E+000  0.200000E+001  0.100000E+001  0.100000E+001  0.100000E+002
  0.286500E+003  0.300000E+002  0.852046E+001 -0.297646E+002 -0.407220E-005 -0.142770E-005  0.431522E-005  0.136619E-004  0.470031E-005  0.144479E-004  0.120000E+002  0.200000E+001  0.100000E+001  0.500000E+000  0.300000E+000  0.200000E+001  0.100000E+001  0.100000E+001  0.100000E+002
  0.287000E+003  0.300000E+002  0.877115E+001 -0.296891E+002 -0.414239E-005 -0.153216E-005  0.441666E-005  0.134811E-004  0.472849E-005  0.142863E-004  0.120000E+002  0.200000E+001  0.100000E+001  0.500000E+000  0.300000E+000  0.200000E+001  0.100000E+001  0.100000E+001  0.100000E+002
  0.287500E+003  0.300000E+002  0.902117E+001 -0.296115E+002 -0.417069E-005 -0.163853E-005  0.448101E-005  0.131722E-004  0.474408E-005  0.140005E-004  0.120000E+002  0.200000E+001  0.100000E+001  0.500000E+000  0.300000E+000  0.200000E+001  0.100000E+001  0.100000E+001  0.100000E+002
  0.288000E+003  0.300000E+002  0.927051E+001 -0.295317E+002 -0.415026E-005 -0.174770E-005  0.450323E-005  0.127247E-004  0.475038E-005  0.135825E-004  0.120000E+002  0.200000E+001  0.100000E+001  0.500000E+000  0.300000E+000  0.200000E+001  0.100000E+001  0.100000E+001  0.100000E+002
  0.288500E+003  0.300000E+002  0.951914E+001 -0.294497E+002 -0.407375E-005 -0.186091E-005  0.447866E-005  0.121277E-004  0.475129E-005  0.130252E-004  0.120000E+002  0.200000E+001  0.100000E+001  0.500000E+000  0.300000E+000  0.200000E+001  0.100000E+001  0.100000E+001  0.100000E+002
  0.289000E+003  0.300000E+002  0.976704E+001 -0.293656E+002 -0.393333E-005 -0.197975E-005  0.440347E-005  0.113706E-004  0.475137E-005  0.123234E-004  0.120000E+002  0.200000E+001  0.100000E+001  0.500000E+000  0.300000E+000  0.200000E+001  0.100000E+001  0.100000E+001  0.100000E+002
  0.289500E+003  0.300000E+002  0.100142E+002 -0.292792E+002 -0.372073E-005 -0.210618E-005  0.427549E-005  0.104425E-004  0.475579E-005  0.114744E-004  0.120000E+002  0.200000E+001  0.100000E+001  0.500000E+000  0.300000E+000  0.200000E+001  0.100000E+001  0.100000E+001  0.100000E+002
  0.290000E+003  0.300000E+002  0.102606E+002 -0.291908E+002 -0.342714E-005 -0.224260E-005  0.409567E-005  0.933256E-005  0.477030E-005  0.104811E-004  0.120000E+002  0.200000E+001  0.100000E+001  0.500000E+000  0.300000E+000  0.200000E+001  0.100000E+001  0.100000E+001  0.100000E+002
  0.290500E+003  0.300000E+002  0.105062E+002 -0.291002E+002 -0.304331E-005 -0.239183E-005  0.387074E-005  0.803017E-005  0.480129E-005  0.935607E-005  0.120000E+002  0.200000E+001  0.100000E+001  0.500000E+000  0.300000E+000  0.200000E+001  0.100000E+001  0.100000E+001  0.100000E+002
  0.291000E+003  0.300000E+002  0.107510E+002 -0.290074E+002 -0.255952E-005 -0.255713E-005  0.361802E-005  0.652470E-005  0.485561E-005  0.813318E-005  0.120000E+002  0.200000E+001  0.100000E+001  0.500000E+000  0.300000E+000  0.200000E+001  0.100000E+001  0.100000E+001  0.100000E+002
  0.291500E+003  0.300000E+002  0.109950E+002 -0.289125E+002 -0.196556E-005 -0.274224E-005  0.337391E-005  0.480573E-005  0.494057E-005  0.689234E-005  0.120000E+002  0.200000E+001  0.100000E+001  0.500000E+000  0.300000E+000  0.200000E+001  0.100000E+001  0.100000E+001  0.100000E+002
  0.292000E+003  0.300000E+002  0.112382E+002 -0.288155E+002 -0.125073E-005 -0.295132E-005  0.320541E-005  0.286303E-005  0.506385E-005  0.581718E-005  0.120000E+002  0.200000E+001  0.100000E+001  0.500000E+000  0.300000E+000  0.200000E+001  0.100000E+001  0.100000E+001  0.100000E+002
  0.292500E+003  0.300000E+002  0.114805E+002 -0.287164E+002 -0.403874E-006 -0.318895E-005  0.321442E-005  0.686606E-006  0.523329E-005  0.527814E-005  0.120000E+002  0.200000E+001  0.100000E+001  0.500000E+000  0.300000E+000  0.200000E+001  0.100000E+001  0.100000E+001  0.100000E+002
  0.293000E+003  0.300000E+002  0.117219E+002 -0.286151E+002  0.586705E-006 -0.346008E-005  0.350946E-005 -0.173334E-005  0.545675E-005  0.572543E-005  0.120000E+002  0.200000E+001  0.100000E+001  0.500000E+000  0.300000E+000  0.200000E+001  0.100000E+001  0.100000E+001  0.100000E+002
  0.293500E+003  0.300000E+002  0.119625E+002 -0.285118E+002  0.173325E-005 -0.376995E-005  0.414930E-005 -0.440639E-005  0.574189E-005  0.723779E-005  0.120000E+002  0.200000E+001  0.100000E+001  0.500000E+000  0.300000E+000  0.200000E+001  0.100000E+001  0.100000E+001  0.100000E+002
  0.294000E+003  0.300000E+002  0.122021E+002 -0.284064E+002  0.304863E-005 -0.412403E-005  0.512852E-005 -0.734209E-005  0.609585E-005  0.954283E-005  0.120000E+002  0.200000E+001  0.100000E+001  0.500000E+000  0.300000E+000  0.200000E+001  0.100000E+001  0.100000E+001  0.100000E+002
  0.294500E+003  0.300000E+002  0.124408E+002 -0.282988E+002  0.454647E-005 -0.452781E-005  0.641650E-005 -0.105500E-004  0.652495E-005  0.124048E-004  0.120000E+002  0.200000E+001  0.100000E+001  0.500000E+000  0.300000E+000  0.200000E+001  0.100000E+001  0.100000E+001  0.100000E+002
  0.295000E+003  0.300000E+002  0.126785E+002 -0.281892E+002  0.624132E-005 -0.498673E-005  0.798884E-005 -0.140401E-004  0.703426E-005  0.157037E-004  0.120000E+002  0.200000E+001  0.100000E+001  0.500000E+000  0.300000E+000  0.200000E+001  0.100000E+001  0.100000E+001  0.100000E+002
  0.295500E+003  0.300000E+002  0.129153E+002 -0.280776E+002  0.814892E-005 -0.550590E-005  0.983462E-005 -0.178231E-004  0.762711E-005  0.193865E-004  0.120000E+002  0.200000E+001  0.100000E+001  0.500000E+000  0.300000E+000  0.200000E+001  0.100000E+001  0.100000E+001  0.100000E+002
  0.296000E+003  0.300000E+002  0.131511E+002 -0.279638E+002  0.102865E-004 -0.608991E-005  0.119541E-004 -0.219109E-004  0.830462E-005  0.234320E-004  0.120000E+002  0.200000E+001  0.100000E+001  0.500000E+000  0.300000E+000  0.200000E+001  0.100000E+001  0.100000E+001  0.100000E+002
  0.296500E+003  0.300000E+002  0.133859E+002 -0.278480E+002  0.126735E-004 -0.674257E-005  0.143555E-004 -0.263179E-004  0.906506E-005  0.278353E-004  0.120000E+002  0.200000E+001  0.100000E+001  0.500000E+000  0.300000E+000  0.200000E+001  0.100000E+001  0.100000E+001  0.100000E+002
  0.297000E+003  0.300000E+002  0.136197E+002 -0.277302E+002  0.153321E-004 -0.746669E-005  0.170536E-004 -0.310614E-004  0.990336E-005  0.326019E-004  0.120000E+002  0.200000E+001  0.100000E+001  0.500000E+000  0.300000E+000  0.200000E+001  0.100000E+001  0.100000E+001  0.100000E+002
  0.297500E+003  0.300000E+002  0.138525E+002 -0.276103E+002  0.182882E-004 -0.826383E-005  0.200686E-004 -0.361639E-004  0.108106E-004  0.377451E-004  0.120000E+002  0.200000E+001  0.100000E+001  0.500000E+000  0.300000E+000  0.200000E+001  0.100000E+001  0.100000E+001  0.100000E+002
  0.298000E+003  0.300000E+002  0.140841E+002 -0.274884E+002  0.215727E-004 -0.913424E-005  0.234268E-004 -0.416547E-004  0.117735E-004  0.432866E-004  0.120000E+002  0.200000E+001  0.100000E+001  0.500000E+000  0.300000E+000  0.200000E+001  0.100000E+001  0.100000E+001  0.100000E+002
  0.298500E+003  0.300000E+002  0.143148E+002 -0.273645E+002  0.252234E-004 -0.100770E-004  0.271619E-004 -0.475727E-004  0.127748E-004  0.492580E-004  0.120000E+002  0.200000E+001  0.100000E+001  0.500000E+000  0.300000E+000  0.200000E+001  0.100000E+001  0.100000E+001  0.100000E+002
  0.299000E+003  0.300000E+002  0.145443E+002 -0.272386E+002  0.292867E-004 -0.110903E-004  0.313162E-004 -0.539696E-004  0.137932E-004  0.557043E-004  0.120000E+002  0.200000E+001  0.100000E+001  0.500000E+000  0.300000E+000  0.200000E+001  0.100000E+001  0.100000E+001  0.100000E+002
  0.299500E+003  0.300000E+002  0.147727E+002 -0.271107E+002  0.338204E-004 -0.121726E-004  0.359443E-004 -0.609143E-004  0.148054E-004  0.626877E-004  0.120000E+002  0.200000E+001  0.100000E+001  0.500000E+000  0.300000E+000  0.200000E+001  0.100000E+001  0.100000E+001  0.100000E+002
  0.300000E+003  0.300000E+002  0.150000E+002 -0.269808E+002  0.388965E-004 -0.133243E-004  0.411154E-004 -0.684969E-004  0.157880E-004  0.702929E-004  0.120000E+002  0.200000E+001  0.100000E+001  0.500000E+000  0.300000E+000  0.200000E+001  0.100000E+001  0.100000E+001  0.100000E+002
  0.300500E+003  0.300000E+002  0.152262E+002 -0.268489E+002  0.446049E-004 -0.145506E-004  0.469182E-004 -0.768349E-004  0.167222E-004  0.786335E-004  0.120000E+002  0.200000E+001  0.100000E+001  0.500000E+000  0.300000E+000  0.200000E+001  0.100000E+001  0.100000E+001  0.100000E+002
  0.301000E+003  0.300000E+002  0.154511E+002 -0.267150E+002  0.510566E-004 -0.158656E-004  0.534648E-004 -0.860780E-004  0.176002E-004  0.878589E-004  0.120000E+002  0.200000E+001  0.100000E+001  0.500000E+000  0.300000E+000  0.200000E+001  0.100000E+001  0.100000E+001  0.100000E+002
  0.301500E+003  0.300000E+002  0.156750E+002 -0.265792E+002  0.583872E-004 -0.172989E-004  0.608960E-004 -0.964137E-004  0.184352E-004  0.981604E-004  0.120000E+002  0.200000E+001  0.100000E+001  0.500000E+000  0.300000E+000  0.200000E+001  0.100000E+001  0.100000E+001  0.100000E+002
  0.302000E+003  0.300000E+002  0.158976E+002 -0.264414E+002  0.667599E-004 -0.189039E-004  0.693848E-004 -0.108071E-003  0.192742E-004  0.109776E-003  0.120000E+002  0.200000E+001  0.100000E+001  0.500000E+000  0.300000E+000  0.200000E+001  0.100000E+001  0.100000E+001  0.100000E+002
  0.302500E+003  0.300000E+002  0.161190E+002 -0.263017E+002  0.763658E-004 -0.207688E-004  0.791396E-004 -0.121320E-003  0.202153E-004  0.122993E-003  0.120000E+002  0.200000E+001  0.100000E+001  0.500000E+000  0.300000E+000  0.200000E+001  0.100000E+001  0.100000E+001  0.100000E+002
  0.303000E+003  0.300000E+002  0.163392E+002 -0.261601E+002  0.874222E-004 -0.230309E-004  0.904050E-004 -0.136472E-003  0.214289E-004  0.138144E-003  0.120000E+002  0.200000E+001  0.100000E+001  0.500000E+000  0.300000E+000  0.200000E+001  0.100000E+001  0.100000E+001  0.100000E+002
  0.303500E+003  0.300000E+002  0.165581E+002 -0.260166E+002  0.100166E-003 -0.258922E-004  0.103459E-003 -0.153863E-003  0.231824E-004  0.155599E-003  0.120000E+002  0.200000E+001  0.100000E+001  0.500000E+000  0.300000E+000  0.200000E+001  0.100000E+001  0.100000E+001  0.100000E+002
  0.304000E+003  0.300000E+002  0.167758E+002 -0.258711E+002  0.114843E-003 -0.296377E-004  0.118605E-003 -0.173836E-003  0.258663E-004  0.175750E-003  0.120000E+002  0.200000E+001  0.100000E+001  0.500000E+000  0.300000E+000  0.200000E+001  0.100000E+001  0.100000E+001  0.100000E+002
  0.304500E+003  0.300000E+002  0.169922E+002 -0.257238E+002  0.131682E-003 -0.346515E-004  0.136165E-003 -0.196708E-003  0.300182E-004  0.198985E-003  0.120000E+002  0.200000E+001  0.100000E+001  0.500000E+000  0.300000E+000  0.200000E+001  0.100000E+001  0.100000E+001  0.100000E+002
  0.305000E+003  0.300000E+002  0.172073E+002 -0.255746E+002  0.150872E-003 -0.414304E-004  0.156457E-003 -0.222717E-003  0.363402E-004  0.225663E-003  0.120000E+002  0.200000E+001  0.100000E+001  0.500000E+000  0.300000E+000  0.200000E+001  0.100000E+001  0.100000E+001  0.100000E+002
  0.305500E+003  0.300000E+002  0.174211E+002 -0.254235E+002  0.172517E-003 -0.505889E-004  0.179781E-003 -0.251966E-003  0.457017E-004  0.256077E-003  0.120000E+002  0.200000E+001  0.100000E+001  0.500000E+000  0.300000E+000  0.200000E+001  0.100000E+001  0.100000E+001  0.100000E+002
  0.306000E+003  0.300000E+002  0.176336E+002 -0.252705E+002  0.196588E-003 -0.628507E-004  0.206391E-003 -0.284341E-003  0.591199E-004  0.290422E-003  0.120000E+002  0.200000E+001  0.100000E+001  0.500000E+000  0.300000E+000  0.200000E+001  0.100000E+001  0.100000E+001  0.100000E+002
  0.306500E+003  0.300000E+002  0.178447E+002 -0.251157E+002  0.222877E-003 -0.790203E-004  0.236471E-003 -0.319436E-003  0.777080E-004  0.328752E-003  0.120000E+002  0.200000E+001  0.100000E+001  0.500000E+000  0.300000E+000  0.200000E+001  0.100000E+001  0.100000E+001  0.100000E+002
  0.307000E+003  0.300000E+002  0.180545E+002 -0.249591E+002  0.250942E-003 -0.999321E-004  0.270108E-003 -0.356485E-003  0.102585E-003  0.370951E-003  0.120000E+002  0.200000E+001  0.100000E+001  0.500000E+000  0.300000E+000  0.200000E+001  0.100000E+001  0.100000E+001  0.100000E+002
  0.307500E+003  0.300000E+002  0.182628E+002 -0.248006E+002  0.280076E-003 -0.126372E-003  0.307266E-003 -0.394315E-003  0.134744E-003  0.416702E-003  0.120000E+002  0.200000E+001  0.100000E+001  0.500000E+000  0.300000E+000  0.200000E+001  0.100000E+001  0.100000E+001  0.100000E+002
  0.308000E+003  0.300000E+002  0.184698E+002 -0.246403E+002  0.309307E-003 -0.158977E-003  0.347771E-003 -0.431364E-003  0.174888E-003  0.465468E-003  0.120000E+002  0.200000E+001  0.100000E+001  0.500000E+000  0.300000E+000  0.200000E+001  0.100000E+001  0.100000E+001  0.100000E+002
  0.308500E+003  0.300000E+002  0.186754E+002 -0.244782E+002  0.337433E-003 -0.198124E-003  0.391298E-003 -0.465756E-003  0.223254E-003  0.516499E-003  0.120000E+002  0.200000E+001  0.100000E+001  0.500000E+000  0.300000E+000  0.200000E+001  0.100000E+001  0.100000E+001  0.100000E+002
  0.309000E+003  0.300000E+002  0.188796E+002 -0.243144E+002  0.363121E-003 -0.243830E-003  0.437390E-003 -0.495483E-003  0.279457E-003  0.568858E-003  0.120000E+002  0.200000E+001  0.100000E+001  0.500000E+000  0.300000E+000  0.200000E+001  0.100000E+001  0.100000E+001  0.100000E+002
  0.309500E+003  0.300000E+002  0.190823E+002 -0.241487E+002  0.385051E-003 -0.295685E-003  0.485483E-003 -0.518657E-003  0.342408E-003  0.621489E-003  0.120000E+002  0.200000E+001  0.100000E+001  0.500000E+000  0.300000E+000  0.200000E+001  0.100000E+001  0.100000E+001  0.100000E+002
  0.310000E+003  0.300000E+002  0.192836E+002 -0.239813E+002  0.402107E-003 -0.352860E-003  0.534977E-003 -0.533834E-003  0.410350E-003  0.673325E-003  0.120000E+002  0.200000E+001  0.100000E+001  0.500000E+000  0.300000E+000  0.200000E+001  0.100000E+001  0.100000E+001  0.100000E+002
  0.310500E+003  0.300000E+002  0.194834E+002 -0.238122E+002  0.413567E-003 -0.414213E-003  0.585329E-003 -0.540320E-003  0.481066E-003  0.723444E-003  0.120000E+002  0.200000E+001  0.100000E+001  0.500000E+000  0.300000E+000  0.200000E+001  0.100000E+001  0.100000E+001  0.100000E+002
  0.311000E+003  0.300000E+002  0.196818E+002 -0.236413E+002  0.419242E-003 -0.478490E-003  0.636174E-003 -0.538389E-003  0.552249E-003  0.771260E-003  0.120000E+002  0.200000E+001  0.100000E+001  0.500000E+000  0.300000E+000  0.200000E+001  0.100000E+001  0.100000E+001  0.100000E+002
  0.311500E+003  0.300000E+002  0.198786E+002 -0.234687E+002  0.419507E-003 -0.544618E-003  0.687455E-003 -0.529291E-003  0.622001E-003  0.816722E-003  0.120000E+002  0.200000E+001  0.100000E+001  0.500000E+000  0.300000E+000  0.200000E+001  0.100000E+001  0.100000E+001  0.100000E+002
  0.312000E+003  0.300000E+002  0.200739E+002 -0.232943E+002  0.415158E-003 -0.611997E-003  0.739525E-003 -0.514991E-003  0.689334E-003  0.860464E-003  0.120000E+002  0.200000E+001  0.100000E+001  0.500000E+000  0.300000E+000  0.200000E+001  0.100000E+001  0.100000E+001  0.100000E+002
  0.312500E+003  0.300000E+002  0.202677E+002 -0.231183E+002  0.407109E-003 -0.680724E-003  0.793172E-003 -0.497609E-003  0.754514E-003  0.903829E-003  0.120000E+002  0.200000E+001  0.100000E+001  0.500000E+000  0.300000E+000  0.200000E+001  0.100000E+001  0.100000E+001  0.100000E+002
  0.313000E+003  0.300000E+002  0.204600E+002 -0.229406E+002  0.395955E-003 -0.751603E-003  0.849521E-003 -0.478675E-003  0.819058E-003  0.948676E-003  0.120000E+002  0.200000E+001  0.100000E+001  0.500000E+000  0.300000E+000  0.200000E+001  0.100000E+001  0.100000E+001  0.100000E+002
  0.313500E+003  0.300000E+002  0.206506E+002 -0.227612E+002  0.381551E-003 -0.825904E-003  0.909779E-003 -0.458421E-003  0.885274E-003  0.996926E-003  0.120000E+002  0.200000E+001  0.100000E+001  0.500000E+000  0.300000E+000  0.200000E+001  0.100000E+001  0.100000E+001  0.100000E+002
  0.314000E+003  0.300000E+002  0.208398E+002 -0.225802E+002  0.362767E-003 -0.904856E-003  0.974866E-003 -0.435401E-003  0.955378E-003  0.104991E-002  0.120000E+002  0.200000E+001  0.100000E+001  0.500000E+000  0.300000E+000  0.200000E+001  0.100000E+001  0.100000E+001  0.100000E+002
  0.314500E+003  0.300000E+002  0.210273E+002 -0.223975E+002  0.337590E-003 -0.989022E-003  0.104505E-002 -0.406712E-003  0.103043E-002  0.110779E-002  0.120000E+002  0.200000E+001  0.100000E+001  0.500000E+000  0.300000E+000  0.200000E+001  0.100000E+001  0.100000E+001  0.100000E+002
  0.315000E+003  0.300000E+002  0.212132E+002 -0.222132E+002  0.303626E-003 -0.107779E-002  0.111974E-002 -0.368897E-003  0.110953E-002  0.116925E-002  0.120000E+002  0.200000E+001  0.100000E+001  0.500000E+000  0.300000E+000  0.200000E+001  0.100000E+001  0.100000E+001  0.100000E+002
  0.315500E+003  0.300000E+002  0.213975E+002 -0.220273E+002  0.258894E-003 -0.116928E-002  0.119760E-002 -0.319307E-003  0.118967E-002  0.123177E-002  0.120000E+002  0.200000E+001  0.100000E+001  0.500000E+000  0.300000E+000  0.200000E+001  0.100000E+001  0.100000E+001  0.100000E+002
  0.316000E+003  0.300000E+002  0.215802E+002 -0.218398E+002  0.202588E-003 -0.126075E-002  0.127693E-002 -0.257369E-003  0.126657E-002  0.129245E-002  0.120000E+002  0.200000E+001  0.100000E+001  0.500000E+000  0.300000E+000  0.200000E+001  0.100000E+001  0.100000E+001  0.100000E+002
  0.316500E+003  0.300000E+002  0.217612E+002 -0.216506E+002  0.135426E-003 -0.134957E-002  0.135635E-002 -0.185104E-003  0.133630E-002  0.134906E-002  0.120000E+002  0.200000E+001  0.100000E+001  0.500000E+000  0.300000E+000  0.200000E+001  0.100000E+001  0.100000E+001  0.100000E+002
  0.317000E+003  0.300000E+002  0.219406E+002 -0.214600E+002  0.592744E-004 -0.143417E-002  0.143539E-002 -0.106386E-003  0.139700E-002  0.140104E-002  0.120000E+002  0.200000E+001  0.100000E+001  0.500000E+000  0.300000E+000  0.200000E+001  0.100000E+001  0.100000E+001  0.100000E+002
  0.317500E+003  0.300000E+002  0.221183E+002 -0.212677E+002 -0.238977E-004 -0.151462E-002  0.151481E-002 -0.251021E-004  0.144968E-002  0.144990E-002  0.120000E+002  0.200000E+001  0.100000E+001  0.500000E+000  0.300000E+000  0.200000E+001  0.100000E+001  0.100000E+001  0.100000E+002
  0.318000E+003  0.300000E+002  0.222943E+002 -0.210739E+002 -0.113251E-003 -0.159228E-002  0.159631E-002  0.569722E-004  0.149760E-002  0.149868E-002  0.120000E+002  0.200000E+001  0.100000E+001  0.500000E+000  0.300000E+000  0.200000E+001  0.100000E+001  0.100000E+001  0.100000E+002
  0.318500E+003  0.300000E+002  0.224687E+002 -0.208786E+002 -0.209768E-003 -0.166857E-002  0.168171E-002  0.141290E-003  0.154404E-002  0.155049E-002  0.120000E+002  0.200000E+001  0.100000E+001  0.500000E+000  0.300000E+000  0.200000E+001  0.100000E+001  0.100000E+001  0.100000E+002
  0.319000E+003  0.300000E+002  0.226413E+002 -0.206818E+002 -0.315814E-003 -0.174347E-002  0.177185E-002  0.231685E-003  0.158980E-002  0.160660E-002  0.120000E+002  0.200000E+001  0.100000E+001  0.500000E+000  0.300000E+000  0.200000E+001  0.100000E+001  0.100000E+001  0.100000E+002
  0.319500E+003  0.300000E+002  0.228122E+002 -0.204834E+002 -0.433632E-003 -0.181481E-002  0.186590E-002  0.331743E-003  0.163203E-002  0.166540E-002  0.120000E+002  0.200000E+001  0.100000E+001  0.500000E+000  0.300000E+000  0.200000E+001  0.100000E+001  0.100000E+001  0.100000E+002
  0.320000E+003  0.300000E+002  0.229813E+002 -0.202836E+002 -0.563639E-003 -0.187890E-002  0.196162E-002  0.441902E-003  0.166540E-002  0.172303E-002  0.120000E+002  0.200000E+001  0.100000E+001  0.500000E+000  0.300000E+000  0.200000E+001  0.100000E+001  0.100000E+001  0.100000E+002
  0.320500E+003  0.300000E+002  0.231487E+002 -0.200823E+002 -0.703762E-003 -0.193243E-002  0.205660E-002  0.558440E-003  0.168544E-002  0.177554E-002  0.120000E+002  0.200000E+001  0.100000E+001  0.500000E+000  0.300000E+000  0.200000E+001  0.100000E+001  0.100000E+001  0.100000E+002
  0.321000E+003  0.300000E+002  0.233144E+002 -0.198796E+002 -0.850529E-003 -0.197431E-002  0.214972E-002  0.675468E-003  0.169160E-002  0.182147E-002  0.120000E+002  0.200000E+001  0.100000E+001  0.500000E+000  0.300000E+000  0.200000E+001  0.100000E+001  0.100000E+001  0.100000E+002
  0.321500E+003  0.300000E+002  0.234782E+002 -0.196754E+002 -0.100134E-002 -0.200595E-002  0.224199E-002  0.788891E-003  0.168764E-002  0.186292E-002  0.120000E+002  0.200000E+001  0.100000E+001  0.500000E+000  0.300000E+000  0.200000E+001  0.100000E+001  0.100000E+001  0.100000E+002
  0.322000E+003  0.300000E+002  0.236403E+002 -0.194698E+002 -0.115620E-002 -0.202955E-002  0.233578E-002  0.899296E-003  0.167852E-002  0.190425E-002  0.120000E+002  0.200000E+001  0.100000E+001  0.500000E+000  0.300000E+000  0.200000E+001  0.100000E+001  0.100000E+001  0.100000E+002
  0.322500E+003  0.300000E+002  0.238006E+002 -0.192628E+002 -0.131728E-002 -0.204549E-002  0.243296E-002  0.101106E-002  0.166591E-002  0.194872E-002  0.120000E+002  0.200000E+001  0.100000E+001  0.500000E+000  0.300000E+000  0.200000E+001  0.100000E+001  0.100000E+001  0.100000E+002
  0.323000E+003  0.300000E+002  0.239591E+002 -0.190545E+002 -0.148639E-002 -0.205118E-002  0.253312E-002  0.112787E-002  0.164630E-002  0.199560E-002  0.120000E+002  0.200000E+001  0.100000E+001  0.500000E+000  0.300000E+000  0.200000E+001  0.100000E+001  0.100000E+001  0.100000E+002
  0.323500E+003  0.300000E+002  0.241157E+002 -0.188447E+002 -0.166236E-002 -0.204259E-002  0.263355E-002  0.124841E-002  0.161380E-002  0.204031E-002  0.120000E+002  0.200000E+001  0.100000E+001  0.500000E+000  0.300000E+000  0.200000E+001  0.100000E+001  0.100000E+001  0.100000E+002
  0.324000E+003  0.300000E+002  0.242705E+002 -0.186336E+002 -0.184107E-002 -0.201748E-002  0.273126E-002  0.136636E-002  0.156572E-002  0.207808E-002  0.120000E+002  0.200000E+001  0.100000E+001  0.500000E+000  0.300000E+000  0.200000E+001  0.100000E+001  0.100000E+001  0.100000E+002
  0.324500E+003  0.300000E+002  0.244235E+002 -0.184211E+002 -0.201828E-002 -0.197727E-002  0.282542E-002  0.147558E-002  0.150556E-002  0.210809E-002  0.120000E+002  0.200000E+001  0.100000E+001  0.500000E+000  0.300000E+000  0.200000E+001  0.100000E+001  0.100000E+001  0.100000E+002
  0.325000E+003  0.300000E+002  0.245746E+002 -0.182073E+002 -0.219287E-002 -0.192530E-002  0.291812E-002  0.157553E-002  0.143994E-002  0.213441E-002  0.120000E+002  0.200000E+001  0.100000E+001  0.500000E+000  0.300000E+000  0.200000E+001  0.100000E+001  0.100000E+001  0.100000E+002
  0.325500E+003  0.300000E+002  0.247238E+002 -0.179922E+002 -0.236693E-002 -0.186305E-002  0.301219E-002  0.167123E-002  0.137192E-002  0.216221E-002  0.120000E+002  0.200000E+001  0.100000E+001  0.500000E+000  0.300000E+000  0.200000E+001  0.100000E+001  0.100000E+001  0.100000E+002
  0.326000E+003  0.300000E+002  0.248711E+002 -0.177758E+002 -0.254220E-002 -0.178816E-002  0.310810E-002  0.176696E-002  0.129783E-002  0.219238E-002  0.120000E+002  0.200000E+001  0.100000E+001  0.500000E+000  0.300000E+000  0.200000E+001  0.100000E+001  0.100000E+001  0.100000E+002
  0.326500E+003  0.300000E+002  0.250166E+002 -0.175581E+002 -0.271656E-002 -0.169693E-002  0.320301E-002  0.186037E-002  0.121170E-002  0.222018E-002  0.120000E+002  0.200000E+001  0.100000E+001  0.500000E+000  0.300000E+000  0.200000E+001  0.100000E+001  0.100000E+001  0.100000E+002
  0.327000E+003  0.300000E+002  0.251601E+002 -0.173392E+002 -0.288481E-002 -0.158877E-002  0.329337E-002  0.194396E-002  0.111294E-002  0.224000E-002  0.120000E+002  0.200000E+001  0.100000E+001  0.500000E+000  0.300000E+000  0.200000E+001  0.100000E+001  0.100000E+001  0.100000E+002
  0.327500E+003  0.300000E+002  0.253017E+002 -0.171190E+002 -0.304335E-002 -0.146738E-002  0.337863E-002  0.201322E-002  0.100811E-002  0.225152E-002  0.120000E+002  0.200000E+001  0.100000E+001  0.500000E+000  0.300000E+000  0.200000E+001  0.100000E+001  0.100000E+001  0.100000E+002
  0.328000E+003  0.300000E+002  0.254414E+002 -0.168976E+002 -0.319317E-002 -0.133674E-002  0.346168E-002  0.207164E-002  0.903935E-003  0.226027E-002  0.120000E+002  0.200000E+001  0.100000E+001  0.500000E+000  0.300000E+000  0.200000E+001  0.100000E+001  0.100000E+001  0.100000E+002
  0.328500E+003  0.300000E+002  0.255792E+002 -0.166750E+002 -0.333721E-002 -0.119662E-002  0.354526E-002  0.212584E-002  0.799525E-003  0.227122E-002  0.120000E+002  0.200000E+001  0.100000E+001  0.500000E+000  0.300000E+000  0.200000E+001  0.100000E+001  0.100000E+001  0.100000E+002
  0.329000E+003  0.300000E+002  0.257150E+002 -0.164511E+002 -0.347488E-002 -0.104354E-002  0.362819E-002  0.217621E-002  0.688405E-003  0.228250E-002  0.120000E+002  0.200000E+001  0.100000E+001  0.500000E+000  0.300000E+000  0.200000E+001  0.100000E+001  0.100000E+001  0.100000E+002
  0.329500E+003  0.300000E+002  0.258489E+002 -0.162262E+002 -0.360121E-002 -0.876521E-003  0.370635E-002  0.221561E-002  0.568403E-003  0.228736E-002  0.120000E+002  0.200000E+001  0.100000E+001  0.500000E+000  0.300000E+000  0.200000E+001  0.100000E+001  0.100000E+001  0.100000E+002
  0.330000E+003  0.300000E+002  0.259808E+002 -0.160000E+002 -0.371227E-002 -0.699805E-003  0.377765E-002  0.223879E-002  0.446208E-003  0.228282E-002  0.120000E+002  0.200000E+001  0.100000E+001  0.500000E+000  0.300000E+000  0.200000E+001  0.100000E+001  0.100000E+001  0.100000E+002
  0.330500E+003  0.300000E+002  0.261107E+002 -0.157727E+002 -0.380952E-002 -0.518344E-003  0.384462E-002  0.224986E-002  0.329349E-003  0.227384E-002  0.120000E+002  0.200000E+001  0.100000E+001  0.500000E+000  0.300000E+000  0.200000E+001  0.100000E+001  0.100000E+001  0.100000E+002
  0.331000E+003  0.300000E+002  0.262386E+002 -0.155443E+002 -0.389664E-002 -0.332053E-003  0.391077E-002  0.225644E-002  0.216401E-003  0.226679E-002  0.120000E+002  0.200000E+001  0.100000E+001  0.500000E+000  0.300000E+000  0.200000E+001  0.100000E+001  0.100000E+001  0.100000E+002
  0.331500E+003  0.300000E+002  0.263645E+002 -0.153148E+002 -0.397289E-002 -0.137537E-003  0.397527E-002  0.225817E-002  0.100260E-003  0.226039E-002  0.120000E+002  0.200000E+001  0.100000E+001  0.500000E+000  0.300000E+000  0.200000E+001  0.100000E+001  0.100000E+001  0.100000E+002
  0.332000E+003  0.300000E+002  0.264884E+002 -0.150841E+002 -0.403315E-002  0.647716E-004  0.403367E-002  0.224723E-002 -0.194945E-004  0.224732E-002  0.120000E+002  0.200000E+001  0.100000E+001  0.500000E+000  0.300000E+000  0.200000E+001  0.100000E+001  0.100000E+001  0.100000E+002
  0.332500E+003  0.300000E+002  0.266103E+002 -0.148525E+002 -0.407532E-002  0.269123E-003  0.408420E-002  0.222102E-002 -0.134292E-003  0.222508E-002  0.120000E+002  0.200000E+001  0.100000E+001  0.500000E+000  0.300000E+000  0.200000E+001  0.100000E+001  0.100000E+001  0.100000E+002
  0.333000E+003  0.300000E+002  0.267302E+002 -0.146197E+002 -0.410329E-002  0.471564E-003  0.413030E-002  0.218711E-002 -0.238979E-003  0.220013E-002  0.120000E+002  0.200000E+001  0.100000E+001  0.500000E+000  0.300000E+000  0.200000E+001  0.100000E+001  0.100000E+001  0.100000E+002
  0.333500E+003  0.300000E+002  0.268480E+002 -0.143859E+002 -0.412028E-002  0.674391E-003  0.417511E-002  0.215151E-002 -0.339258E-003  0.217810E-002  0.120000E+002  0.200000E+001  0.100000E+001  0.500000E+000  0.300000E+000  0.200000E+001  0.100000E+001  0.100000E+001  0.100000E+002
  0.334000E+003  0.300000E+002  0.269638E+002 -0.141511E+002 -0.412321E-002  0.880088E-003  0.421609E-002  0.210915E-002 -0.440964E-003  0.215475E-002  0.120000E+002  0.200000E+001  0.100000E+001  0.500000E+000  0.300000E+000  0.200000E+001  0.100000E+001  0.100000E+001  0.100000E+002
  0.334500E+003  0.300000E+002  0.270776E+002 -0.139153E+002 -0.410806E-002  0.108465E-002  0.424884E-002  0.205337E-002 -0.538669E-003  0.212285E-002  0.120000E+002  0.200000E+001  0.100000E+001  0.500000E+000  0.300000E+000  0.200000E+001  0.100000E+001  0.100000E+001  0.100000E+002
  0.335000E+003  0.300000E+002  0.271892E+002 -0.136785E+002 -0.407743E-002  0.128224E-002  0.427429E-002  0.198892E-002 -0.624053E-003  0.208452E-002  0.120000E+002  0.200000E+001  0.100000E+001  0.500000E+000  0.300000E+000  0.200000E+001  0.100000E+001  0.100000E+001  0.100000E+002
  0.335500E+003  0.300000E+002  0.272988E+002 -0.134408E+002 -0.403655E-002  0.147354E-002  0.429710E-002  0.192470E-002 -0.700106E-003  0.204807E-002  0.120000E+002  0.200000E+001  0.100000E+001  0.500000E+000  0.300000E+000  0.200000E+001  0.100000E+001  0.100000E+001  0.100000E+002
  0.336000E+003  0.300000E+002  0.274064E+002 -0.132021E+002 -0.398444E-002  0.166236E-002  0.431732E-002  0.185855E-002 -0.775021E-003  0.201367E-002  0.120000E+002  0.200000E+001  0.100000E+001  0.500000E+000  0.300000E+000  0.200000E+001  0.100000E+001  0.100000E+001  0.100000E+002
  0.336500E+003  0.300000E+002  0.275118E+002 -0.129625E+002 -0.391667E-002  0.184631E-002  0.433003E-002  0.178241E-002 -0.846060E-003  0.197302E-002  0.120000E+002  0.200000E+001  0.100000E+001  0.500000E+000  0.300000E+000  0.200000E+001  0.100000E+001  0.100000E+001  0.100000E+002
  0.337000E+003  0.300000E+002  0.276151E+002 -0.127219E+002 -0.383514E-002  0.201922E-002  0.433423E-002  0.169924E-002 -0.904100E-003  0.192479E-002  0.120000E+002  0.200000E+001  0.100000E+001  0.500000E+000  0.300000E+000  0.200000E+001  0.100000E+001  0.100000E+001  0.100000E+002
  0.337500E+003  0.300000E+002  0.277164E+002 -0.124805E+002 -0.374593E-002  0.218131E-002  0.433475E-002  0.161879E-002 -0.951147E-003  0.187754E-002  0.120000E+002  0.200000E+001  0.100000E+001  0.500000E+000  0.300000E+000  0.200000E+001  0.100000E+001  0.100000E+001  0.100000E+002
  0.338000E+003  0.300000E+002  0.278155E+002 -0.122382E+002 -0.364877E-002  0.233707E-002  0.433306E-002  0.153962E-002 -0.996301E-003  0.183386E-002  0.120000E+002  0.200000E+001  0.100000E+001  0.500000E+000  0.300000E+000  0.200000E+001  0.100000E+001  0.100000E+001  0.100000E+002
  0.338500E+003  0.300000E+002  0.279125E+002 -0.119950E+002 -0.353926E-002  0.248453E-002  0.432427E-002  0.145324E-002 -0.103719E-002  0.178541E-002  0.120000E+002  0.200000E+001  0.100000E+001  0.500000E+000  0.300000E+000  0.200000E+001  0.100000E+001  0.100000E+001  0.100000E+002
  0.339000E+003  0.300000E+002  0.280074E+002 -0.117510E+002 -0.341990E-002  0.261778E-002  0.430680E-002  0.136312E-002 -0.106480E-002  0.172971E-002  0.120000E+002  0.200000E+001  0.100000E+001  0.500000E+000  0.300000E+000  0.200000E+001  0.100000E+001  0.100000E+001  0.100000E+002
  0.339500E+003  0.300000E+002  0.281002E+002 -0.115062E+002 -0.329693E-002  0.273817E-002  0.428571E-002  0.127893E-002 -0.108265E-002  0.167565E-002  0.120000E+002  0.200000E+001  0.100000E+001  0.500000E+000  0.300000E+000  0.200000E+001  0.100000E+001  0.100000E+001  0.100000E+002
  0.340000E+003  0.300000E+002  0.281908E+002 -0.112606E+002 -0.316908E-002  0.285045E-002  0.426241E-002  0.119717E-002 -0.109979E-002  0.162565E-002  0.120000E+002  0.200000E+001  0.100000E+001  0.500000E+000  0.300000E+000  0.200000E+001  0.100000E+001  0.100000E+001  0.100000E+002
  0.340500E+003  0.300000E+002  0.282792E+002 -0.110142E+002 -0.303244E-002  0.295155E-002  0.423171E-002  0.110991E-002 -0.111156E-002  0.157082E-002  0.120000E+002  0.200000E+001  0.100000E+001  0.500000E+000  0.300000E+000  0.200000E+001  0.100000E+001  0.100000E+001  0.100000E+002
  0.341000E+003  0.300000E+002  0.283656E+002 -0.107670E+002 -0.289131E-002  0.303665E-002  0.419296E-002  0.102357E-002 -0.111036E-002  0.151017E-002  0.120000E+002  0.200000E+001  0.100000E+001  0.500000E+000  0.300000E+000  0.200000E+001  0.100000E+001  0.100000E+001  0.100000E+002
  0.341500E+003  0.300000E+002  0.284497E+002 -0.105191E+002 -0.275088E-002  0.310957E-002  0.415172E-002  0.945732E-003 -0.110346E-002  0.145328E-002  0.120000E+002  0.200000E+001  0.100000E+001  0.500000E+000  0.300000E+000  0.200000E+001  0.100000E+001  0.100000E+001  0.100000E+002
  0.342000E+003  0.300000E+002  0.285317E+002 -0.102705E+002 -0.260758E-002  0.317387E-002  0.410766E-002  0.868851E-003 -0.109733E-002  0.139966E-002  0.120000E+002  0.200000E+001  0.100000E+001  0.500000E+000  0.300000E+000  0.200000E+001  0.100000E+001  0.100000E+001  0.100000E+002
  0.342500E+003  0.300000E+002  0.286115E+002 -0.100212E+002 -0.245950E-002  0.322453E-002  0.405546E-002  0.788529E-003 -0.108350E-002  0.134005E-002  0.120000E+002  0.200000E+001  0.100000E+001  0.500000E+000  0.300000E+000  0.200000E+001  0.100000E+001  0.100000E+001  0.100000E+002
  0.343000E+003  0.300000E+002  0.286891E+002 -0.977115E+001 -0.231307E-002  0.325980E-002  0.399707E-002  0.714734E-003 -0.105928E-002  0.127786E-002  0.120000E+002  0.200000E+001  0.100000E+001  0.500000E+000  0.300000E+000  0.200000E+001  0.100000E+001  0.100000E+001  0.100000E+002
  0.343500E+003  0.300000E+002  0.287646E+002 -0.952046E+001 -0.216988E-002  0.328573E-002  0.393756E-002  0.648854E-003 -0.103526E-002  0.122179E-002  0.120000E+002  0.200000E+001  0.100000E+001  0.500000E+000  0.300000E+000  0.200000E+001  0.100000E+001  0.100000E+001  0.100000E+002
  0.344000E+003  0.300000E+002  0.288379E+002 -0.926912E+001 -0.202482E-002  0.330205E-002  0.387343E-002  0.580872E-003 -0.101083E-002  0.116585E-002  0.120000E+002  0.200000E+001  0.100000E+001  0.500000E+000  0.300000E+000  0.200000E+001  0.100000E+001  0.100000E+001  0.100000E+002
  0.344500E+003  0.300000E+002  0.289089E+002 -0.901715E+001 -0.188047E-002  0.330342E-002  0.380116E-002  0.514333E-003 -0.976672E-003  0.110382E-002  0.120000E+002  0.200000E+001  0.100000E+001  0.500000E+000  0.300000E+000  0.200000E+001  0.100000E+001  0.100000E+001  0.100000E+002
  0.345000E+003  0.300000E+002  0.289778E+002 -0.876457E+001 -0.174258E-002  0.329340E-002  0.372600E-002  0.458027E-003 -0.938929E-003  0.104469E-002  0.120000E+002  0.200000E+001  0.100000E+001  0.500000E+000  0.300000E+000  0.200000E+001  0.100000E+001  0.100000E+001  0.100000E+002
  0.345500E+003  0.300000E+002  0.290444E+002 -0.851140E+001 -0.160732E-002  0.327646E-002  0.364947E-002  0.404204E-003 -0.904958E-003  0.991126E-003  0.120000E+002  0.200000E+001  0.100000E+001  0.500000E+000  0.300000E+000  0.200000E+001  0.100000E+001  0.100000E+001  0.100000E+002
  0.346000E+003  0.300000E+002  0.291089E+002 -0.825766E+001 -0.147255E-002  0.324758E-002  0.356583E-002  0.348383E-003 -0.865705E-003  0.933175E-003  0.120000E+002  0.200000E+001  0.100000E+001  0.500000E+000  0.300000E+000  0.200000E+001  0.100000E+001  0.100000E+001  0.100000E+002
  0.346500E+003  0.300000E+002  0.291711E+002 -0.800336E+001 -0.134478E-002  0.320622E-002  0.347682E-002  0.300992E-003 -0.820027E-003  0.873522E-003  0.120000E+002  0.200000E+001  0.100000E+001  0.500000E+000  0.300000E+000  0.200000E+001  0.100000E+001  0.100000E+001  0.100000E+002
  0.347000E+003  0.300000E+002  0.292311E+002 -0.774853E+001 -0.122353E-002  0.315890E-002  0.338758E-002  0.260257E-003 -0.778767E-003  0.821104E-003  0.120000E+002  0.200000E+001  0.100000E+001  0.500000E+000  0.300000E+000  0.200000E+001  0.100000E+001  0.100000E+001  0.100000E+002
  0.347500E+003  0.300000E+002  0.292889E+002 -0.749319E+001 -0.110375E-002  0.310327E-002  0.329372E-002  0.216738E-003 -0.737268E-003  0.768466E-003  0.120000E+002  0.200000E+001  0.100000E+001  0.500000E+000  0.300000E+000  0.200000E+001  0.100000E+001  0.100000E+001  0.100000E+002
  0.348000E+003  0.300000E+002  0.293444E+002 -0.723735E+001 -0.990249E-003  0.303563E-002  0.319306E-002  0.178275E-003 -0.688731E-003  0.711430E-003  0.120000E+002  0.200000E+001  0.100000E+001  0.500000E+000  0.300000E+000  0.200000E+001  0.100000E+001  0.100000E+001  0.100000E+002
  0.348500E+003  0.300000E+002  0.293977E+002 -0.698104E+001 -0.885666E-003  0.296217E-002  0.309174E-002  0.148677E-003 -0.643474E-003  0.660427E-003  0.120000E+002  0.200000E+001  0.100000E+001  0.500000E+000  0.300000E+000  0.200000E+001  0.100000E+001  0.100000E+001  0.100000E+002
  0.349000E+003  0.300000E+002  0.294488E+002 -0.672427E+001 -0.784000E-003  0.288349E-002  0.298817E-002  0.117047E-003 -0.601815E-003  0.613092E-003  0.120000E+002  0.200000E+001  0.100000E+001  0.500000E+000  0.300000E+000  0.200000E+001  0.100000E+001  0.100000E+001  0.100000E+002
  0.349500E+003  0.300000E+002  0.294976E+002 -0.646707E+001 -0.687695E-003  0.279426E-002  0.287764E-002  0.873393E-004 -0.554059E-003  0.560900E-003  0.120000E+002  0.200000E+001  0.100000E+001  0.500000E+000  0.300000E+000  0.200000E+001  0.100000E+001  0.100000E+001  0.100000E+002
  0.350000E+003  0.300000E+002  0.295442E+002 -0.620945E+001 -0.601317E-003  0.269936E-002  0.276552E-002  0.669793E-004 -0.508215E-003  0.512609E-003  0.120000E+002  0.200000E+001  0.100000E+001  0.500000E+000  0.300000E+000  0.200000E+001  0.100000E+001  0.100000E+001  0.100000E+002
  0.350500E+003  0.300000E+002  0.295886E+002 -0.595143E+001 -0.519087E-003  0.260151E-002  0.265280E-002  0.456018E-004 -0.468327E-003  0.470542E-003  0.120000E+002  0.200000E+001  0.100000E+001  0.500000E+000  0.300000E+000  0.200000E+001  0.100000E+001  0.100000E+001  0.100000E+002
  0.351000E+003  0.300000E+002  0.296307E+002 -0.569303E+001 -0.441432E-003  0.249490E-002  0.253365E-002  0.238798E-004 -0.423759E-003  0.424431E-003  0.120000E+002  0.200000E+001  0.100000E+001  0.500000E+000  0.300000E+000  0.200000E+001  0.100000E+001  0.100000E+001  0.100000E+002
  0.351500E+003  0.300000E+002  0.296705E+002 -0.543428E+001 -0.373840E-003  0.238303E-002  0.241217E-002  0.110693E-004 -0.380231E-003  0.380392E-003  0.120000E+002  0.200000E+001  0.100000E+001  0.500000E+000  0.300000E+000  0.200000E+001  0.100000E+001  0.100000E+001  0.100000E+002
  0.352000E+003  0.300000E+002  0.297080E+002 -0.517519E+001 -0.311016E-003  0.226986E-002  0.229107E-002 -0.219771E-005 -0.343938E-003  0.343945E-003  0.120000E+002  0.200000E+001  0.100000E+001  0.500000E+000  0.300000E+000  0.200000E+001  0.100000E+001  0.100000E+001  0.100000E+002
  0.352500E+003  0.300000E+002  0.297433E+002 -0.491579E+001 -0.252143E-003  0.214949E-002  0.216423E-002 -0.172255E-004 -0.304123E-003  0.304610E-003  0.120000E+002  0.200000E+001  0.100000E+001  0.500000E+000  0.300000E+000  0.200000E+001  0.100000E+001  0.100000E+001  0.100000E+002
  0.353000E+003  0.300000E+002  0.297764E+002 -0.465608E+001 -0.203019E-003  0.202462E-002  0.203478E-002 -0.240254E-004 -0.265141E-003  0.266227E-003  0.120000E+002  0.200000E+001  0.100000E+001  0.500000E+000  0.300000E+000  0.200000E+001  0.100000E+001  0.100000E+001  0.100000E+002
  0.353500E+003  0.300000E+002  0.298072E+002 -0.439610E+001 -0.158577E-003  0.189965E-002  0.190626E-002 -0.314167E-004 -0.234020E-003  0.236120E-003  0.120000E+002  0.200000E+001  0.100000E+001  0.500000E+000  0.300000E+000  0.200000E+001  0.100000E+001  0.100000E+001  0.100000E+002
  0.354000E+003  0.300000E+002  0.298357E+002 -0.413585E+001 -0.117580E-003  0.176862E-002  0.177252E-002 -0.412811E-004 -0.199958E-003  0.204175E-003  0.120000E+002  0.200000E+001  0.100000E+001  0.500000E+000  0.300000E+000  0.200000E+001  0.100000E+001  0.100000E+001  0.100000E+002
  0.354500E+003  0.300000E+002  0.298619E+002 -0.387537E+001 -0.858050E-004  0.163410E-002  0.163635E-002 -0.435128E-004 -0.167177E-003  0.172747E-003  0.120000E+002  0.200000E+001  0.100000E+001  0.500000E+000  0.300000E+000  0.200000E+001  0.100000E+001  0.100000E+001  0.100000E+002
  0.355000E+003  0.300000E+002  0.298858E+002 -0.361467E+001 -0.579680E-004  0.150032E-002  0.150144E-002 -0.471679E-004 -0.142436E-003  0.150043E-003  0.120000E+002  0.200000E+001  0.100000E+001  0.500000E+000  0.300000E+000  0.200000E+001  0.100000E+001  0.100000E+001  0.100000E+002
  0.355500E+003  0.300000E+002  0.299075E+002 -0.335377E+001 -0.332090E-004  0.136114E-002  0.136155E-002 -0.533407E-004 -0.114746E-003  0.126538E-003  0.120000E+002  0.200000E+001  0.100000E+001  0.500000E+000  0.300000E+000  0.200000E+001  0.100000E+001  0.100000E+001  0.100000E+002
  0.356000E+003  0.300000E+002  0.299269E+002 -0.309269E+001 -0.169871E-004  0.121976E-002  0.121988E-002 -0.523743E-004 -0.894283E-004  0.103636E-003  0.120000E+002  0.200000E+001  0.100000E+001  0.500000E+000  0.300000E+000  0.200000E+001  0.100000E+001  0.100000E+001  0.100000E+002
  0.356500E+003  0.300000E+002  0.299440E+002 -0.283146E+001 -0.341078E-005  0.107954E-002  0.107955E-002 -0.542391E-004 -0.718297E-004  0.900077E-004  0.120000E+002  0.200000E+001  0.100000E+001  0.500000E+000  0.300000E+000  0.200000E+001  0.100000E+001  0.100000E+001  0.100000E+002
