 % the field is pps
% Dinn5 settings , t1, t2, t3, t4, tm, tp, eps, step, IntLimit
%   0.250000E+001  0.250000E+001  0.250000E+001  0.280000E+002  0.200000E-001  0.000000E+000  0.100000E-005  0.100000E-001  0.100000E+006
%psi, R, x, z, re(u), im(u), abs(u), re(w), im(w), abs(w), fieldCode, cp(1), cp(2), cs(1), cs(2), rho(1), rho(2), h, w
  0.183000E+003  0.300000E+002 -0.299589E+002 -0.257008E+001 -0.363070E-004 -0.874212E-003  0.874965E-003 -0.194006E-005 -0.467135E-004  0.467538E-004  0.120000E+002  0.200000E+001  0.100000E+001  0.500000E+000  0.300000E+000  0.200000E+001  0.100000E+001  0.100000E+001  0.100000E+002
  0.183500E+003  0.300000E+002 -0.299440E+002 -0.283146E+001 -0.304063E-004 -0.101586E-002  0.101631E-002 -0.189618E-005 -0.633503E-004  0.633786E-004  0.120000E+002  0.200000E+001  0.100000E+001  0.500000E+000  0.300000E+000  0.200000E+001  0.100000E+001  0.100000E+001  0.100000E+002
  0.184000E+003  0.300000E+002 -0.299269E+002 -0.309269E+001 -0.203102E-004 -0.115592E-002  0.115610E-002 -0.144806E-005 -0.824142E-004  0.824270E-004  0.120000E+002  0.200000E+001  0.100000E+001  0.500000E+000  0.300000E+000  0.200000E+001  0.100000E+001  0.100000E+001  0.100000E+002
  0.184500E+003  0.300000E+002 -0.299075E+002 -0.335377E+001 -0.574845E-005 -0.129422E-002  0.129423E-002 -0.461277E-006 -0.103853E-003  0.103854E-003  0.120000E+002  0.200000E+001  0.100000E+001  0.500000E+000  0.300000E+000  0.200000E+001  0.100000E+001  0.100000E+001  0.100000E+002
  0.185000E+003  0.300000E+002 -0.298858E+002 -0.361467E+001  0.135389E-004 -0.143054E-002  0.143061E-002  0.120771E-005 -0.127608E-003  0.127614E-003  0.120000E+002  0.200000E+001  0.100000E+001  0.500000E+000  0.300000E+000  0.200000E+001  0.100000E+001  0.100000E+001  0.100000E+002
  0.185500E+003  0.300000E+002 -0.298619E+002 -0.387537E+001  0.377944E-004 -0.156467E-002  0.156512E-002  0.371046E-005 -0.153611E-003  0.153655E-003  0.120000E+002  0.200000E+001  0.100000E+001  0.500000E+000  0.300000E+000  0.200000E+001  0.100000E+001  0.100000E+001  0.100000E+002
  0.186000E+003  0.300000E+002 -0.298357E+002 -0.413585E+001  0.672485E-004 -0.169634E-002  0.169767E-002  0.720649E-005 -0.181783E-003  0.181926E-003  0.120000E+002  0.200000E+001  0.100000E+001  0.500000E+000  0.300000E+000  0.200000E+001  0.100000E+001  0.100000E+001  0.100000E+002
  0.186500E+003  0.300000E+002 -0.298072E+002 -0.439610E+001  0.102113E-003 -0.182531E-002  0.182816E-002  0.118620E-004 -0.212039E-003  0.212370E-003  0.120000E+002  0.200000E+001  0.100000E+001  0.500000E+000  0.300000E+000  0.200000E+001  0.100000E+001  0.100000E+001  0.100000E+002
  0.187000E+003  0.300000E+002 -0.297764E+002 -0.465608E+001  0.142577E-003 -0.195129E-002  0.195649E-002  0.178488E-004 -0.244276E-003  0.244927E-003  0.120000E+002  0.200000E+001  0.100000E+001  0.500000E+000  0.300000E+000  0.200000E+001  0.100000E+001  0.100000E+001  0.100000E+002
  0.187500E+003  0.300000E+002 -0.297433E+002 -0.491579E+001  0.188813E-003 -0.207397E-002  0.208255E-002  0.253438E-004 -0.278383E-003  0.279534E-003  0.120000E+002  0.200000E+001  0.100000E+001  0.500000E+000  0.300000E+000  0.200000E+001  0.100000E+001  0.100000E+001  0.100000E+002
  0.188000E+003  0.300000E+002 -0.297080E+002 -0.517519E+001  0.240966E-003 -0.219304E-002  0.220624E-002  0.345275E-004 -0.314236E-003  0.316127E-003  0.120000E+002  0.200000E+001  0.100000E+001  0.500000E+000  0.300000E+000  0.200000E+001  0.100000E+001  0.100000E+001  0.100000E+002
  0.188500E+003  0.300000E+002 -0.296705E+002 -0.543428E+001  0.299159E-003 -0.230815E-002  0.232746E-002  0.455832E-004 -0.351695E-003  0.354637E-003  0.120000E+002  0.200000E+001  0.100000E+001  0.500000E+000  0.300000E+000  0.200000E+001  0.100000E+001  0.100000E+001  0.100000E+002
  0.189000E+003  0.300000E+002 -0.296307E+002 -0.569303E+001  0.363484E-003 -0.241894E-002  0.244610E-002  0.586944E-004 -0.390604E-003  0.394989E-003  0.120000E+002  0.200000E+001  0.100000E+001  0.500000E+000  0.300000E+000  0.200000E+001  0.100000E+001  0.100000E+001  0.100000E+002
  0.189500E+003  0.300000E+002 -0.295886E+002 -0.595143E+001  0.434003E-003 -0.252503E-002  0.256206E-002  0.740447E-004 -0.430793E-003  0.437110E-003  0.120000E+002  0.200000E+001  0.100000E+001  0.500000E+000  0.300000E+000  0.200000E+001  0.100000E+001  0.100000E+001  0.100000E+002
  0.190000E+003  0.300000E+002 -0.295442E+002 -0.620945E+001  0.510742E-003 -0.262603E-002  0.267523E-002  0.918143E-004 -0.472072E-003  0.480917E-003  0.120000E+002  0.200000E+001  0.100000E+001  0.500000E+000  0.300000E+000  0.200000E+001  0.100000E+001  0.100000E+001  0.100000E+002
  0.190500E+003  0.300000E+002 -0.294976E+002 -0.646707E+001  0.593697E-003 -0.272151E-002  0.278551E-002  0.112181E-003 -0.514236E-003  0.526330E-003  0.120000E+002  0.200000E+001  0.100000E+001  0.500000E+000  0.300000E+000  0.200000E+001  0.100000E+001  0.100000E+001  0.100000E+002
  0.191000E+003  0.300000E+002 -0.294488E+002 -0.672427E+001  0.682822E-003 -0.281105E-002  0.289280E-002  0.135313E-003 -0.557060E-003  0.573259E-003  0.120000E+002  0.200000E+001  0.100000E+001  0.500000E+000  0.300000E+000  0.200000E+001  0.100000E+001  0.100000E+001  0.100000E+002
  0.191500E+003  0.300000E+002 -0.293977E+002 -0.698104E+001  0.778030E-003 -0.289422E-002  0.299697E-002  0.161374E-003 -0.600301E-003  0.621613E-003  0.120000E+002  0.200000E+001  0.100000E+001  0.500000E+000  0.300000E+000  0.200000E+001  0.100000E+001  0.100000E+001  0.100000E+002
  0.192000E+003  0.300000E+002 -0.293444E+002 -0.723735E+001  0.879195E-003 -0.297055E-002  0.309793E-002  0.190515E-003 -0.643696E-003  0.671298E-003  0.120000E+002  0.200000E+001  0.100000E+001  0.500000E+000  0.300000E+000  0.200000E+001  0.100000E+001  0.100000E+001  0.100000E+002
  0.192500E+003  0.300000E+002 -0.292889E+002 -0.749319E+001  0.986139E-003 -0.303960E-002  0.319556E-002  0.222873E-003 -0.686965E-003  0.722214E-003  0.120000E+002  0.200000E+001  0.100000E+001  0.500000E+000  0.300000E+000  0.200000E+001  0.100000E+001  0.100000E+001  0.100000E+002
  0.193000E+003  0.300000E+002 -0.292311E+002 -0.774853E+001  0.109864E-002 -0.310089E-002  0.328976E-002  0.258570E-003 -0.729807E-003  0.774258E-003  0.120000E+002  0.200000E+001  0.100000E+001  0.500000E+000  0.300000E+000  0.200000E+001  0.100000E+001  0.100000E+001  0.100000E+002
  0.193500E+003  0.300000E+002 -0.291711E+002 -0.800336E+001  0.121643E-002 -0.315396E-002  0.338041E-002  0.297709E-003 -0.771901E-003  0.827322E-003  0.120000E+002  0.200000E+001  0.100000E+001  0.500000E+000  0.300000E+000  0.200000E+001  0.100000E+001  0.100000E+001  0.100000E+002
  0.194000E+003  0.300000E+002 -0.291089E+002 -0.825766E+001  0.133918E-002 -0.319836E-002  0.346741E-002  0.340373E-003 -0.812912E-003  0.881295E-003  0.120000E+002  0.200000E+001  0.100000E+001  0.500000E+000  0.300000E+000  0.200000E+001  0.100000E+001  0.100000E+001  0.100000E+002
  0.194500E+003  0.300000E+002 -0.290444E+002 -0.851140E+001  0.146652E-002 -0.323364E-002  0.355065E-002  0.386620E-003 -0.852487E-003  0.936061E-003  0.120000E+002  0.200000E+001  0.100000E+001  0.500000E+000  0.300000E+000  0.200000E+001  0.100000E+001  0.100000E+001  0.100000E+002
  0.195000E+003  0.300000E+002 -0.289778E+002 -0.876457E+001  0.159802E-002 -0.325934E-002  0.363001E-002  0.436481E-003 -0.890255E-003  0.991499E-003  0.120000E+002  0.200000E+001  0.100000E+001  0.500000E+000  0.300000E+000  0.200000E+001  0.100000E+001  0.100000E+001  0.100000E+002
  0.195500E+003  0.300000E+002 -0.289089E+002 -0.901715E+001  0.173318E-002 -0.327507E-002  0.370540E-002  0.489954E-003 -0.925833E-003  0.104748E-002  0.120000E+002  0.200000E+001  0.100000E+001  0.500000E+000  0.300000E+000  0.200000E+001  0.100000E+001  0.100000E+001  0.100000E+002
  0.196000E+003  0.300000E+002 -0.288379E+002 -0.926912E+001  0.187147E-002 -0.328040E-002  0.377669E-002  0.547011E-003 -0.958827E-003  0.110389E-002  0.120000E+002  0.200000E+001  0.100000E+001  0.500000E+000  0.300000E+000  0.200000E+001  0.100000E+001  0.100000E+001  0.100000E+002
  0.196500E+003  0.300000E+002 -0.287646E+002 -0.952046E+001  0.201229E-002 -0.327498E-002  0.384380E-002  0.607583E-003 -0.988834E-003  0.116058E-002  0.120000E+002  0.200000E+001  0.100000E+001  0.500000E+000  0.300000E+000  0.200000E+001  0.100000E+001  0.100000E+001  0.100000E+002
  0.197000E+003  0.300000E+002 -0.286891E+002 -0.977115E+001  0.215500E-002 -0.325847E-002  0.390661E-002  0.671565E-003 -0.101544E-002  0.121742E-002  0.120000E+002  0.200000E+001  0.100000E+001  0.500000E+000  0.300000E+000  0.200000E+001  0.100000E+001  0.100000E+001  0.100000E+002
  0.197500E+003  0.300000E+002 -0.286115E+002 -0.100212E+002  0.229888E-002 -0.323058E-002  0.396503E-002  0.738812E-003 -0.103824E-002  0.127428E-002  0.120000E+002  0.200000E+001  0.100000E+001  0.500000E+000  0.300000E+000  0.200000E+001  0.100000E+001  0.100000E+001  0.100000E+002
  0.198000E+003  0.300000E+002 -0.285317E+002 -0.102705E+002  0.244319E-002 -0.319106E-002  0.401896E-002  0.809134E-003 -0.105681E-002  0.133100E-002  0.120000E+002  0.200000E+001  0.100000E+001  0.500000E+000  0.300000E+000  0.200000E+001  0.100000E+001  0.100000E+001  0.100000E+002
  0.198500E+003  0.300000E+002 -0.284497E+002 -0.105191E+002  0.258713E-002 -0.313973E-002  0.406831E-002  0.882302E-003 -0.107076E-002  0.138744E-002  0.120000E+002  0.200000E+001  0.100000E+001  0.500000E+000  0.300000E+000  0.200000E+001  0.100000E+001  0.100000E+001  0.100000E+002
  0.199000E+003  0.300000E+002 -0.283656E+002 -0.107670E+002  0.272985E-002 -0.307646E-002  0.411299E-002  0.958034E-003 -0.107968E-002  0.144345E-002  0.120000E+002  0.200000E+001  0.100000E+001  0.500000E+000  0.300000E+000  0.200000E+001  0.100000E+001  0.100000E+001  0.100000E+002
  0.199500E+003  0.300000E+002 -0.282792E+002 -0.110142E+002  0.287047E-002 -0.300119E-002  0.415292E-002  0.103601E-002 -0.108319E-002  0.149887E-002  0.120000E+002  0.200000E+001  0.100000E+001  0.500000E+000  0.300000E+000  0.200000E+001  0.100000E+001  0.100000E+001  0.100000E+002
  0.200000E+003  0.300000E+002 -0.281908E+002 -0.112606E+002  0.300808E-002 -0.291392E-002  0.418802E-002  0.111586E-002 -0.108093E-002  0.155356E-002  0.120000E+002  0.200000E+001  0.100000E+001  0.500000E+000  0.300000E+000  0.200000E+001  0.100000E+001  0.100000E+001  0.100000E+002
  0.200500E+003  0.300000E+002 -0.281002E+002 -0.115062E+002  0.314174E-002 -0.281475E-002  0.421822E-002  0.119716E-002 -0.107256E-002  0.160735E-002  0.120000E+002  0.200000E+001  0.100000E+001  0.500000E+000  0.300000E+000  0.200000E+001  0.100000E+001  0.100000E+001  0.100000E+002
  0.201000E+003  0.300000E+002 -0.280074E+002 -0.117510E+002  0.327048E-002 -0.270386E-002  0.424345E-002  0.127946E-002 -0.105779E-002  0.166010E-002  0.120000E+002  0.200000E+001  0.100000E+001  0.500000E+000  0.300000E+000  0.200000E+001  0.100000E+001  0.100000E+001  0.100000E+002
  0.201500E+003  0.300000E+002 -0.279125E+002 -0.119950E+002  0.339334E-002 -0.258151E-002  0.426368E-002  0.136224E-002 -0.103633E-002  0.171163E-002  0.120000E+002  0.200000E+001  0.100000E+001  0.500000E+000  0.300000E+000  0.200000E+001  0.100000E+001  0.100000E+001  0.100000E+002
  0.202000E+003  0.300000E+002 -0.278155E+002 -0.122382E+002  0.350935E-002 -0.244806E-002  0.427884E-002  0.144495E-002 -0.100797E-002  0.176179E-002  0.120000E+002  0.200000E+001  0.100000E+001  0.500000E+000  0.300000E+000  0.200000E+001  0.100000E+001  0.100000E+001  0.100000E+002
  0.202500E+003  0.300000E+002 -0.277164E+002 -0.124805E+002  0.361754E-002 -0.230395E-002  0.428891E-002  0.152703E-002 -0.972537E-003  0.181042E-002  0.120000E+002  0.200000E+001  0.100000E+001  0.500000E+000  0.300000E+000  0.200000E+001  0.100000E+001  0.100000E+001  0.100000E+002
  0.203000E+003  0.300000E+002 -0.276151E+002 -0.127219E+002  0.371697E-002 -0.214973E-002  0.429386E-002  0.160783E-002 -0.929900E-003  0.185738E-002  0.120000E+002  0.200000E+001  0.100000E+001  0.500000E+000  0.300000E+000  0.200000E+001  0.100000E+001  0.100000E+001  0.100000E+002
  0.203500E+003  0.300000E+002 -0.275118E+002 -0.129625E+002  0.380673E-002 -0.198606E-002  0.429367E-002  0.168673E-002 -0.880003E-003  0.190249E-002  0.120000E+002  0.200000E+001  0.100000E+001  0.500000E+000  0.300000E+000  0.200000E+001  0.100000E+001  0.100000E+001  0.100000E+002
  0.204000E+003  0.300000E+002 -0.274064E+002 -0.132021E+002  0.388595E-002 -0.181367E-002  0.428835E-002  0.176303E-002 -0.822851E-003  0.194560E-002  0.120000E+002  0.200000E+001  0.100000E+001  0.500000E+000  0.300000E+000  0.200000E+001  0.100000E+001  0.100000E+001  0.100000E+002
  0.204500E+003  0.300000E+002 -0.272988E+002 -0.134408E+002  0.395380E-002 -0.163339E-002  0.427791E-002  0.183607E-002 -0.758516E-003  0.198658E-002  0.120000E+002  0.200000E+001  0.100000E+001  0.500000E+000  0.300000E+000  0.200000E+001  0.100000E+001  0.100000E+001  0.100000E+002
  0.205000E+003  0.300000E+002 -0.271892E+002 -0.136785E+002  0.400954E-002 -0.144615E-002  0.426236E-002  0.190514E-002 -0.687144E-003  0.202528E-002  0.120000E+002  0.200000E+001  0.100000E+001  0.500000E+000  0.300000E+000  0.200000E+001  0.100000E+001  0.100000E+001  0.100000E+002
  0.205500E+003  0.300000E+002 -0.270776E+002 -0.139153E+002  0.405247E-002 -0.125297E-002  0.424175E-002  0.196955E-002 -0.608959E-003  0.206155E-002  0.120000E+002  0.200000E+001  0.100000E+001  0.500000E+000  0.300000E+000  0.200000E+001  0.100000E+001  0.100000E+001  0.100000E+002
  0.206000E+003  0.300000E+002 -0.269638E+002 -0.141511E+002  0.408202E-002 -0.105493E-002  0.421613E-002  0.202861E-002 -0.524259E-003  0.209526E-002  0.120000E+002  0.200000E+001  0.100000E+001  0.500000E+000  0.300000E+000  0.200000E+001  0.100000E+001  0.100000E+001  0.100000E+002
  0.206500E+003  0.300000E+002 -0.268480E+002 -0.143859E+002  0.409769E-002 -0.853191E-003  0.418557E-002  0.208164E-002 -0.433425E-003  0.212629E-002  0.120000E+002  0.200000E+001  0.100000E+001  0.500000E+000  0.300000E+000  0.200000E+001  0.100000E+001  0.100000E+001  0.100000E+002
  0.207000E+003  0.300000E+002 -0.267302E+002 -0.146197E+002  0.409909E-002 -0.648971E-003  0.415014E-002  0.212801E-002 -0.336909E-003  0.215452E-002  0.120000E+002  0.200000E+001  0.100000E+001  0.500000E+000  0.300000E+000  0.200000E+001  0.100000E+001  0.100000E+001  0.100000E+002
  0.207500E+003  0.300000E+002 -0.266103E+002 -0.148525E+002  0.408595E-002 -0.443544E-003  0.410995E-002  0.216711E-002 -0.235247E-003  0.217984E-002  0.120000E+002  0.200000E+001  0.100000E+001  0.500000E+000  0.300000E+000  0.200000E+001  0.100000E+001  0.100000E+001  0.100000E+002
  0.208000E+003  0.300000E+002 -0.264884E+002 -0.150841E+002  0.405811E-002 -0.238211E-003  0.406510E-002  0.219836E-002 -0.129043E-003  0.220214E-002  0.120000E+002  0.200000E+001  0.100000E+001  0.500000E+000  0.300000E+000  0.200000E+001  0.100000E+001  0.100000E+001  0.100000E+002
  0.208500E+003  0.300000E+002 -0.263645E+002 -0.153148E+002  0.401557E-002 -0.343027E-004  0.401572E-002  0.222127E-002 -0.189750E-004  0.222135E-002  0.120000E+002  0.200000E+001  0.100000E+001  0.500000E+000  0.300000E+000  0.200000E+001  0.100000E+001  0.100000E+001  0.100000E+002
  0.209000E+003  0.300000E+002 -0.262386E+002 -0.155443E+002  0.395844E-002  0.166846E-003  0.396195E-002  0.223540E-002  0.942208E-004  0.223738E-002  0.120000E+002  0.200000E+001  0.100000E+001  0.500000E+000  0.300000E+000  0.200000E+001  0.100000E+001  0.100000E+001  0.100000E+002
  0.209500E+003  0.300000E+002 -0.261107E+002 -0.157727E+002  0.388695E-002  0.363902E-003  0.390395E-002  0.224037E-002  0.209747E-003  0.225017E-002  0.120000E+002  0.200000E+001  0.100000E+001  0.500000E+000  0.300000E+000  0.200000E+001  0.100000E+001  0.100000E+001  0.100000E+002
  0.210000E+003  0.300000E+002 -0.259808E+002 -0.160000E+002  0.380150E-002  0.555559E-003  0.384188E-002  0.223590E-002  0.326759E-003  0.225965E-002  0.120000E+002  0.200000E+001  0.100000E+001  0.500000E+000  0.300000E+000  0.200000E+001  0.100000E+001  0.100000E+001  0.100000E+002
  0.210500E+003  0.300000E+002 -0.258489E+002 -0.162262E+002  0.370260E-002  0.740543E-003  0.377593E-002  0.222179E-002  0.444372E-003  0.226579E-002  0.120000E+002  0.200000E+001  0.100000E+001  0.500000E+000  0.300000E+000  0.200000E+001  0.100000E+001  0.100000E+001  0.100000E+002
  0.211000E+003  0.300000E+002 -0.257150E+002 -0.164511E+002  0.359090E-002  0.917642E-003  0.370630E-002  0.219793E-002  0.561673E-003  0.226856E-002  0.120000E+002  0.200000E+001  0.100000E+001  0.500000E+000  0.300000E+000  0.200000E+001  0.100000E+001  0.100000E+001  0.100000E+002
  0.211500E+003  0.300000E+002 -0.255792E+002 -0.166750E+002  0.346717E-002  0.108570E-002  0.363318E-002  0.216431E-002  0.677730E-003  0.226794E-002  0.120000E+002  0.200000E+001  0.100000E+001  0.500000E+000  0.300000E+000  0.200000E+001  0.100000E+001  0.100000E+001  0.100000E+002
  0.212000E+003  0.300000E+002 -0.254414E+002 -0.168976E+002  0.333229E-002  0.124366E-002  0.355681E-002  0.212103E-002  0.791603E-003  0.226394E-002  0.120000E+002  0.200000E+001  0.100000E+001  0.500000E+000  0.300000E+000  0.200000E+001  0.100000E+001  0.100000E+001  0.100000E+002
  0.212500E+003  0.300000E+002 -0.253017E+002 -0.171190E+002  0.318727E-002  0.139056E-002  0.347740E-002  0.206828E-002  0.902361E-003  0.225656E-002  0.120000E+002  0.200000E+001  0.100000E+001  0.500000E+000  0.300000E+000  0.200000E+001  0.100000E+001  0.100000E+001  0.100000E+002
  0.213000E+003  0.300000E+002 -0.251601E+002 -0.173392E+002  0.303318E-002  0.152552E-002  0.339520E-002  0.200636E-002  0.100909E-002  0.224583E-002  0.120000E+002  0.200000E+001  0.100000E+001  0.500000E+000  0.300000E+000  0.200000E+001  0.100000E+001  0.100000E+001  0.100000E+002
  0.213500E+003  0.300000E+002 -0.250166E+002 -0.175581E+002  0.287120E-002  0.164782E-002  0.331046E-002  0.193566E-002  0.111090E-002  0.223179E-002  0.120000E+002  0.200000E+001  0.100000E+001  0.500000E+000  0.300000E+000  0.200000E+001  0.100000E+001  0.100000E+001  0.100000E+002
  0.214000E+003  0.300000E+002 -0.248711E+002 -0.177758E+002  0.270257E-002  0.175685E-002  0.322341E-002  0.185667E-002  0.120696E-002  0.221449E-002  0.120000E+002  0.200000E+001  0.100000E+001  0.500000E+000  0.300000E+000  0.200000E+001  0.100000E+001  0.100000E+001  0.100000E+002
  0.214500E+003  0.300000E+002 -0.247238E+002 -0.179922E+002  0.252857E-002  0.185212E-002  0.313433E-002  0.176998E-002  0.129647E-002  0.219401E-002  0.120000E+002  0.200000E+001  0.100000E+001  0.500000E+000  0.300000E+000  0.200000E+001  0.100000E+001  0.100000E+001  0.100000E+002
  0.215000E+003  0.300000E+002 -0.245746E+002 -0.182073E+002  0.235053E-002  0.193331E-002  0.304347E-002  0.167626E-002  0.137873E-002  0.217042E-002  0.120000E+002  0.200000E+001  0.100000E+001  0.500000E+000  0.300000E+000  0.200000E+001  0.100000E+001  0.100000E+001  0.100000E+002
  0.215500E+003  0.300000E+002 -0.244235E+002 -0.184211E+002  0.216979E-002  0.200024E-002  0.295109E-002  0.157624E-002  0.145307E-002  0.214382E-002  0.120000E+002  0.200000E+001  0.100000E+001  0.500000E+000  0.300000E+000  0.200000E+001  0.100000E+001  0.100000E+001  0.100000E+002
  0.216000E+003  0.300000E+002 -0.242705E+002 -0.186336E+002  0.198770E-002  0.205284E-002  0.285747E-002  0.147075E-002  0.151895E-002  0.211431E-002  0.120000E+002  0.200000E+001  0.100000E+001  0.500000E+000  0.300000E+000  0.200000E+001  0.100000E+001  0.100000E+001  0.100000E+002
  0.216500E+003  0.300000E+002 -0.241157E+002 -0.188447E+002  0.180559E-002  0.209123E-002  0.276285E-002  0.136064E-002  0.157589E-002  0.208201E-002  0.120000E+002  0.200000E+001  0.100000E+001  0.500000E+000  0.300000E+000  0.200000E+001  0.100000E+001  0.100000E+001  0.100000E+002
  0.217000E+003  0.300000E+002 -0.239591E+002 -0.190545E+002  0.162474E-002  0.211563E-002  0.266752E-002  0.124682E-002  0.162352E-002  0.204704E-002  0.120000E+002  0.200000E+001  0.100000E+001  0.500000E+000  0.300000E+000  0.200000E+001  0.100000E+001  0.100000E+001  0.100000E+002
  0.217500E+003  0.300000E+002 -0.238006E+002 -0.192628E+002  0.144642E-002  0.212641E-002  0.257173E-002  0.113023E-002  0.166158E-002  0.200955E-002  0.120000E+002  0.200000E+001  0.100000E+001  0.500000E+000  0.300000E+000  0.200000E+001  0.100000E+001  0.100000E+001  0.100000E+002
  0.218000E+003  0.300000E+002 -0.236403E+002 -0.194698E+002  0.127181E-002  0.212408E-002  0.247572E-002  0.101184E-002  0.168990E-002  0.196967E-002  0.120000E+002  0.200000E+001  0.100000E+001  0.500000E+000  0.300000E+000  0.200000E+001  0.100000E+001  0.100000E+001  0.100000E+002
  0.218500E+003  0.300000E+002 -0.234782E+002 -0.196754E+002  0.110201E-002  0.210922E-002  0.237976E-002  0.892609E-003  0.170844E-002  0.192756E-002  0.120000E+002  0.200000E+001  0.100000E+001  0.500000E+000  0.300000E+000  0.200000E+001  0.100000E+001  0.100000E+001  0.100000E+002
  0.219000E+003  0.300000E+002 -0.233144E+002 -0.198796E+002  0.938052E-003  0.208257E-002  0.228408E-002  0.773492E-003  0.171723E-002  0.188339E-002  0.120000E+002  0.200000E+001  0.100000E+001  0.500000E+000  0.300000E+000  0.200000E+001  0.100000E+001  0.100000E+001  0.100000E+002
  0.219500E+003  0.300000E+002 -0.231487E+002 -0.200823E+002  0.780860E-003  0.204490E-002  0.218892E-002  0.655430E-003  0.171643E-002  0.183731E-002  0.120000E+002  0.200000E+001  0.100000E+001  0.500000E+000  0.300000E+000  0.200000E+001  0.100000E+001  0.100000E+001  0.100000E+002
  0.220000E+003  0.300000E+002 -0.229813E+002 -0.202836E+002  0.631251E-003  0.199712E-002  0.209450E-002  0.539328E-003  0.170629E-002  0.178950E-002  0.120000E+002  0.200000E+001  0.100000E+001  0.500000E+000  0.300000E+000  0.200000E+001  0.100000E+001  0.100000E+001  0.100000E+002
  0.220500E+003  0.300000E+002 -0.228122E+002 -0.204834E+002  0.489931E-003  0.194014E-002  0.200105E-002  0.426050E-003  0.168717E-002  0.174013E-002  0.120000E+002  0.200000E+001  0.100000E+001  0.500000E+000  0.300000E+000  0.200000E+001  0.100000E+001  0.100000E+001  0.100000E+002
  0.221000E+003  0.300000E+002 -0.226413E+002 -0.206818E+002  0.357491E-003  0.187497E-002  0.190875E-002  0.316405E-003  0.165949E-002  0.168938E-002  0.120000E+002  0.200000E+001  0.100000E+001  0.500000E+000  0.300000E+000  0.200000E+001  0.100000E+001  0.100000E+001  0.100000E+002
  0.221500E+003  0.300000E+002 -0.224687E+002 -0.208786E+002  0.234400E-003  0.180263E-002  0.181781E-002  0.211140E-003  0.162375E-002  0.163742E-002  0.120000E+002  0.200000E+001  0.100000E+001  0.500000E+000  0.300000E+000  0.200000E+001  0.100000E+001  0.100000E+001  0.100000E+002
  0.222000E+003  0.300000E+002 -0.222943E+002 -0.210739E+002  0.121011E-003  0.172416E-002  0.172840E-002  0.110931E-003  0.158055E-002  0.158444E-002  0.120000E+002  0.200000E+001  0.100000E+001  0.500000E+000  0.300000E+000  0.200000E+001  0.100000E+001  0.100000E+001  0.100000E+002
  0.222500E+003  0.300000E+002 -0.221183E+002 -0.212677E+002  0.175566E-004  0.164061E-002  0.164070E-002  0.163785E-004  0.153052E-002  0.153061E-002  0.120000E+002  0.200000E+001  0.100000E+001  0.500000E+000  0.300000E+000  0.200000E+001  0.100000E+001  0.100000E+001  0.100000E+002
  0.223000E+003  0.300000E+002 -0.219406E+002 -0.214600E+002 -0.758430E-004  0.155300E-002  0.155485E-002 -0.720016E-004  0.147434E-002  0.147610E-002  0.120000E+002  0.200000E+001  0.100000E+001  0.500000E+000  0.300000E+000  0.200000E+001  0.100000E+001  0.100000E+001  0.100000E+002
  0.223500E+003  0.300000E+002 -0.217612E+002 -0.216506E+002 -0.159177E-003  0.146235E-002  0.147099E-002 -0.153777E-003  0.141274E-002  0.142109E-002  0.120000E+002  0.200000E+001  0.100000E+001  0.500000E+000  0.300000E+000  0.200000E+001  0.100000E+001  0.100000E+001  0.100000E+002
  0.224000E+003  0.300000E+002 -0.215802E+002 -0.218398E+002 -0.232540E-003  0.136965E-002  0.138925E-002 -0.228604E-003  0.134647E-002  0.136574E-002  0.120000E+002  0.200000E+001  0.100000E+001  0.500000E+000  0.300000E+000  0.200000E+001  0.100000E+001  0.100000E+001  0.100000E+002
  0.224500E+003  0.300000E+002 -0.213975E+002 -0.220273E+002 -0.296117E-003  0.127583E-002  0.130975E-002 -0.296225E-003  0.127630E-002  0.131022E-002  0.120000E+002  0.200000E+001  0.100000E+001  0.500000E+000  0.300000E+000  0.200000E+001  0.100000E+001  0.100000E+001  0.100000E+002
  0.225000E+003  0.300000E+002 -0.212132E+002 -0.222132E+002 -0.350184E-003  0.118178E-002  0.123257E-002 -0.356471E-003  0.120299E-002  0.125470E-002  0.120000E+002  0.200000E+001  0.100000E+001  0.500000E+000  0.300000E+000  0.200000E+001  0.100000E+001  0.100000E+001  0.100000E+002
  0.225500E+003  0.300000E+002 -0.210273E+002 -0.223975E+002 -0.395093E-003  0.108830E-002  0.115780E-002 -0.409257E-003  0.112732E-002  0.119931E-002  0.120000E+002  0.200000E+001  0.100000E+001  0.500000E+000  0.300000E+000  0.200000E+001  0.100000E+001  0.100000E+001  0.100000E+002
  0.226000E+003  0.300000E+002 -0.208398E+002 -0.225802E+002 -0.431262E-003  0.996169E-003  0.108551E-002 -0.454580E-003  0.105003E-002  0.114421E-002  0.120000E+002  0.200000E+001  0.100000E+001  0.500000E+000  0.300000E+000  0.200000E+001  0.100000E+001  0.100000E+001  0.100000E+002
  0.226500E+003  0.300000E+002 -0.206506E+002 -0.227612E+002 -0.459168E-003  0.906056E-003  0.101576E-002 -0.492512E-003  0.971852E-003  0.108953E-002  0.120000E+002  0.200000E+001  0.100000E+001  0.500000E+000  0.300000E+000  0.200000E+001  0.100000E+001  0.100000E+001  0.100000E+002
  0.227000E+003  0.300000E+002 -0.204600E+002 -0.229406E+002 -0.479333E-003  0.818575E-003  0.948591E-003 -0.523198E-003  0.893485E-003  0.103540E-002  0.120000E+002  0.200000E+001  0.100000E+001  0.500000E+000  0.300000E+000  0.200000E+001  0.100000E+001  0.100000E+001  0.100000E+002
  0.227500E+003  0.300000E+002 -0.202677E+002 -0.231183E+002 -0.492316E-003  0.734256E-003  0.884029E-003 -0.546847E-003  0.815585E-003  0.981948E-003  0.120000E+002  0.200000E+001  0.100000E+001  0.500000E+000  0.300000E+000  0.200000E+001  0.100000E+001  0.100000E+001  0.100000E+002
  0.228000E+003  0.300000E+002 -0.200739E+002 -0.232943E+002 -0.498704E-003  0.653556E-003  0.822096E-003 -0.563727E-003  0.738770E-003  0.929284E-003  0.120000E+002  0.200000E+001  0.100000E+001  0.500000E+000  0.300000E+000  0.200000E+001  0.100000E+001  0.100000E+001  0.100000E+002
  0.228500E+003  0.300000E+002 -0.198786E+002 -0.234687E+002 -0.499097E-003  0.576853E-003  0.762796E-003 -0.574156E-003  0.663606E-003  0.877513E-003  0.120000E+002  0.200000E+001  0.100000E+001  0.500000E+000  0.300000E+000  0.200000E+001  0.100000E+001  0.100000E+001  0.100000E+002
  0.229000E+003  0.300000E+002 -0.196818E+002 -0.236413E+002 -0.494108E-003  0.504453E-003  0.706127E-003 -0.578498E-003  0.590610E-003  0.826728E-003  0.120000E+002  0.200000E+001  0.100000E+001  0.500000E+000  0.300000E+000  0.200000E+001  0.100000E+001  0.100000E+001  0.100000E+002
  0.229500E+003  0.300000E+002 -0.194834E+002 -0.238122E+002 -0.484345E-003  0.436588E-003  0.652073E-003 -0.577150E-003  0.520242E-003  0.777016E-003  0.120000E+002  0.200000E+001  0.100000E+001  0.500000E+000  0.300000E+000  0.200000E+001  0.100000E+001  0.100000E+001  0.100000E+002
  0.230000E+003  0.300000E+002 -0.192836E+002 -0.239813E+002 -0.470411E-003  0.373425E-003  0.600610E-003 -0.570540E-003  0.452911E-003  0.728453E-003  0.120000E+002  0.200000E+001  0.100000E+001  0.500000E+000  0.300000E+000  0.200000E+001  0.100000E+001  0.100000E+001  0.100000E+002
  0.230500E+003  0.300000E+002 -0.190823E+002 -0.241487E+002 -0.452892E-003  0.315066E-003  0.551705E-003 -0.559117E-003  0.388965E-003  0.681106E-003  0.120000E+002  0.200000E+001  0.100000E+001  0.500000E+000  0.300000E+000  0.200000E+001  0.100000E+001  0.100000E+001  0.100000E+002
  0.231000E+003  0.300000E+002 -0.188796E+002 -0.243144E+002 -0.432355E-003  0.261557E-003  0.505315E-003 -0.543343E-003  0.328699E-003  0.635031E-003  0.120000E+002  0.200000E+001  0.100000E+001  0.500000E+000  0.300000E+000  0.200000E+001  0.100000E+001  0.100000E+001  0.100000E+002
  0.231500E+003  0.300000E+002 -0.186754E+002 -0.244782E+002 -0.409342E-003  0.212887E-003  0.461391E-003 -0.523689E-003  0.272355E-003  0.590278E-003  0.120000E+002  0.200000E+001  0.100000E+001  0.500000E+000  0.300000E+000  0.200000E+001  0.100000E+001  0.100000E+001  0.100000E+002
  0.232000E+003  0.300000E+002 -0.184698E+002 -0.246403E+002 -0.384363E-003  0.169002E-003  0.419877E-003 -0.500627E-003  0.220122E-003  0.546883E-003  0.120000E+002  0.200000E+001  0.100000E+001  0.500000E+000  0.300000E+000  0.200000E+001  0.100000E+001  0.100000E+001  0.100000E+002
  0.232500E+003  0.300000E+002 -0.182628E+002 -0.248006E+002 -0.357897E-003  0.129804E-003  0.380709E-003 -0.474624E-003  0.172140E-003  0.504876E-003  0.120000E+002  0.200000E+001  0.100000E+001  0.500000E+000  0.300000E+000  0.200000E+001  0.100000E+001  0.100000E+001  0.100000E+002
  0.233000E+003  0.300000E+002 -0.180545E+002 -0.249591E+002 -0.330385E-003  0.951623E-004  0.343817E-003 -0.446138E-003  0.128503E-003  0.464276E-003  0.120000E+002  0.200000E+001  0.100000E+001  0.500000E+000  0.300000E+000  0.200000E+001  0.100000E+001  0.100000E+001  0.100000E+002
  0.233500E+003  0.300000E+002 -0.178447E+002 -0.251157E+002 -0.302235E-003  0.649140E-004  0.309127E-003 -0.415612E-003  0.892653E-004  0.425091E-003  0.120000E+002  0.200000E+001  0.100000E+001  0.500000E+000  0.300000E+000  0.200000E+001  0.100000E+001  0.100000E+001  0.100000E+002
  0.234000E+003  0.300000E+002 -0.176336E+002 -0.252705E+002 -0.273811E-003  0.388755E-004  0.276557E-003 -0.383472E-003  0.544451E-004  0.387318E-003  0.120000E+002  0.200000E+001  0.100000E+001  0.500000E+000  0.300000E+000  0.200000E+001  0.100000E+001  0.100000E+001  0.100000E+002
  0.234500E+003  0.300000E+002 -0.174211E+002 -0.254235E+002 -0.245443E-003  0.168451E-004  0.246020E-003 -0.350120E-003  0.240293E-004  0.350943E-003  0.120000E+002  0.200000E+001  0.100000E+001  0.500000E+000  0.300000E+000  0.200000E+001  0.100000E+001  0.100000E+001  0.100000E+002
  0.235000E+003  0.300000E+002 -0.172073E+002 -0.255746E+002 -0.217418E-003 -0.138849E-005  0.217423E-003 -0.315933E-003 -0.201762E-005  0.315939E-003  0.120000E+002  0.200000E+001  0.100000E+001  0.500000E+000  0.300000E+000  0.200000E+001  0.100000E+001  0.100000E+001  0.100000E+002
  0.235500E+003  0.300000E+002 -0.169922E+002 -0.257238E+002 -0.189987E-003 -0.160406E-004  0.190663E-003 -0.281259E-003 -0.237466E-004  0.282259E-003  0.120000E+002  0.200000E+001  0.100000E+001  0.500000E+000  0.300000E+000  0.200000E+001  0.100000E+001  0.100000E+001  0.100000E+002
  0.236000E+003  0.300000E+002 -0.167758E+002 -0.258711E+002 -0.163361E-003 -0.273217E-004  0.165630E-003 -0.246415E-003 -0.412123E-004  0.249837E-003  0.120000E+002  0.200000E+001  0.100000E+001  0.500000E+000  0.300000E+000  0.200000E+001  0.100000E+001  0.100000E+001  0.100000E+002
  0.236500E+003  0.300000E+002 -0.165581E+002 -0.260166E+002 -0.137711E-003 -0.354278E-004  0.142195E-003 -0.211681E-003 -0.544576E-004  0.218574E-003  0.120000E+002  0.200000E+001  0.100000E+001  0.500000E+000  0.300000E+000  0.200000E+001  0.100000E+001  0.100000E+001  0.100000E+002
  0.237000E+003  0.300000E+002 -0.163392E+002 -0.261601E+002 -0.113170E-003 -0.405253E-004  0.120207E-003 -0.177297E-003 -0.634889E-004  0.188321E-003  0.120000E+002  0.200000E+001  0.100000E+001  0.500000E+000  0.300000E+000  0.200000E+001  0.100000E+001  0.100000E+001  0.100000E+002
  0.237500E+003  0.300000E+002 -0.161190E+002 -0.263017E+002 -0.898262E-004 -0.427260E-004  0.994698E-004 -0.143448E-003 -0.682314E-004  0.158849E-003  0.120000E+002  0.200000E+001  0.100000E+001  0.500000E+000  0.300000E+000  0.200000E+001  0.100000E+001  0.100000E+001  0.100000E+002
  0.238000E+003  0.300000E+002 -0.158976E+002 -0.264414E+002 -0.677141E-004 -0.420341E-004  0.796998E-004 -0.110245E-003 -0.684357E-004  0.129759E-003  0.120000E+002  0.200000E+001  0.100000E+001  0.500000E+000  0.300000E+000  0.200000E+001  0.100000E+001  0.100000E+001  0.100000E+002
  0.238500E+003  0.300000E+002 -0.156750E+002 -0.265792E+002 -0.467779E-004 -0.382114E-004  0.604010E-004 -0.776575E-004 -0.634360E-004  0.100274E-003  0.120000E+002  0.200000E+001  0.100000E+001  0.500000E+000  0.300000E+000  0.200000E+001  0.100000E+001  0.100000E+001  0.100000E+002
  0.239000E+003  0.300000E+002 -0.154511E+002 -0.267150E+002 -0.267352E-004 -0.302831E-004  0.403960E-004 -0.452651E-004 -0.512720E-004  0.683941E-004  0.120000E+002  0.200000E+001  0.100000E+001  0.500000E+000  0.300000E+000  0.200000E+001  0.100000E+001  0.100000E+001  0.100000E+002
  0.239500E+003  0.300000E+002 -0.152262E+002 -0.268489E+002 -0.569253E-005 -0.118591E-004  0.131546E-004 -0.983109E-005 -0.204808E-004  0.227181E-004  0.120000E+002  0.200000E+001  0.100000E+001  0.500000E+000  0.300000E+000  0.200000E+001  0.100000E+001  0.100000E+001  0.100000E+002
  0.240000E+003  0.300000E+002 -0.150000E+002 -0.269808E+002 -0.195383E-004  0.570050E-005  0.203529E-004 -0.344257E-004  0.100441E-004  0.358611E-004  0.120000E+002  0.200000E+001  0.100000E+001  0.500000E+000  0.300000E+000  0.200000E+001  0.100000E+001  0.100000E+001  0.100000E+002
  0.240500E+003  0.300000E+002 -0.147727E+002 -0.271107E+002 -0.220708E-004  0.598165E-005  0.228670E-004 -0.396831E-004  0.107549E-004  0.411147E-004  0.120000E+002  0.200000E+001  0.100000E+001  0.500000E+000  0.300000E+000  0.200000E+001  0.100000E+001  0.100000E+001  0.100000E+002
  0.241000E+003  0.300000E+002 -0.145443E+002 -0.272386E+002 -0.217133E-004  0.544424E-005  0.223854E-004 -0.398469E-004  0.999092E-005  0.410804E-004  0.120000E+002  0.200000E+001  0.100000E+001  0.500000E+000  0.300000E+000  0.200000E+001  0.100000E+001  0.100000E+001  0.100000E+002
  0.241500E+003  0.300000E+002 -0.143148E+002 -0.273645E+002 -0.202488E-004  0.467501E-005  0.207815E-004 -0.379357E-004  0.875852E-005  0.389337E-004  0.120000E+002  0.200000E+001  0.100000E+001  0.500000E+000  0.300000E+000  0.200000E+001  0.100000E+001  0.100000E+001  0.100000E+002
  0.242000E+003  0.300000E+002 -0.140841E+002 -0.274884E+002 -0.182977E-004  0.386884E-005  0.187022E-004 -0.350047E-004  0.740135E-005  0.357786E-004  0.120000E+002  0.200000E+001  0.100000E+001  0.500000E+000  0.300000E+000  0.200000E+001  0.100000E+001  0.100000E+001  0.100000E+002
  0.242500E+003  0.300000E+002 -0.138525E+002 -0.276103E+002 -0.161499E-004  0.310722E-005  0.164461E-004 -0.315567E-004  0.607144E-005  0.321355E-004  0.120000E+002  0.200000E+001  0.100000E+001  0.500000E+000  0.300000E+000  0.200000E+001  0.100000E+001  0.100000E+001  0.100000E+002
  0.243000E+003  0.300000E+002 -0.136197E+002 -0.277302E+002 -0.139608E-004  0.242557E-005  0.141700E-004 -0.278698E-004  0.484214E-005  0.282873E-004  0.120000E+002  0.200000E+001  0.100000E+001  0.500000E+000  0.300000E+000  0.200000E+001  0.100000E+001  0.100000E+001  0.100000E+002
  0.243500E+003  0.300000E+002 -0.133859E+002 -0.278480E+002 -0.118193E-004  0.183737E-005  0.119612E-004 -0.241122E-004  0.374837E-005  0.244018E-004  0.120000E+002  0.200000E+001  0.100000E+001  0.500000E+000  0.300000E+000  0.200000E+001  0.100000E+001  0.100000E+001  0.100000E+002
  0.244000E+003  0.300000E+002 -0.131511E+002 -0.279638E+002 -0.977784E-005  0.134472E-005  0.986987E-005 -0.203909E-004  0.280429E-005  0.205828E-004  0.120000E+002  0.200000E+001  0.100000E+001  0.500000E+000  0.300000E+000  0.200000E+001  0.100000E+001  0.100000E+001  0.100000E+002
  0.244500E+003  0.300000E+002 -0.129153E+002 -0.280776E+002 -0.786725E-005  0.943642E-006  0.792364E-005 -0.167762E-004  0.201223E-005  0.168965E-004  0.120000E+002  0.200000E+001  0.100000E+001  0.500000E+000  0.300000E+000  0.200000E+001  0.100000E+001  0.100000E+001  0.100000E+002
  0.245000E+003  0.300000E+002 -0.126785E+002 -0.281892E+002 -0.610466E-005  0.626955E-006  0.613677E-005 -0.133153E-004  0.136749E-005  0.133853E-004  0.120000E+002  0.200000E+001  0.100000E+001  0.500000E+000  0.300000E+000  0.200000E+001  0.100000E+001  0.100000E+001  0.100000E+002
  0.245500E+003  0.300000E+002 -0.124408E+002 -0.282988E+002 -0.449833E-005  0.385885E-006  0.451485E-005 -0.100392E-004  0.861206E-006  0.100761E-004  0.120000E+002  0.200000E+001  0.100000E+001  0.500000E+000  0.300000E+000  0.200000E+001  0.100000E+001  0.100000E+001  0.100000E+002
  0.246000E+003  0.300000E+002 -0.122021E+002 -0.284064E+002 -0.305051E-005  0.211056E-006  0.305781E-005 -0.696845E-005  0.482126E-006  0.698511E-005  0.120000E+002  0.200000E+001  0.100000E+001  0.500000E+000  0.300000E+000  0.200000E+001  0.100000E+001  0.100000E+001  0.100000E+002
  0.246500E+003  0.300000E+002 -0.119625E+002 -0.285118E+002 -0.175945E-005  0.930792E-007  0.176191E-005 -0.411543E-005  0.217716E-006  0.412119E-005  0.120000E+002  0.200000E+001  0.100000E+001  0.500000E+000  0.300000E+000  0.200000E+001  0.100000E+001  0.100000E+001  0.100000E+002
  0.247000E+003  0.300000E+002 -0.117219E+002 -0.286151E+002 -0.620578E-006  0.229143E-007  0.621001E-006 -0.148689E-005  0.549020E-007  0.148790E-005  0.120000E+002  0.200000E+001  0.100000E+001  0.500000E+000  0.300000E+000  0.200000E+001  0.100000E+001  0.100000E+001  0.100000E+002
  0.247500E+003  0.300000E+002 -0.114805E+002 -0.287164E+002  0.372576E-006 -0.791614E-008  0.372660E-006  0.914781E-006 -0.194364E-007  0.914988E-006  0.120000E+002  0.200000E+001  0.100000E+001  0.500000E+000  0.300000E+000  0.200000E+001  0.100000E+001  0.100000E+001  0.100000E+002
  0.248000E+003  0.300000E+002 -0.112382E+002 -0.288155E+002  0.122774E-005 -0.720234E-008  0.122776E-005  0.309042E-005 -0.181294E-007  0.309047E-005  0.120000E+002  0.200000E+001  0.100000E+001  0.500000E+000  0.300000E+000  0.200000E+001  0.100000E+001  0.100000E+001  0.100000E+002
  0.248500E+003  0.300000E+002 -0.109950E+002 -0.289125E+002  0.195347E-005  0.180142E-007  0.195355E-005  0.504339E-005  0.465084E-007  0.504360E-005  0.120000E+002  0.200000E+001  0.100000E+001  0.500000E+000  0.300000E+000  0.200000E+001  0.100000E+001  0.100000E+001  0.100000E+002
  0.249000E+003  0.300000E+002 -0.107510E+002 -0.290074E+002  0.255879E-005  0.614622E-007  0.255953E-005  0.677898E-005  0.162832E-006  0.678094E-005  0.120000E+002  0.200000E+001  0.100000E+001  0.500000E+000  0.300000E+000  0.200000E+001  0.100000E+001  0.100000E+001  0.100000E+002
  0.249500E+003  0.300000E+002 -0.105062E+002 -0.291002E+002  0.305297E-005  0.117635E-006  0.305524E-005  0.830399E-005  0.319963E-006  0.831015E-005  0.120000E+002  0.200000E+001  0.100000E+001  0.500000E+000  0.300000E+000  0.200000E+001  0.100000E+001  0.100000E+001  0.100000E+002
  0.250000E+003  0.300000E+002 -0.102606E+002 -0.291908E+002  0.344533E-005  0.181765E-006  0.345013E-005  0.962634E-005  0.507855E-006  0.963973E-005  0.120000E+002  0.200000E+001  0.100000E+001  0.500000E+000  0.300000E+000  0.200000E+001  0.100000E+001  0.100000E+001  0.100000E+002
  0.250500E+003  0.300000E+002 -0.100142E+002 -0.292792E+002  0.374510E-005  0.249790E-006  0.375342E-005  0.107549E-004  0.717325E-006  0.107787E-004  0.120000E+002  0.200000E+001  0.100000E+001  0.500000E+000  0.300000E+000  0.200000E+001  0.100000E+001  0.100000E+001  0.100000E+002
  0.251000E+003  0.300000E+002 -0.976704E+001 -0.293656E+002  0.396128E-005  0.318308E-006  0.397405E-005  0.116990E-004  0.940071E-006  0.117367E-004  0.120000E+002  0.200000E+001  0.100000E+001  0.500000E+000  0.300000E+000  0.200000E+001  0.100000E+001  0.100000E+001  0.100000E+002
  0.251500E+003  0.300000E+002 -0.951914E+001 -0.294497E+002  0.410262E-005  0.384530E-006  0.412060E-005  0.124687E-004  0.116866E-005  0.125233E-004  0.120000E+002  0.200000E+001  0.100000E+001  0.500000E+000  0.300000E+000  0.200000E+001  0.100000E+001  0.100000E+001  0.100000E+002
  0.252000E+003  0.300000E+002 -0.927051E+001 -0.295317E+002  0.417752E-005  0.446226E-006  0.420128E-005  0.130742E-004  0.139654E-005  0.131486E-004  0.120000E+002  0.200000E+001  0.100000E+001  0.500000E+000  0.300000E+000  0.200000E+001  0.100000E+001  0.100000E+001  0.100000E+002
  0.252500E+003  0.300000E+002 -0.902117E+001 -0.296115E+002  0.419397E-005  0.501675E-006  0.422387E-005  0.135261E-004  0.161797E-005  0.136225E-004  0.120000E+002  0.200000E+001  0.100000E+001  0.500000E+000  0.300000E+000  0.200000E+001  0.100000E+001  0.100000E+001  0.100000E+002
  0.253000E+003  0.300000E+002 -0.877115E+001 -0.296891E+002  0.415958E-005  0.549616E-006  0.419573E-005  0.138348E-004  0.182803E-005  0.139551E-004  0.120000E+002  0.200000E+001  0.100000E+001  0.500000E+000  0.300000E+000  0.200000E+001  0.100000E+001  0.100000E+001  0.100000E+002
  0.253500E+003  0.300000E+002 -0.852046E+001 -0.297646E+002  0.408148E-005  0.589192E-006  0.412379E-005  0.140111E-004  0.202261E-005  0.141563E-004  0.120000E+002  0.200000E+001  0.100000E+001  0.500000E+000  0.300000E+000  0.200000E+001  0.100000E+001  0.100000E+001  0.100000E+002
  0.254000E+003  0.300000E+002 -0.826912E+001 -0.298379E+002  0.396637E-005  0.619904E-006  0.401452E-005  0.140654E-004  0.219828E-005  0.142361E-004  0.120000E+002  0.200000E+001  0.100000E+001  0.500000E+000  0.300000E+000  0.200000E+001  0.100000E+001  0.100000E+001  0.100000E+002
  0.254500E+003  0.300000E+002 -0.801715E+001 -0.299089E+002  0.382048E-005  0.641564E-006  0.387397E-005  0.140081E-004  0.235234E-005  0.142042E-004  0.120000E+002  0.200000E+001  0.100000E+001  0.500000E+000  0.300000E+000  0.200000E+001  0.100000E+001  0.100000E+001  0.100000E+002
  0.255000E+003  0.300000E+002 -0.776457E+001 -0.299778E+002  0.364958E-005  0.654247E-006  0.370776E-005  0.138496E-004  0.248276E-005  0.140703E-004  0.120000E+002  0.200000E+001  0.100000E+001  0.500000E+000  0.300000E+000  0.200000E+001  0.100000E+001  0.100000E+001  0.100000E+002
  0.255500E+003  0.300000E+002 -0.751140E+001 -0.300444E+002  0.345899E-005  0.658254E-006  0.352107E-005  0.135998E-004  0.258807E-005  0.138439E-004  0.120000E+002  0.200000E+001  0.100000E+001  0.500000E+000  0.300000E+000  0.200000E+001  0.100000E+001  0.100000E+001  0.100000E+002
  0.256000E+003  0.300000E+002 -0.725766E+001 -0.301089E+002  0.325356E-005  0.654071E-006  0.331865E-005  0.132686E-004  0.266741E-005  0.135340E-004  0.120000E+002  0.200000E+001  0.100000E+001  0.500000E+000  0.300000E+000  0.200000E+001  0.100000E+001  0.100000E+001  0.100000E+002
  0.256500E+003  0.300000E+002 -0.700336E+001 -0.301711E+002  0.303770E-005  0.642328E-006  0.310487E-005  0.128654E-004  0.272042E-005  0.131499E-004  0.120000E+002  0.200000E+001  0.100000E+001  0.500000E+000  0.300000E+000  0.200000E+001  0.100000E+001  0.100000E+001  0.100000E+002
  0.257000E+003  0.300000E+002 -0.674853E+001 -0.302311E+002  0.281541E-005  0.623771E-006  0.288368E-005  0.123995E-004  0.274720E-005  0.127002E-004  0.120000E+002  0.200000E+001  0.100000E+001  0.500000E+000  0.300000E+000  0.200000E+001  0.100000E+001  0.100000E+001  0.100000E+002
  0.257500E+003  0.300000E+002 -0.649319E+001 -0.302889E+002  0.259024E-005  0.599229E-006  0.265865E-005  0.118798E-004  0.274829E-005  0.121936E-004  0.120000E+002  0.200000E+001  0.100000E+001  0.500000E+000  0.300000E+000  0.200000E+001  0.100000E+001  0.100000E+001  0.100000E+002
  0.258000E+003  0.300000E+002 -0.623735E+001 -0.303444E+002  0.236538E-005  0.569584E-006  0.243299E-005  0.113148E-004  0.272461E-005  0.116383E-004  0.120000E+002  0.200000E+001  0.100000E+001  0.500000E+000  0.300000E+000  0.200000E+001  0.100000E+001  0.100000E+001  0.100000E+002
  0.258500E+003  0.300000E+002 -0.598104E+001 -0.303977E+002  0.214361E-005  0.535750E-006  0.220954E-005  0.107127E-004  0.267743E-005  0.110422E-004  0.120000E+002  0.200000E+001  0.100000E+001  0.500000E+000  0.300000E+000  0.200000E+001  0.100000E+001  0.100000E+001  0.100000E+002
  0.259000E+003  0.300000E+002 -0.572427E+001 -0.304488E+002  0.192733E-005  0.498645E-006  0.199079E-005  0.100814E-004  0.260828E-005  0.104133E-004  0.120000E+002  0.200000E+001  0.100000E+001  0.500000E+000  0.300000E+000  0.200000E+001  0.100000E+001  0.100000E+001  0.100000E+002
  0.259500E+003  0.300000E+002 -0.546707E+001 -0.304976E+002  0.171863E-005  0.459177E-006  0.177891E-005  0.942815E-005  0.251898E-005  0.975885E-005  0.120000E+002  0.200000E+001  0.100000E+001  0.500000E+000  0.300000E+000  0.200000E+001  0.100000E+001  0.100000E+001  0.100000E+002
  0.260000E+003  0.300000E+002 -0.520945E+001 -0.305442E+002  0.151923E-005  0.418219E-006  0.157575E-005  0.876021E-005  0.241154E-005  0.908607E-005  0.120000E+002  0.200000E+001  0.100000E+001  0.500000E+000  0.300000E+000  0.200000E+001  0.100000E+001  0.100000E+001  0.100000E+002
  0.260500E+003  0.300000E+002 -0.495143E+001 -0.305886E+002  0.133058E-005  0.376604E-006  0.138285E-005  0.808423E-005  0.228815E-005  0.840181E-005  0.120000E+002  0.200000E+001  0.100000E+001  0.500000E+000  0.300000E+000  0.200000E+001  0.100000E+001  0.100000E+001  0.100000E+002
  0.261000E+003  0.300000E+002 -0.469303E+001 -0.306307E+002  0.115379E-005  0.335102E-006  0.120147E-005  0.740656E-005  0.215113E-005  0.771262E-005  0.120000E+002  0.200000E+001  0.100000E+001  0.500000E+000  0.300000E+000  0.200000E+001  0.100000E+001  0.100000E+001  0.100000E+002
  0.261500E+003  0.300000E+002 -0.443428E+001 -0.306705E+002  0.989730E-006  0.294416E-006  0.103259E-005  0.673315E-005  0.200291E-005  0.702474E-005  0.120000E+002  0.200000E+001  0.100000E+001  0.500000E+000  0.300000E+000  0.200000E+001  0.100000E+001  0.100000E+001  0.100000E+002
  0.262000E+003  0.300000E+002 -0.417519E+001 -0.307080E+002  0.839003E-006  0.255172E-006  0.876949E-006  0.606958E-005  0.184599E-005  0.634409E-005  0.120000E+002  0.200000E+001  0.100000E+001  0.500000E+000  0.300000E+000  0.200000E+001  0.100000E+001  0.100000E+001  0.100000E+002
  0.262500E+003  0.300000E+002 -0.391579E+001 -0.307433E+002  0.701972E-006  0.217914E-006  0.735018E-006  0.542108E-005  0.168287E-005  0.567628E-005  0.120000E+002  0.200000E+001  0.100000E+001  0.500000E+000  0.300000E+000  0.200000E+001  0.100000E+001  0.100000E+001  0.100000E+002
  0.263000E+003  0.300000E+002 -0.365608E+001 -0.307764E+002  0.578780E-006  0.183095E-006  0.607050E-006  0.479251E-005  0.151609E-005  0.502660E-005  0.120000E+002  0.200000E+001  0.100000E+001  0.500000E+000  0.300000E+000  0.200000E+001  0.100000E+001  0.100000E+001  0.100000E+002
  0.263500E+003  0.300000E+002 -0.339610E+001 -0.308072E+002  0.469368E-006  0.151079E-006  0.493083E-006  0.418837E-005  0.134814E-005  0.439999E-005  0.120000E+002  0.200000E+001  0.100000E+001  0.500000E+000  0.300000E+000  0.200000E+001  0.100000E+001  0.100000E+001  0.100000E+002
  0.264000E+003  0.300000E+002 -0.313585E+001 -0.308357E+002  0.373489E-006  0.122138E-006  0.392952E-006  0.361282E-005  0.118146E-005  0.380110E-005  0.120000E+002  0.200000E+001  0.100000E+001  0.500000E+000  0.300000E+000  0.200000E+001  0.100000E+001  0.100000E+001  0.100000E+002
  0.264500E+003  0.300000E+002 -0.287537E+001 -0.308619E+002  0.290724E-006  0.964534E-007  0.306307E-006  0.306967E-005  0.101842E-005  0.323420E-005  0.120000E+002  0.200000E+001  0.100000E+001  0.500000E+000  0.300000E+000  0.200000E+001  0.100000E+001  0.100000E+001  0.100000E+002
  0.265000E+003  0.300000E+002 -0.261467E+001 -0.308858E+002  0.220502E-006  0.741155E-007  0.232625E-006  0.256240E-005  0.861278E-006  0.270327E-005  0.120000E+002  0.200000E+001  0.100000E+001  0.500000E+000  0.300000E+000  0.200000E+001  0.100000E+001  0.100000E+001  0.100000E+002
  0.265500E+003  0.300000E+002 -0.235377E+001 -0.309075E+002  0.162109E-006  0.551288E-007  0.171227E-006  0.209415E-005  0.712162E-006  0.221193E-005  0.120000E+002  0.200000E+001  0.100000E+001  0.500000E+000  0.300000E+000  0.200000E+001  0.100000E+001  0.100000E+001  0.100000E+002
  0.266000E+003  0.300000E+002 -0.209269E+001 -0.309269E+002  0.114707E-006  0.394154E-007  0.121290E-006  0.166775E-005  0.573067E-006  0.176346E-005  0.120000E+002  0.200000E+001  0.100000E+001  0.500000E+000  0.300000E+000  0.200000E+001  0.100000E+001  0.100000E+001  0.100000E+002
  0.266500E+003  0.300000E+002 -0.183146E+001 -0.309440E+002  0.773469E-007  0.268204E-007  0.818650E-007  0.128570E-005  0.445822E-006  0.136080E-005  0.120000E+002  0.200000E+001  0.100000E+001  0.500000E+000  0.300000E+000  0.200000E+001  0.100000E+001  0.100000E+001  0.100000E+002
  0.267000E+003  0.300000E+002 -0.157008E+001 -0.309589E+002  0.489813E-007  0.171180E-007  0.518864E-007  0.950203E-006  0.332076E-006  0.100656E-005  0.120000E+002  0.200000E+001  0.100000E+001  0.500000E+000  0.300000E+000  0.200000E+001  0.100000E+001  0.100000E+001  0.100000E+002
  0.267500E+003  0.300000E+002 -0.130858E+001 -0.309714E+002  0.284790E-007  0.100186E-007  0.301898E-007  0.663150E-006  0.233289E-006  0.702988E-006  0.120000E+002  0.200000E+001  0.100000E+001  0.500000E+000  0.300000E+000  0.200000E+001  0.100000E+001  0.100000E+001  0.100000E+002
  0.268000E+003  0.300000E+002 -0.104698E+001 -0.309817E+002  0.146370E-007  0.517684E-008  0.155255E-007  0.426134E-006  0.150717E-006  0.452002E-006  0.120000E+002  0.200000E+001  0.100000E+001  0.500000E+000  0.300000E+000  0.200000E+001  0.100000E+001  0.100000E+001  0.100000E+002
  0.268500E+003  0.300000E+002 -0.785308E+000 -0.309897E+002  0.619320E-008  0.219957E-008  0.657220E-008  0.240451E-006  0.853981E-007  0.255166E-006  0.120000E+002  0.200000E+001  0.100000E+001  0.500000E+000  0.300000E+000  0.200000E+001  0.100000E+001  0.100000E+001  0.100000E+002
  0.269000E+003  0.300000E+002 -0.523572E+000 -0.309954E+002  0.183888E-008  0.655031E-009  0.195206E-008  0.107105E-006  0.381522E-007  0.113697E-006  0.120000E+002  0.200000E+001  0.100000E+001  0.500000E+000  0.300000E+000  0.200000E+001  0.100000E+001  0.100000E+001  0.100000E+002
  0.269500E+003  0.300000E+002 -0.261796E+000 -0.309989E+002  0.230148E-009  0.821274E-010  0.244363E-009  0.268119E-007  0.956772E-008  0.284679E-007  0.120000E+002  0.200000E+001  0.100000E+001  0.500000E+000  0.300000E+000  0.200000E+001  0.100000E+001  0.100000E+001  0.100000E+002
  0.270000E+003  0.300000E+002  0.000000E+000 -0.310000E+002  0.158418E-030  0.565641E-031  0.168213E-030  0.209056E-021  0.746450E-022  0.221983E-021  0.120000E+002  0.200000E+001  0.100000E+001  0.500000E+000  0.300000E+000  0.200000E+001  0.100000E+001  0.100000E+001  0.100000E+002
  0.270500E+003  0.300000E+002  0.261796E+000 -0.309989E+002 -0.230148E-009 -0.821274E-010  0.244363E-009  0.268119E-007  0.956772E-008  0.284679E-007  0.120000E+002  0.200000E+001  0.100000E+001  0.500000E+000  0.300000E+000  0.200000E+001  0.100000E+001  0.100000E+001  0.100000E+002
  0.271000E+003  0.300000E+002  0.523572E+000 -0.309954E+002 -0.183888E-008 -0.655031E-009  0.195206E-008  0.107105E-006  0.381522E-007  0.113697E-006  0.120000E+002  0.200000E+001  0.100000E+001  0.500000E+000  0.300000E+000  0.200000E+001  0.100000E+001  0.100000E+001  0.100000E+002
  0.271500E+003  0.300000E+002  0.785308E+000 -0.309897E+002 -0.619320E-008 -0.219957E-008  0.657220E-008  0.240451E-006  0.853981E-007  0.255166E-006  0.120000E+002  0.200000E+001  0.100000E+001  0.500000E+000  0.300000E+000  0.200000E+001  0.100000E+001  0.100000E+001  0.100000E+002
  0.272000E+003  0.300000E+002  0.104698E+001 -0.309817E+002 -0.146370E-007 -0.517684E-008  0.155255E-007  0.426134E-006  0.150717E-006  0.452002E-006  0.120000E+002  0.200000E+001  0.100000E+001  0.500000E+000  0.300000E+000  0.200000E+001  0.100000E+001  0.100000E+001  0.100000E+002
  0.272500E+003  0.300000E+002  0.130858E+001 -0.309714E+002 -0.284790E-007 -0.100186E-007  0.301898E-007  0.663150E-006  0.233289E-006  0.702988E-006  0.120000E+002  0.200000E+001  0.100000E+001  0.500000E+000  0.300000E+000  0.200000E+001  0.100000E+001  0.100000E+001  0.100000E+002
  0.273000E+003  0.300000E+002  0.157008E+001 -0.309589E+002 -0.489813E-007 -0.171180E-007  0.518864E-007  0.950203E-006  0.332076E-006  0.100656E-005  0.120000E+002  0.200000E+001  0.100000E+001  0.500000E+000  0.300000E+000  0.200000E+001  0.100000E+001  0.100000E+001  0.100000E+002
  0.273500E+003  0.300000E+002  0.183146E+001 -0.309440E+002 -0.773469E-007 -0.268204E-007  0.818650E-007  0.128570E-005  0.445822E-006  0.136080E-005  0.120000E+002  0.200000E+001  0.100000E+001  0.500000E+000  0.300000E+000  0.200000E+001  0.100000E+001  0.100000E+001  0.100000E+002
  0.274000E+003  0.300000E+002  0.209269E+001 -0.309269E+002 -0.114707E-006 -0.394154E-007  0.121290E-006  0.166775E-005  0.573067E-006  0.176346E-005  0.120000E+002  0.200000E+001  0.100000E+001  0.500000E+000  0.300000E+000  0.200000E+001  0.100000E+001  0.100000E+001  0.100000E+002
  0.274500E+003  0.300000E+002  0.235377E+001 -0.309075E+002 -0.162109E-006 -0.551288E-007  0.171227E-006  0.209415E-005  0.712162E-006  0.221193E-005  0.120000E+002  0.200000E+001  0.100000E+001  0.500000E+000  0.300000E+000  0.200000E+001  0.100000E+001  0.100000E+001  0.100000E+002
  0.275000E+003  0.300000E+002  0.261467E+001 -0.308858E+002 -0.220502E-006 -0.741155E-007  0.232625E-006  0.256240E-005  0.861278E-006  0.270327E-005  0.120000E+002  0.200000E+001  0.100000E+001  0.500000E+000  0.300000E+000  0.200000E+001  0.100000E+001  0.100000E+001  0.100000E+002
  0.275500E+003  0.300000E+002  0.287537E+001 -0.308619E+002 -0.290724E-006 -0.964534E-007  0.306307E-006  0.306967E-005  0.101842E-005  0.323420E-005  0.120000E+002  0.200000E+001  0.100000E+001  0.500000E+000  0.300000E+000  0.200000E+001  0.100000E+001  0.100000E+001  0.100000E+002
  0.276000E+003  0.300000E+002  0.313585E+001 -0.308357E+002 -0.373489E-006 -0.122138E-006  0.392952E-006  0.361282E-005  0.118146E-005  0.380110E-005  0.120000E+002  0.200000E+001  0.100000E+001  0.500000E+000  0.300000E+000  0.200000E+001  0.100000E+001  0.100000E+001  0.100000E+002
  0.276500E+003  0.300000E+002  0.339610E+001 -0.308072E+002 -0.469368E-006 -0.151079E-006  0.493083E-006  0.418837E-005  0.134814E-005  0.439999E-005  0.120000E+002  0.200000E+001  0.100000E+001  0.500000E+000  0.300000E+000  0.200000E+001  0.100000E+001  0.100000E+001  0.100000E+002
  0.277000E+003  0.300000E+002  0.365608E+001 -0.307764E+002 -0.578780E-006 -0.183095E-006  0.607050E-006  0.479251E-005  0.151609E-005  0.502660E-005  0.120000E+002  0.200000E+001  0.100000E+001  0.500000E+000  0.300000E+000  0.200000E+001  0.100000E+001  0.100000E+001  0.100000E+002
  0.277500E+003  0.300000E+002  0.391579E+001 -0.307433E+002 -0.701972E-006 -0.217914E-006  0.735018E-006  0.542108E-005  0.168287E-005  0.567628E-005  0.120000E+002  0.200000E+001  0.100000E+001  0.500000E+000  0.300000E+000  0.200000E+001  0.100000E+001  0.100000E+001  0.100000E+002
  0.278000E+003  0.300000E+002  0.417519E+001 -0.307080E+002 -0.839003E-006 -0.255172E-006  0.876949E-006  0.606958E-005  0.184599E-005  0.634409E-005  0.120000E+002  0.200000E+001  0.100000E+001  0.500000E+000  0.300000E+000  0.200000E+001  0.100000E+001  0.100000E+001  0.100000E+002
  0.278500E+003  0.300000E+002  0.443428E+001 -0.306705E+002 -0.989730E-006 -0.294416E-006  0.103259E-005  0.673315E-005  0.200291E-005  0.702474E-005  0.120000E+002  0.200000E+001  0.100000E+001  0.500000E+000  0.300000E+000  0.200000E+001  0.100000E+001  0.100000E+001  0.100000E+002
  0.279000E+003  0.300000E+002  0.469303E+001 -0.306307E+002 -0.115379E-005 -0.335102E-006  0.120147E-005  0.740656E-005  0.215113E-005  0.771262E-005  0.120000E+002  0.200000E+001  0.100000E+001  0.500000E+000  0.300000E+000  0.200000E+001  0.100000E+001  0.100000E+001  0.100000E+002
  0.279500E+003  0.300000E+002  0.495143E+001 -0.305886E+002 -0.133058E-005 -0.376604E-006  0.138285E-005  0.808423E-005  0.228815E-005  0.840181E-005  0.120000E+002  0.200000E+001  0.100000E+001  0.500000E+000  0.300000E+000  0.200000E+001  0.100000E+001  0.100000E+001  0.100000E+002
  0.280000E+003  0.300000E+002  0.520945E+001 -0.305442E+002 -0.151923E-005 -0.418219E-006  0.157575E-005  0.876021E-005  0.241154E-005  0.908607E-005  0.120000E+002  0.200000E+001  0.100000E+001  0.500000E+000  0.300000E+000  0.200000E+001  0.100000E+001  0.100000E+001  0.100000E+002
  0.280500E+003  0.300000E+002  0.546707E+001 -0.304976E+002 -0.171863E-005 -0.459177E-006  0.177891E-005  0.942815E-005  0.251898E-005  0.975885E-005  0.120000E+002  0.200000E+001  0.100000E+001  0.500000E+000  0.300000E+000  0.200000E+001  0.100000E+001  0.100000E+001  0.100000E+002
  0.281000E+003  0.300000E+002  0.572427E+001 -0.304488E+002 -0.192733E-005 -0.498645E-006  0.199079E-005  0.100814E-004  0.260828E-005  0.104133E-004  0.120000E+002  0.200000E+001  0.100000E+001  0.500000E+000  0.300000E+000  0.200000E+001  0.100000E+001  0.100000E+001  0.100000E+002
  0.281500E+003  0.300000E+002  0.598104E+001 -0.303977E+002 -0.214361E-005 -0.535750E-006  0.220954E-005  0.107127E-004  0.267743E-005  0.110422E-004  0.120000E+002  0.200000E+001  0.100000E+001  0.500000E+000  0.300000E+000  0.200000E+001  0.100000E+001  0.100000E+001  0.100000E+002
  0.282000E+003  0.300000E+002  0.623735E+001 -0.303444E+002 -0.236538E-005 -0.569584E-006  0.243299E-005  0.113148E-004  0.272461E-005  0.116383E-004  0.120000E+002  0.200000E+001  0.100000E+001  0.500000E+000  0.300000E+000  0.200000E+001  0.100000E+001  0.100000E+001  0.100000E+002
  0.282500E+003  0.300000E+002  0.649319E+001 -0.302889E+002 -0.259024E-005 -0.599229E-006  0.265865E-005  0.118798E-004  0.274829E-005  0.121936E-004  0.120000E+002  0.200000E+001  0.100000E+001  0.500000E+000  0.300000E+000  0.200000E+001  0.100000E+001  0.100000E+001  0.100000E+002
  0.283000E+003  0.300000E+002  0.674853E+001 -0.302311E+002 -0.281541E-005 -0.623771E-006  0.288368E-005  0.123995E-004  0.274720E-005  0.127002E-004  0.120000E+002  0.200000E+001  0.100000E+001  0.500000E+000  0.300000E+000  0.200000E+001  0.100000E+001  0.100000E+001  0.100000E+002
  0.283500E+003  0.300000E+002  0.700336E+001 -0.301711E+002 -0.303770E-005 -0.642328E-006  0.310487E-005  0.128654E-004  0.272042E-005  0.131499E-004  0.120000E+002  0.200000E+001  0.100000E+001  0.500000E+000  0.300000E+000  0.200000E+001  0.100000E+001  0.100000E+001  0.100000E+002
  0.284000E+003  0.300000E+002  0.725766E+001 -0.301089E+002 -0.325356E-005 -0.654071E-006  0.331865E-005  0.132686E-004  0.266741E-005  0.135340E-004  0.120000E+002  0.200000E+001  0.100000E+001  0.500000E+000  0.300000E+000  0.200000E+001  0.100000E+001  0.100000E+001  0.100000E+002
  0.284500E+003  0.300000E+002  0.751140E+001 -0.300444E+002 -0.345899E-005 -0.658254E-006  0.352107E-005  0.135998E-004  0.258807E-005  0.138439E-004  0.120000E+002  0.200000E+001  0.100000E+001  0.500000E+000  0.300000E+000  0.200000E+001  0.100000E+001  0.100000E+001  0.100000E+002
  0.285000E+003  0.300000E+002  0.776457E+001 -0.299778E+002 -0.364958E-005 -0.654247E-006  0.370776E-005  0.138496E-004  0.248276E-005  0.140703E-004  0.120000E+002  0.200000E+001  0.100000E+001  0.500000E+000  0.300000E+000  0.200000E+001  0.100000E+001  0.100000E+001  0.100000E+002
  0.285500E+003  0.300000E+002  0.801715E+001 -0.299089E+002 -0.382048E-005 -0.641564E-006  0.387397E-005  0.140081E-004  0.235234E-005  0.142042E-004  0.120000E+002  0.200000E+001  0.100000E+001  0.500000E+000  0.300000E+000  0.200000E+001  0.100000E+001  0.100000E+001  0.100000E+002
  0.286000E+003  0.300000E+002  0.826912E+001 -0.298379E+002 -0.396637E-005 -0.619904E-006  0.401452E-005  0.140654E-004  0.219828E-005  0.142361E-004  0.120000E+002  0.200000E+001  0.100000E+001  0.500000E+000  0.300000E+000  0.200000E+001  0.100000E+001  0.100000E+001  0.100000E+002
  0.286500E+003  0.300000E+002  0.852046E+001 -0.297646E+002 -0.408148E-005 -0.589192E-006  0.412379E-005  0.140111E-004  0.202261E-005  0.141563E-004  0.120000E+002  0.200000E+001  0.100000E+001  0.500000E+000  0.300000E+000  0.200000E+001  0.100000E+001  0.100000E+001  0.100000E+002
  0.287000E+003  0.300000E+002  0.877115E+001 -0.296891E+002 -0.415958E-005 -0.549616E-006  0.419573E-005  0.138348E-004  0.182803E-005  0.139551E-004  0.120000E+002  0.200000E+001  0.100000E+001  0.500000E+000  0.300000E+000  0.200000E+001  0.100000E+001  0.100000E+001  0.100000E+002
  0.287500E+003  0.300000E+002  0.902117E+001 -0.296115E+002 -0.419397E-005 -0.501675E-006  0.422387E-005  0.135261E-004  0.161797E-005  0.136225E-004  0.120000E+002  0.200000E+001  0.100000E+001  0.500000E+000  0.300000E+000  0.200000E+001  0.100000E+001  0.100000E+001  0.100000E+002
  0.288000E+003  0.300000E+002  0.927051E+001 -0.295317E+002 -0.417752E-005 -0.446226E-006  0.420128E-005  0.130742E-004  0.139654E-005  0.131486E-004  0.120000E+002  0.200000E+001  0.100000E+001  0.500000E+000  0.300000E+000  0.200000E+001  0.100000E+001  0.100000E+001  0.100000E+002
  0.288500E+003  0.300000E+002  0.951914E+001 -0.294497E+002 -0.410262E-005 -0.384530E-006  0.412060E-005  0.124687E-004  0.116866E-005  0.125233E-004  0.120000E+002  0.200000E+001  0.100000E+001  0.500000E+000  0.300000E+000  0.200000E+001  0.100000E+001  0.100000E+001  0.100000E+002
  0.289000E+003  0.300000E+002  0.976704E+001 -0.293656E+002 -0.396128E-005 -0.318308E-006  0.397405E-005  0.116990E-004  0.940071E-006  0.117367E-004  0.120000E+002  0.200000E+001  0.100000E+001  0.500000E+000  0.300000E+000  0.200000E+001  0.100000E+001  0.100000E+001  0.100000E+002
  0.289500E+003  0.300000E+002  0.100142E+002 -0.292792E+002 -0.374510E-005 -0.249790E-006  0.375342E-005  0.107549E-004  0.717325E-006  0.107787E-004  0.120000E+002  0.200000E+001  0.100000E+001  0.500000E+000  0.300000E+000  0.200000E+001  0.100000E+001  0.100000E+001  0.100000E+002
  0.290000E+003  0.300000E+002  0.102606E+002 -0.291908E+002 -0.344533E-005 -0.181765E-006  0.345013E-005  0.962634E-005  0.507855E-006  0.963973E-005  0.120000E+002  0.200000E+001  0.100000E+001  0.500000E+000  0.300000E+000  0.200000E+001  0.100000E+001  0.100000E+001  0.100000E+002
  0.290500E+003  0.300000E+002  0.105062E+002 -0.291002E+002 -0.305297E-005 -0.117635E-006  0.305524E-005  0.830399E-005  0.319963E-006  0.831015E-005  0.120000E+002  0.200000E+001  0.100000E+001  0.500000E+000  0.300000E+000  0.200000E+001  0.100000E+001  0.100000E+001  0.100000E+002
  0.291000E+003  0.300000E+002  0.107510E+002 -0.290074E+002 -0.255879E-005 -0.614622E-007  0.255953E-005  0.677898E-005  0.162832E-006  0.678094E-005  0.120000E+002  0.200000E+001  0.100000E+001  0.500000E+000  0.300000E+000  0.200000E+001  0.100000E+001  0.100000E+001  0.100000E+002
  0.291500E+003  0.300000E+002  0.109950E+002 -0.289125E+002 -0.195347E-005 -0.180142E-007  0.195355E-005  0.504339E-005  0.465084E-007  0.504360E-005  0.120000E+002  0.200000E+001  0.100000E+001  0.500000E+000  0.300000E+000  0.200000E+001  0.100000E+001  0.100000E+001  0.100000E+002
  0.292000E+003  0.300000E+002  0.112382E+002 -0.288155E+002 -0.122774E-005  0.720234E-008  0.122776E-005  0.309042E-005 -0.181294E-007  0.309047E-005  0.120000E+002  0.200000E+001  0.100000E+001  0.500000E+000  0.300000E+000  0.200000E+001  0.100000E+001  0.100000E+001  0.100000E+002
  0.292500E+003  0.300000E+002  0.114805E+002 -0.287164E+002 -0.372576E-006  0.791614E-008  0.372660E-006  0.914781E-006 -0.194364E-007  0.914988E-006  0.120000E+002  0.200000E+001  0.100000E+001  0.500000E+000  0.300000E+000  0.200000E+001  0.100000E+001  0.100000E+001  0.100000E+002
  0.293000E+003  0.300000E+002  0.117219E+002 -0.286151E+002  0.620578E-006 -0.229143E-007  0.621001E-006 -0.148689E-005  0.549020E-007  0.148790E-005  0.120000E+002  0.200000E+001  0.100000E+001  0.500000E+000  0.300000E+000  0.200000E+001  0.100000E+001  0.100000E+001  0.100000E+002
  0.293500E+003  0.300000E+002  0.119625E+002 -0.285118E+002  0.175945E-005 -0.930792E-007  0.176191E-005 -0.411543E-005  0.217716E-006  0.412119E-005  0.120000E+002  0.200000E+001  0.100000E+001  0.500000E+000  0.300000E+000  0.200000E+001  0.100000E+001  0.100000E+001  0.100000E+002
  0.294000E+003  0.300000E+002  0.122021E+002 -0.284064E+002  0.305051E-005 -0.211056E-006  0.305781E-005 -0.696845E-005  0.482126E-006  0.698511E-005  0.120000E+002  0.200000E+001  0.100000E+001  0.500000E+000  0.300000E+000  0.200000E+001  0.100000E+001  0.100000E+001  0.100000E+002
  0.294500E+003  0.300000E+002  0.124408E+002 -0.282988E+002  0.449833E-005 -0.385885E-006  0.451485E-005 -0.100392E-004  0.861206E-006  0.100761E-004  0.120000E+002  0.200000E+001  0.100000E+001  0.500000E+000  0.300000E+000  0.200000E+001  0.100000E+001  0.100000E+001  0.100000E+002
  0.295000E+003  0.300000E+002  0.126785E+002 -0.281892E+002  0.610466E-005 -0.626955E-006  0.613677E-005 -0.133153E-004  0.136749E-005  0.133853E-004  0.120000E+002  0.200000E+001  0.100000E+001  0.500000E+000  0.300000E+000  0.200000E+001  0.100000E+001  0.100000E+001  0.100000E+002
  0.295500E+003  0.300000E+002  0.129153E+002 -0.280776E+002  0.786725E-005 -0.943642E-006  0.792364E-005 -0.167762E-004  0.201223E-005  0.168965E-004  0.120000E+002  0.200000E+001  0.100000E+001  0.500000E+000  0.300000E+000  0.200000E+001  0.100000E+001  0.100000E+001  0.100000E+002
  0.296000E+003  0.300000E+002  0.131511E+002 -0.279638E+002  0.977784E-005 -0.134472E-005  0.986987E-005 -0.203909E-004  0.280429E-005  0.205828E-004  0.120000E+002  0.200000E+001  0.100000E+001  0.500000E+000  0.300000E+000  0.200000E+001  0.100000E+001  0.100000E+001  0.100000E+002
  0.296500E+003  0.300000E+002  0.133859E+002 -0.278480E+002  0.118193E-004 -0.183737E-005  0.119612E-004 -0.241122E-004  0.374837E-005  0.244018E-004  0.120000E+002  0.200000E+001  0.100000E+001  0.500000E+000  0.300000E+000  0.200000E+001  0.100000E+001  0.100000E+001  0.100000E+002
  0.297000E+003  0.300000E+002  0.136197E+002 -0.277302E+002  0.139608E-004 -0.242557E-005  0.141700E-004 -0.278698E-004  0.484214E-005  0.282873E-004  0.120000E+002  0.200000E+001  0.100000E+001  0.500000E+000  0.300000E+000  0.200000E+001  0.100000E+001  0.100000E+001  0.100000E+002
  0.297500E+003  0.300000E+002  0.138525E+002 -0.276103E+002  0.161499E-004 -0.310722E-005  0.164461E-004 -0.315567E-004  0.607144E-005  0.321355E-004  0.120000E+002  0.200000E+001  0.100000E+001  0.500000E+000  0.300000E+000  0.200000E+001  0.100000E+001  0.100000E+001  0.100000E+002
  0.298000E+003  0.300000E+002  0.140841E+002 -0.274884E+002  0.182977E-004 -0.386884E-005  0.187022E-004 -0.350047E-004  0.740135E-005  0.357786E-004  0.120000E+002  0.200000E+001  0.100000E+001  0.500000E+000  0.300000E+000  0.200000E+001  0.100000E+001  0.100000E+001  0.100000E+002
  0.298500E+003  0.300000E+002  0.143148E+002 -0.273645E+002  0.202488E-004 -0.467501E-005  0.207815E-004 -0.379357E-004  0.875852E-005  0.389337E-004  0.120000E+002  0.200000E+001  0.100000E+001  0.500000E+000  0.300000E+000  0.200000E+001  0.100000E+001  0.100000E+001  0.100000E+002
  0.299000E+003  0.300000E+002  0.145443E+002 -0.272386E+002  0.217133E-004 -0.544424E-005  0.223854E-004 -0.398469E-004  0.999092E-005  0.410804E-004  0.120000E+002  0.200000E+001  0.100000E+001  0.500000E+000  0.300000E+000  0.200000E+001  0.100000E+001  0.100000E+001  0.100000E+002
  0.299500E+003  0.300000E+002  0.147727E+002 -0.271107E+002  0.220708E-004 -0.598165E-005  0.228670E-004 -0.396831E-004  0.107549E-004  0.411147E-004  0.120000E+002  0.200000E+001  0.100000E+001  0.500000E+000  0.300000E+000  0.200000E+001  0.100000E+001  0.100000E+001  0.100000E+002
  0.300000E+003  0.300000E+002  0.150000E+002 -0.269808E+002  0.195383E-004 -0.570050E-005  0.203529E-004 -0.344257E-004  0.100441E-004  0.358611E-004  0.120000E+002  0.200000E+001  0.100000E+001  0.500000E+000  0.300000E+000  0.200000E+001  0.100000E+001  0.100000E+001  0.100000E+002
  0.300500E+003  0.300000E+002  0.152262E+002 -0.268489E+002  0.569253E-005  0.118591E-004  0.131546E-004 -0.983109E-005 -0.204808E-004  0.227181E-004  0.120000E+002  0.200000E+001  0.100000E+001  0.500000E+000  0.300000E+000  0.200000E+001  0.100000E+001  0.100000E+001  0.100000E+002
  0.301000E+003  0.300000E+002  0.154511E+002 -0.267150E+002  0.267352E-004  0.302831E-004  0.403960E-004 -0.452651E-004 -0.512720E-004  0.683941E-004  0.120000E+002  0.200000E+001  0.100000E+001  0.500000E+000  0.300000E+000  0.200000E+001  0.100000E+001  0.100000E+001  0.100000E+002
  0.301500E+003  0.300000E+002  0.156750E+002 -0.265792E+002  0.467779E-004  0.382114E-004  0.604010E-004 -0.776575E-004 -0.634360E-004  0.100274E-003  0.120000E+002  0.200000E+001  0.100000E+001  0.500000E+000  0.300000E+000  0.200000E+001  0.100000E+001  0.100000E+001  0.100000E+002
  0.302000E+003  0.300000E+002  0.158976E+002 -0.264414E+002  0.677141E-004  0.420341E-004  0.796998E-004 -0.110245E-003 -0.684357E-004  0.129759E-003  0.120000E+002  0.200000E+001  0.100000E+001  0.500000E+000  0.300000E+000  0.200000E+001  0.100000E+001  0.100000E+001  0.100000E+002
  0.302500E+003  0.300000E+002  0.161190E+002 -0.263017E+002  0.898262E-004  0.427260E-004  0.994698E-004 -0.143448E-003 -0.682314E-004  0.158849E-003  0.120000E+002  0.200000E+001  0.100000E+001  0.500000E+000  0.300000E+000  0.200000E+001  0.100000E+001  0.100000E+001  0.100000E+002
  0.303000E+003  0.300000E+002  0.163392E+002 -0.261601E+002  0.113170E-003  0.405253E-004  0.120207E-003 -0.177297E-003 -0.634889E-004  0.188321E-003  0.120000E+002  0.200000E+001  0.100000E+001  0.500000E+000  0.300000E+000  0.200000E+001  0.100000E+001  0.100000E+001  0.100000E+002
  0.303500E+003  0.300000E+002  0.165581E+002 -0.260166E+002  0.137711E-003  0.354278E-004  0.142195E-003 -0.211681E-003 -0.544576E-004  0.218574E-003  0.120000E+002  0.200000E+001  0.100000E+001  0.500000E+000  0.300000E+000  0.200000E+001  0.100000E+001  0.100000E+001  0.100000E+002
  0.304000E+003  0.300000E+002  0.167758E+002 -0.258711E+002  0.163361E-003  0.273217E-004  0.165630E-003 -0.246415E-003 -0.412123E-004  0.249837E-003  0.120000E+002  0.200000E+001  0.100000E+001  0.500000E+000  0.300000E+000  0.200000E+001  0.100000E+001  0.100000E+001  0.100000E+002
  0.304500E+003  0.300000E+002  0.169922E+002 -0.257238E+002  0.189987E-003  0.160406E-004  0.190663E-003 -0.281259E-003 -0.237466E-004  0.282259E-003  0.120000E+002  0.200000E+001  0.100000E+001  0.500000E+000  0.300000E+000  0.200000E+001  0.100000E+001  0.100000E+001  0.100000E+002
  0.305000E+003  0.300000E+002  0.172073E+002 -0.255746E+002  0.217418E-003  0.138849E-005  0.217423E-003 -0.315933E-003 -0.201762E-005  0.315939E-003  0.120000E+002  0.200000E+001  0.100000E+001  0.500000E+000  0.300000E+000  0.200000E+001  0.100000E+001  0.100000E+001  0.100000E+002
  0.305500E+003  0.300000E+002  0.174211E+002 -0.254235E+002  0.245443E-003 -0.168451E-004  0.246020E-003 -0.350120E-003  0.240293E-004  0.350943E-003  0.120000E+002  0.200000E+001  0.100000E+001  0.500000E+000  0.300000E+000  0.200000E+001  0.100000E+001  0.100000E+001  0.100000E+002
  0.306000E+003  0.300000E+002  0.176336E+002 -0.252705E+002  0.273811E-003 -0.388755E-004  0.276557E-003 -0.383472E-003  0.544451E-004  0.387318E-003  0.120000E+002  0.200000E+001  0.100000E+001  0.500000E+000  0.300000E+000  0.200000E+001  0.100000E+001  0.100000E+001  0.100000E+002
  0.306500E+003  0.300000E+002  0.178447E+002 -0.251157E+002  0.302235E-003 -0.649140E-004  0.309127E-003 -0.415612E-003  0.892653E-004  0.425091E-003  0.120000E+002  0.200000E+001  0.100000E+001  0.500000E+000  0.300000E+000  0.200000E+001  0.100000E+001  0.100000E+001  0.100000E+002
  0.307000E+003  0.300000E+002  0.180545E+002 -0.249591E+002  0.330385E-003 -0.951623E-004  0.343817E-003 -0.446138E-003  0.128503E-003  0.464276E-003  0.120000E+002  0.200000E+001  0.100000E+001  0.500000E+000  0.300000E+000  0.200000E+001  0.100000E+001  0.100000E+001  0.100000E+002
  0.307500E+003  0.300000E+002  0.182628E+002 -0.248006E+002  0.357897E-003 -0.129804E-003  0.380709E-003 -0.474624E-003  0.172140E-003  0.504876E-003  0.120000E+002  0.200000E+001  0.100000E+001  0.500000E+000  0.300000E+000  0.200000E+001  0.100000E+001  0.100000E+001  0.100000E+002
  0.308000E+003  0.300000E+002  0.184698E+002 -0.246403E+002  0.384363E-003 -0.169002E-003  0.419877E-003 -0.500627E-003  0.220122E-003  0.546883E-003  0.120000E+002  0.200000E+001  0.100000E+001  0.500000E+000  0.300000E+000  0.200000E+001  0.100000E+001  0.100000E+001  0.100000E+002
  0.308500E+003  0.300000E+002  0.186754E+002 -0.244782E+002  0.409342E-003 -0.212887E-003  0.461391E-003 -0.523689E-003  0.272355E-003  0.590278E-003  0.120000E+002  0.200000E+001  0.100000E+001  0.500000E+000  0.300000E+000  0.200000E+001  0.100000E+001  0.100000E+001  0.100000E+002
  0.309000E+003  0.300000E+002  0.188796E+002 -0.243144E+002  0.432355E-003 -0.261557E-003  0.505315E-003 -0.543343E-003  0.328699E-003  0.635031E-003  0.120000E+002  0.200000E+001  0.100000E+001  0.500000E+000  0.300000E+000  0.200000E+001  0.100000E+001  0.100000E+001  0.100000E+002
  0.309500E+003  0.300000E+002  0.190823E+002 -0.241487E+002  0.452892E-003 -0.315066E-003  0.551705E-003 -0.559117E-003  0.388965E-003  0.681106E-003  0.120000E+002  0.200000E+001  0.100000E+001  0.500000E+000  0.300000E+000  0.200000E+001  0.100000E+001  0.100000E+001  0.100000E+002
  0.310000E+003  0.300000E+002  0.192836E+002 -0.239813E+002  0.470411E-003 -0.373425E-003  0.600610E-003 -0.570540E-003  0.452911E-003  0.728453E-003  0.120000E+002  0.200000E+001  0.100000E+001  0.500000E+000  0.300000E+000  0.200000E+001  0.100000E+001  0.100000E+001  0.100000E+002
  0.310500E+003  0.300000E+002  0.194834E+002 -0.238122E+002  0.484345E-003 -0.436588E-003  0.652073E-003 -0.577150E-003  0.520242E-003  0.777016E-003  0.120000E+002  0.200000E+001  0.100000E+001  0.500000E+000  0.300000E+000  0.200000E+001  0.100000E+001  0.100000E+001  0.100000E+002
  0.311000E+003  0.300000E+002  0.196818E+002 -0.236413E+002  0.494108E-003 -0.504453E-003  0.706127E-003 -0.578498E-003  0.590610E-003  0.826728E-003  0.120000E+002  0.200000E+001  0.100000E+001  0.500000E+000  0.300000E+000  0.200000E+001  0.100000E+001  0.100000E+001  0.100000E+002
  0.311500E+003  0.300000E+002  0.198786E+002 -0.234687E+002  0.499097E-003 -0.576853E-003  0.762796E-003 -0.574156E-003  0.663606E-003  0.877513E-003  0.120000E+002  0.200000E+001  0.100000E+001  0.500000E+000  0.300000E+000  0.200000E+001  0.100000E+001  0.100000E+001  0.100000E+002
  0.312000E+003  0.300000E+002  0.200739E+002 -0.232943E+002  0.498704E-003 -0.653556E-003  0.822096E-003 -0.563727E-003  0.738770E-003  0.929284E-003  0.120000E+002  0.200000E+001  0.100000E+001  0.500000E+000  0.300000E+000  0.200000E+001  0.100000E+001  0.100000E+001  0.100000E+002
  0.312500E+003  0.300000E+002  0.202677E+002 -0.231183E+002  0.492316E-003 -0.734256E-003  0.884029E-003 -0.546847E-003  0.815585E-003  0.981948E-003  0.120000E+002  0.200000E+001  0.100000E+001  0.500000E+000  0.300000E+000  0.200000E+001  0.100000E+001  0.100000E+001  0.100000E+002
  0.313000E+003  0.300000E+002  0.204600E+002 -0.229406E+002  0.479333E-003 -0.818575E-003  0.948591E-003 -0.523198E-003  0.893485E-003  0.103540E-002  0.120000E+002  0.200000E+001  0.100000E+001  0.500000E+000  0.300000E+000  0.200000E+001  0.100000E+001  0.100000E+001  0.100000E+002
  0.313500E+003  0.300000E+002  0.206506E+002 -0.227612E+002  0.459168E-003 -0.906056E-003  0.101576E-002 -0.492512E-003  0.971852E-003  0.108953E-002  0.120000E+002  0.200000E+001  0.100000E+001  0.500000E+000  0.300000E+000  0.200000E+001  0.100000E+001  0.100000E+001  0.100000E+002
  0.314000E+003  0.300000E+002  0.208398E+002 -0.225802E+002  0.431262E-003 -0.996169E-003  0.108551E-002 -0.454580E-003  0.105003E-002  0.114421E-002  0.120000E+002  0.200000E+001  0.100000E+001  0.500000E+000  0.300000E+000  0.200000E+001  0.100000E+001  0.100000E+001  0.100000E+002
  0.314500E+003  0.300000E+002  0.210273E+002 -0.223975E+002  0.395093E-003 -0.108830E-002  0.115780E-002 -0.409257E-003  0.112732E-002  0.119931E-002  0.120000E+002  0.200000E+001  0.100000E+001  0.500000E+000  0.300000E+000  0.200000E+001  0.100000E+001  0.100000E+001  0.100000E+002
  0.315000E+003  0.300000E+002  0.212132E+002 -0.222132E+002  0.350184E-003 -0.118178E-002  0.123257E-002 -0.356471E-003  0.120299E-002  0.125470E-002  0.120000E+002  0.200000E+001  0.100000E+001  0.500000E+000  0.300000E+000  0.200000E+001  0.100000E+001  0.100000E+001  0.100000E+002
  0.315500E+003  0.300000E+002  0.213975E+002 -0.220273E+002  0.296117E-003 -0.127583E-002  0.130975E-002 -0.296225E-003  0.127630E-002  0.131022E-002  0.120000E+002  0.200000E+001  0.100000E+001  0.500000E+000  0.300000E+000  0.200000E+001  0.100000E+001  0.100000E+001  0.100000E+002
  0.316000E+003  0.300000E+002  0.215802E+002 -0.218398E+002  0.232540E-003 -0.136965E-002  0.138925E-002 -0.228604E-003  0.134647E-002  0.136574E-002  0.120000E+002  0.200000E+001  0.100000E+001  0.500000E+000  0.300000E+000  0.200000E+001  0.100000E+001  0.100000E+001  0.100000E+002
  0.316500E+003  0.300000E+002  0.217612E+002 -0.216506E+002  0.159177E-003 -0.146235E-002  0.147099E-002 -0.153777E-003  0.141274E-002  0.142109E-002  0.120000E+002  0.200000E+001  0.100000E+001  0.500000E+000  0.300000E+000  0.200000E+001  0.100000E+001  0.100000E+001  0.100000E+002
  0.317000E+003  0.300000E+002  0.219406E+002 -0.214600E+002  0.758430E-004 -0.155300E-002  0.155485E-002 -0.720016E-004  0.147434E-002  0.147610E-002  0.120000E+002  0.200000E+001  0.100000E+001  0.500000E+000  0.300000E+000  0.200000E+001  0.100000E+001  0.100000E+001  0.100000E+002
  0.317500E+003  0.300000E+002  0.221183E+002 -0.212677E+002 -0.175566E-004 -0.164061E-002  0.164070E-002  0.163785E-004  0.153052E-002  0.153061E-002  0.120000E+002  0.200000E+001  0.100000E+001  0.500000E+000  0.300000E+000  0.200000E+001  0.100000E+001  0.100000E+001  0.100000E+002
  0.318000E+003  0.300000E+002  0.222943E+002 -0.210739E+002 -0.121011E-003 -0.172416E-002  0.172840E-002  0.110931E-003  0.158055E-002  0.158444E-002  0.120000E+002  0.200000E+001  0.100000E+001  0.500000E+000  0.300000E+000  0.200000E+001  0.100000E+001  0.100000E+001  0.100000E+002
  0.318500E+003  0.300000E+002  0.224687E+002 -0.208786E+002 -0.234400E-003 -0.180263E-002  0.181781E-002  0.211140E-003  0.162375E-002  0.163742E-002  0.120000E+002  0.200000E+001  0.100000E+001  0.500000E+000  0.300000E+000  0.200000E+001  0.100000E+001  0.100000E+001  0.100000E+002
  0.319000E+003  0.300000E+002  0.226413E+002 -0.206818E+002 -0.357491E-003 -0.187497E-002  0.190875E-002  0.316405E-003  0.165949E-002  0.168938E-002  0.120000E+002  0.200000E+001  0.100000E+001  0.500000E+000  0.300000E+000  0.200000E+001  0.100000E+001  0.100000E+001  0.100000E+002
  0.319500E+003  0.300000E+002  0.228122E+002 -0.204834E+002 -0.489931E-003 -0.194014E-002  0.200105E-002  0.426050E-003  0.168717E-002  0.174013E-002  0.120000E+002  0.200000E+001  0.100000E+001  0.500000E+000  0.300000E+000  0.200000E+001  0.100000E+001  0.100000E+001  0.100000E+002
  0.320000E+003  0.300000E+002  0.229813E+002 -0.202836E+002 -0.631251E-003 -0.199712E-002  0.209450E-002  0.539328E-003  0.170629E-002  0.178950E-002  0.120000E+002  0.200000E+001  0.100000E+001  0.500000E+000  0.300000E+000  0.200000E+001  0.100000E+001  0.100000E+001  0.100000E+002
  0.320500E+003  0.300000E+002  0.231487E+002 -0.200823E+002 -0.780860E-003 -0.204490E-002  0.218892E-002  0.655430E-003  0.171643E-002  0.183731E-002  0.120000E+002  0.200000E+001  0.100000E+001  0.500000E+000  0.300000E+000  0.200000E+001  0.100000E+001  0.100000E+001  0.100000E+002
  0.321000E+003  0.300000E+002  0.233144E+002 -0.198796E+002 -0.938052E-003 -0.208257E-002  0.228408E-002  0.773492E-003  0.171723E-002  0.188339E-002  0.120000E+002  0.200000E+001  0.100000E+001  0.500000E+000  0.300000E+000  0.200000E+001  0.100000E+001  0.100000E+001  0.100000E+002
  0.321500E+003  0.300000E+002  0.234782E+002 -0.196754E+002 -0.110201E-002 -0.210922E-002  0.237976E-002  0.892609E-003  0.170844E-002  0.192756E-002  0.120000E+002  0.200000E+001  0.100000E+001  0.500000E+000  0.300000E+000  0.200000E+001  0.100000E+001  0.100000E+001  0.100000E+002
  0.322000E+003  0.300000E+002  0.236403E+002 -0.194698E+002 -0.127181E-002 -0.212408E-002  0.247572E-002  0.101184E-002  0.168990E-002  0.196967E-002  0.120000E+002  0.200000E+001  0.100000E+001  0.500000E+000  0.300000E+000  0.200000E+001  0.100000E+001  0.100000E+001  0.100000E+002
  0.322500E+003  0.300000E+002  0.238006E+002 -0.192628E+002 -0.144642E-002 -0.212641E-002  0.257173E-002  0.113023E-002  0.166158E-002  0.200955E-002  0.120000E+002  0.200000E+001  0.100000E+001  0.500000E+000  0.300000E+000  0.200000E+001  0.100000E+001  0.100000E+001  0.100000E+002
  0.323000E+003  0.300000E+002  0.239591E+002 -0.190545E+002 -0.162474E-002 -0.211563E-002  0.266752E-002  0.124682E-002  0.162352E-002  0.204704E-002  0.120000E+002  0.200000E+001  0.100000E+001  0.500000E+000  0.300000E+000  0.200000E+001  0.100000E+001  0.100000E+001  0.100000E+002
  0.323500E+003  0.300000E+002  0.241157E+002 -0.188447E+002 -0.180559E-002 -0.209123E-002  0.276285E-002  0.136064E-002  0.157589E-002  0.208201E-002  0.120000E+002  0.200000E+001  0.100000E+001  0.500000E+000  0.300000E+000  0.200000E+001  0.100000E+001  0.100000E+001  0.100000E+002
  0.324000E+003  0.300000E+002  0.242705E+002 -0.186336E+002 -0.198770E-002 -0.205284E-002  0.285747E-002  0.147075E-002  0.151895E-002  0.211431E-002  0.120000E+002  0.200000E+001  0.100000E+001  0.500000E+000  0.300000E+000  0.200000E+001  0.100000E+001  0.100000E+001  0.100000E+002
  0.324500E+003  0.300000E+002  0.244235E+002 -0.184211E+002 -0.216979E-002 -0.200024E-002  0.295109E-002  0.157624E-002  0.145307E-002  0.214382E-002  0.120000E+002  0.200000E+001  0.100000E+001  0.500000E+000  0.300000E+000  0.200000E+001  0.100000E+001  0.100000E+001  0.100000E+002
  0.325000E+003  0.300000E+002  0.245746E+002 -0.182073E+002 -0.235053E-002 -0.193331E-002  0.304347E-002  0.167626E-002  0.137873E-002  0.217042E-002  0.120000E+002  0.200000E+001  0.100000E+001  0.500000E+000  0.300000E+000  0.200000E+001  0.100000E+001  0.100000E+001  0.100000E+002
  0.325500E+003  0.300000E+002  0.247238E+002 -0.179922E+002 -0.252857E-002 -0.185212E-002  0.313433E-002  0.176998E-002  0.129647E-002  0.219401E-002  0.120000E+002  0.200000E+001  0.100000E+001  0.500000E+000  0.300000E+000  0.200000E+001  0.100000E+001  0.100000E+001  0.100000E+002
  0.326000E+003  0.300000E+002  0.248711E+002 -0.177758E+002 -0.270257E-002 -0.175685E-002  0.322341E-002  0.185667E-002  0.120696E-002  0.221449E-002  0.120000E+002  0.200000E+001  0.100000E+001  0.500000E+000  0.300000E+000  0.200000E+001  0.100000E+001  0.100000E+001  0.100000E+002
  0.326500E+003  0.300000E+002  0.250166E+002 -0.175581E+002 -0.287120E-002 -0.164782E-002  0.331046E-002  0.193566E-002  0.111090E-002  0.223179E-002  0.120000E+002  0.200000E+001  0.100000E+001  0.500000E+000  0.300000E+000  0.200000E+001  0.100000E+001  0.100000E+001  0.100000E+002
  0.327000E+003  0.300000E+002  0.251601E+002 -0.173392E+002 -0.303318E-002 -0.152552E-002  0.339520E-002  0.200636E-002  0.100909E-002  0.224583E-002  0.120000E+002  0.200000E+001  0.100000E+001  0.500000E+000  0.300000E+000  0.200000E+001  0.100000E+001  0.100000E+001  0.100000E+002
  0.327500E+003  0.300000E+002  0.253017E+002 -0.171190E+002 -0.318727E-002 -0.139056E-002  0.347740E-002  0.206828E-002  0.902361E-003  0.225656E-002  0.120000E+002  0.200000E+001  0.100000E+001  0.500000E+000  0.300000E+000  0.200000E+001  0.100000E+001  0.100000E+001  0.100000E+002
  0.328000E+003  0.300000E+002  0.254414E+002 -0.168976E+002 -0.333229E-002 -0.124366E-002  0.355681E-002  0.212103E-002  0.791603E-003  0.226394E-002  0.120000E+002  0.200000E+001  0.100000E+001  0.500000E+000  0.300000E+000  0.200000E+001  0.100000E+001  0.100000E+001  0.100000E+002
  0.328500E+003  0.300000E+002  0.255792E+002 -0.166750E+002 -0.346717E-002 -0.108570E-002  0.363318E-002  0.216431E-002  0.677730E-003  0.226794E-002  0.120000E+002  0.200000E+001  0.100000E+001  0.500000E+000  0.300000E+000  0.200000E+001  0.100000E+001  0.100000E+001  0.100000E+002
  0.329000E+003  0.300000E+002  0.257150E+002 -0.164511E+002 -0.359090E-002 -0.917642E-003  0.370630E-002  0.219793E-002  0.561673E-003  0.226856E-002  0.120000E+002  0.200000E+001  0.100000E+001  0.500000E+000  0.300000E+000  0.200000E+001  0.100000E+001  0.100000E+001  0.100000E+002
  0.329500E+003  0.300000E+002  0.258489E+002 -0.162262E+002 -0.370260E-002 -0.740543E-003  0.377593E-002  0.222179E-002  0.444372E-003  0.226579E-002  0.120000E+002  0.200000E+001  0.100000E+001  0.500000E+000  0.300000E+000  0.200000E+001  0.100000E+001  0.100000E+001  0.100000E+002
  0.330000E+003  0.300000E+002  0.259808E+002 -0.160000E+002 -0.380150E-002 -0.555559E-003  0.384188E-002  0.223590E-002  0.326759E-003  0.225965E-002  0.120000E+002  0.200000E+001  0.100000E+001  0.500000E+000  0.300000E+000  0.200000E+001  0.100000E+001  0.100000E+001  0.100000E+002
  0.330500E+003  0.300000E+002  0.261107E+002 -0.157727E+002 -0.388695E-002 -0.363902E-003  0.390395E-002  0.224037E-002  0.209747E-003  0.225017E-002  0.120000E+002  0.200000E+001  0.100000E+001  0.500000E+000  0.300000E+000  0.200000E+001  0.100000E+001  0.100000E+001  0.100000E+002
  0.331000E+003  0.300000E+002  0.262386E+002 -0.155443E+002 -0.395844E-002 -0.166846E-003  0.396195E-002  0.223540E-002  0.942208E-004  0.223738E-002  0.120000E+002  0.200000E+001  0.100000E+001  0.500000E+000  0.300000E+000  0.200000E+001  0.100000E+001  0.100000E+001  0.100000E+002
  0.331500E+003  0.300000E+002  0.263645E+002 -0.153148E+002 -0.401557E-002  0.343027E-004  0.401572E-002  0.222127E-002 -0.189750E-004  0.222135E-002  0.120000E+002  0.200000E+001  0.100000E+001  0.500000E+000  0.300000E+000  0.200000E+001  0.100000E+001  0.100000E+001  0.100000E+002
  0.332000E+003  0.300000E+002  0.264884E+002 -0.150841E+002 -0.405811E-002  0.238211E-003  0.406510E-002  0.219836E-002 -0.129043E-003  0.220214E-002  0.120000E+002  0.200000E+001  0.100000E+001  0.500000E+000  0.300000E+000  0.200000E+001  0.100000E+001  0.100000E+001  0.100000E+002
  0.332500E+003  0.300000E+002  0.266103E+002 -0.148525E+002 -0.408595E-002  0.443544E-003  0.410995E-002  0.216711E-002 -0.235247E-003  0.217984E-002  0.120000E+002  0.200000E+001  0.100000E+001  0.500000E+000  0.300000E+000  0.200000E+001  0.100000E+001  0.100000E+001  0.100000E+002
  0.333000E+003  0.300000E+002  0.267302E+002 -0.146197E+002 -0.409909E-002  0.648971E-003  0.415014E-002  0.212801E-002 -0.336909E-003  0.215452E-002  0.120000E+002  0.200000E+001  0.100000E+001  0.500000E+000  0.300000E+000  0.200000E+001  0.100000E+001  0.100000E+001  0.100000E+002
  0.333500E+003  0.300000E+002  0.268480E+002 -0.143859E+002 -0.409769E-002  0.853191E-003  0.418557E-002  0.208164E-002 -0.433425E-003  0.212629E-002  0.120000E+002  0.200000E+001  0.100000E+001  0.500000E+000  0.300000E+000  0.200000E+001  0.100000E+001  0.100000E+001  0.100000E+002
  0.334000E+003  0.300000E+002  0.269638E+002 -0.141511E+002 -0.408202E-002  0.105493E-002  0.421613E-002  0.202861E-002 -0.524259E-003  0.209526E-002  0.120000E+002  0.200000E+001  0.100000E+001  0.500000E+000  0.300000E+000  0.200000E+001  0.100000E+001  0.100000E+001  0.100000E+002
  0.334500E+003  0.300000E+002  0.270776E+002 -0.139153E+002 -0.405247E-002  0.125297E-002  0.424175E-002  0.196955E-002 -0.608959E-003  0.206155E-002  0.120000E+002  0.200000E+001  0.100000E+001  0.500000E+000  0.300000E+000  0.200000E+001  0.100000E+001  0.100000E+001  0.100000E+002
  0.335000E+003  0.300000E+002  0.271892E+002 -0.136785E+002 -0.400954E-002  0.144615E-002  0.426236E-002  0.190514E-002 -0.687144E-003  0.202528E-002  0.120000E+002  0.200000E+001  0.100000E+001  0.500000E+000  0.300000E+000  0.200000E+001  0.100000E+001  0.100000E+001  0.100000E+002
  0.335500E+003  0.300000E+002  0.272988E+002 -0.134408E+002 -0.395380E-002  0.163339E-002  0.427791E-002  0.183607E-002 -0.758516E-003  0.198658E-002  0.120000E+002  0.200000E+001  0.100000E+001  0.500000E+000  0.300000E+000  0.200000E+001  0.100000E+001  0.100000E+001  0.100000E+002
  0.336000E+003  0.300000E+002  0.274064E+002 -0.132021E+002 -0.388595E-002  0.181367E-002  0.428835E-002  0.176303E-002 -0.822851E-003  0.194560E-002  0.120000E+002  0.200000E+001  0.100000E+001  0.500000E+000  0.300000E+000  0.200000E+001  0.100000E+001  0.100000E+001  0.100000E+002
  0.336500E+003  0.300000E+002  0.275118E+002 -0.129625E+002 -0.380673E-002  0.198606E-002  0.429367E-002  0.168673E-002 -0.880003E-003  0.190249E-002  0.120000E+002  0.200000E+001  0.100000E+001  0.500000E+000  0.300000E+000  0.200000E+001  0.100000E+001  0.100000E+001  0.100000E+002
  0.337000E+003  0.300000E+002  0.276151E+002 -0.127219E+002 -0.371697E-002  0.214973E-002  0.429386E-002  0.160783E-002 -0.929900E-003  0.185738E-002  0.120000E+002  0.200000E+001  0.100000E+001  0.500000E+000  0.300000E+000  0.200000E+001  0.100000E+001  0.100000E+001  0.100000E+002
  0.337500E+003  0.300000E+002  0.277164E+002 -0.124805E+002 -0.361754E-002  0.230395E-002  0.428891E-002  0.152703E-002 -0.972537E-003  0.181042E-002  0.120000E+002  0.200000E+001  0.100000E+001  0.500000E+000  0.300000E+000  0.200000E+001  0.100000E+001  0.100000E+001  0.100000E+002
  0.338000E+003  0.300000E+002  0.278155E+002 -0.122382E+002 -0.350935E-002  0.244806E-002  0.427884E-002  0.144495E-002 -0.100797E-002  0.176179E-002  0.120000E+002  0.200000E+001  0.100000E+001  0.500000E+000  0.300000E+000  0.200000E+001  0.100000E+001  0.100000E+001  0.100000E+002
  0.338500E+003  0.300000E+002  0.279125E+002 -0.119950E+002 -0.339334E-002  0.258151E-002  0.426368E-002  0.136224E-002 -0.103633E-002  0.171163E-002  0.120000E+002  0.200000E+001  0.100000E+001  0.500000E+000  0.300000E+000  0.200000E+001  0.100000E+001  0.100000E+001  0.100000E+002
  0.339000E+003  0.300000E+002  0.280074E+002 -0.117510E+002 -0.327048E-002  0.270386E-002  0.424345E-002  0.127946E-002 -0.105779E-002  0.166010E-002  0.120000E+002  0.200000E+001  0.100000E+001  0.500000E+000  0.300000E+000  0.200000E+001  0.100000E+001  0.100000E+001  0.100000E+002
  0.339500E+003  0.300000E+002  0.281002E+002 -0.115062E+002 -0.314174E-002  0.281475E-002  0.421822E-002  0.119716E-002 -0.107256E-002  0.160735E-002  0.120000E+002  0.200000E+001  0.100000E+001  0.500000E+000  0.300000E+000  0.200000E+001  0.100000E+001  0.100000E+001  0.100000E+002
  0.340000E+003  0.300000E+002  0.281908E+002 -0.112606E+002 -0.300808E-002  0.291392E-002  0.418802E-002  0.111586E-002 -0.108093E-002  0.155356E-002  0.120000E+002  0.200000E+001  0.100000E+001  0.500000E+000  0.300000E+000  0.200000E+001  0.100000E+001  0.100000E+001  0.100000E+002
  0.340500E+003  0.300000E+002  0.282792E+002 -0.110142E+002 -0.287047E-002  0.300119E-002  0.415292E-002  0.103601E-002 -0.108319E-002  0.149887E-002  0.120000E+002  0.200000E+001  0.100000E+001  0.500000E+000  0.300000E+000  0.200000E+001  0.100000E+001  0.100000E+001  0.100000E+002
  0.341000E+003  0.300000E+002  0.283656E+002 -0.107670E+002 -0.272985E-002  0.307646E-002  0.411299E-002  0.958034E-003 -0.107968E-002  0.144345E-002  0.120000E+002  0.200000E+001  0.100000E+001  0.500000E+000  0.300000E+000  0.200000E+001  0.100000E+001  0.100000E+001  0.100000E+002
  0.341500E+003  0.300000E+002  0.284497E+002 -0.105191E+002 -0.258713E-002  0.313973E-002  0.406831E-002  0.882302E-003 -0.107076E-002  0.138744E-002  0.120000E+002  0.200000E+001  0.100000E+001  0.500000E+000  0.300000E+000  0.200000E+001  0.100000E+001  0.100000E+001  0.100000E+002
  0.342000E+003  0.300000E+002  0.285317E+002 -0.102705E+002 -0.244319E-002  0.319106E-002  0.401896E-002  0.809134E-003 -0.105681E-002  0.133100E-002  0.120000E+002  0.200000E+001  0.100000E+001  0.500000E+000  0.300000E+000  0.200000E+001  0.100000E+001  0.100000E+001  0.100000E+002
  0.342500E+003  0.300000E+002  0.286115E+002 -0.100212E+002 -0.229888E-002  0.323058E-002  0.396503E-002  0.738812E-003 -0.103824E-002  0.127428E-002  0.120000E+002  0.200000E+001  0.100000E+001  0.500000E+000  0.300000E+000  0.200000E+001  0.100000E+001  0.100000E+001  0.100000E+002
  0.343000E+003  0.300000E+002  0.286891E+002 -0.977115E+001 -0.215500E-002  0.325847E-002  0.390661E-002  0.671565E-003 -0.101544E-002  0.121742E-002  0.120000E+002  0.200000E+001  0.100000E+001  0.500000E+000  0.300000E+000  0.200000E+001  0.100000E+001  0.100000E+001  0.100000E+002
  0.343500E+003  0.300000E+002  0.287646E+002 -0.952046E+001 -0.201229E-002  0.327498E-002  0.384380E-002  0.607583E-003 -0.988834E-003  0.116058E-002  0.120000E+002  0.200000E+001  0.100000E+001  0.500000E+000  0.300000E+000  0.200000E+001  0.100000E+001  0.100000E+001  0.100000E+002
  0.344000E+003  0.300000E+002  0.288379E+002 -0.926912E+001 -0.187147E-002  0.328040E-002  0.377669E-002  0.547011E-003 -0.958827E-003  0.110389E-002  0.120000E+002  0.200000E+001  0.100000E+001  0.500000E+000  0.300000E+000  0.200000E+001  0.100000E+001  0.100000E+001  0.100000E+002
  0.344500E+003  0.300000E+002  0.289089E+002 -0.901715E+001 -0.173318E-002  0.327507E-002  0.370540E-002  0.489954E-003 -0.925833E-003  0.104748E-002  0.120000E+002  0.200000E+001  0.100000E+001  0.500000E+000  0.300000E+000  0.200000E+001  0.100000E+001  0.100000E+001  0.100000E+002
  0.345000E+003  0.300000E+002  0.289778E+002 -0.876457E+001 -0.159802E-002  0.325934E-002  0.363001E-002  0.436481E-003 -0.890255E-003  0.991499E-003  0.120000E+002  0.200000E+001  0.100000E+001  0.500000E+000  0.300000E+000  0.200000E+001  0.100000E+001  0.100000E+001  0.100000E+002
  0.345500E+003  0.300000E+002  0.290444E+002 -0.851140E+001 -0.146652E-002  0.323364E-002  0.355065E-002  0.386620E-003 -0.852487E-003  0.936061E-003  0.120000E+002  0.200000E+001  0.100000E+001  0.500000E+000  0.300000E+000  0.200000E+001  0.100000E+001  0.100000E+001  0.100000E+002
  0.346000E+003  0.300000E+002  0.291089E+002 -0.825766E+001 -0.133918E-002  0.319836E-002  0.346741E-002  0.340373E-003 -0.812912E-003  0.881295E-003  0.120000E+002  0.200000E+001  0.100000E+001  0.500000E+000  0.300000E+000  0.200000E+001  0.100000E+001  0.100000E+001  0.100000E+002
  0.346500E+003  0.300000E+002  0.291711E+002 -0.800336E+001 -0.121643E-002  0.315396E-002  0.338041E-002  0.297709E-003 -0.771901E-003  0.827322E-003  0.120000E+002  0.200000E+001  0.100000E+001  0.500000E+000  0.300000E+000  0.200000E+001  0.100000E+001  0.100000E+001  0.100000E+002
  0.347000E+003  0.300000E+002  0.292311E+002 -0.774853E+001 -0.109864E-002  0.310089E-002  0.328976E-002  0.258570E-003 -0.729807E-003  0.774258E-003  0.120000E+002  0.200000E+001  0.100000E+001  0.500000E+000  0.300000E+000  0.200000E+001  0.100000E+001  0.100000E+001  0.100000E+002
  0.347500E+003  0.300000E+002  0.292889E+002 -0.749319E+001 -0.986139E-003  0.303960E-002  0.319556E-002  0.222873E-003 -0.686965E-003  0.722214E-003  0.120000E+002  0.200000E+001  0.100000E+001  0.500000E+000  0.300000E+000  0.200000E+001  0.100000E+001  0.100000E+001  0.100000E+002
  0.348000E+003  0.300000E+002  0.293444E+002 -0.723735E+001 -0.879195E-003  0.297055E-002  0.309793E-002  0.190515E-003 -0.643696E-003  0.671298E-003  0.120000E+002  0.200000E+001  0.100000E+001  0.500000E+000  0.300000E+000  0.200000E+001  0.100000E+001  0.100000E+001  0.100000E+002
  0.348500E+003  0.300000E+002  0.293977E+002 -0.698104E+001 -0.778030E-003  0.289422E-002  0.299697E-002  0.161374E-003 -0.600301E-003  0.621613E-003  0.120000E+002  0.200000E+001  0.100000E+001  0.500000E+000  0.300000E+000  0.200000E+001  0.100000E+001  0.100000E+001  0.100000E+002
  0.349000E+003  0.300000E+002  0.294488E+002 -0.672427E+001 -0.682822E-003  0.281105E-002  0.289280E-002  0.135313E-003 -0.557060E-003  0.573259E-003  0.120000E+002  0.200000E+001  0.100000E+001  0.500000E+000  0.300000E+000  0.200000E+001  0.100000E+001  0.100000E+001  0.100000E+002
  0.349500E+003  0.300000E+002  0.294976E+002 -0.646707E+001 -0.593697E-003  0.272151E-002  0.278551E-002  0.112181E-003 -0.514236E-003  0.526330E-003  0.120000E+002  0.200000E+001  0.100000E+001  0.500000E+000  0.300000E+000  0.200000E+001  0.100000E+001  0.100000E+001  0.100000E+002
  0.350000E+003  0.300000E+002  0.295442E+002 -0.620945E+001 -0.510742E-003  0.262603E-002  0.267523E-002  0.918143E-004 -0.472072E-003  0.480917E-003  0.120000E+002  0.200000E+001  0.100000E+001  0.500000E+000  0.300000E+000  0.200000E+001  0.100000E+001  0.100000E+001  0.100000E+002
  0.350500E+003  0.300000E+002  0.295886E+002 -0.595143E+001 -0.434003E-003  0.252503E-002  0.256206E-002  0.740447E-004 -0.430793E-003  0.437110E-003  0.120000E+002  0.200000E+001  0.100000E+001  0.500000E+000  0.300000E+000  0.200000E+001  0.100000E+001  0.100000E+001  0.100000E+002
  0.351000E+003  0.300000E+002  0.296307E+002 -0.569303E+001 -0.363484E-003  0.241894E-002  0.244610E-002  0.586944E-004 -0.390604E-003  0.394989E-003  0.120000E+002  0.200000E+001  0.100000E+001  0.500000E+000  0.300000E+000  0.200000E+001  0.100000E+001  0.100000E+001  0.100000E+002
  0.351500E+003  0.300000E+002  0.296705E+002 -0.543428E+001 -0.299159E-003  0.230815E-002  0.232746E-002  0.455832E-004 -0.351695E-003  0.354637E-003  0.120000E+002  0.200000E+001  0.100000E+001  0.500000E+000  0.300000E+000  0.200000E+001  0.100000E+001  0.100000E+001  0.100000E+002
  0.352000E+003  0.300000E+002  0.297080E+002 -0.517519E+001 -0.240966E-003  0.219304E-002  0.220624E-002  0.345275E-004 -0.314236E-003  0.316127E-003  0.120000E+002  0.200000E+001  0.100000E+001  0.500000E+000  0.300000E+000  0.200000E+001  0.100000E+001  0.100000E+001  0.100000E+002
  0.352500E+003  0.300000E+002  0.297433E+002 -0.491579E+001 -0.188813E-003  0.207397E-002  0.208255E-002  0.253438E-004 -0.278383E-003  0.279534E-003  0.120000E+002  0.200000E+001  0.100000E+001  0.500000E+000  0.300000E+000  0.200000E+001  0.100000E+001  0.100000E+001  0.100000E+002
  0.353000E+003  0.300000E+002  0.297764E+002 -0.465608E+001 -0.142577E-003  0.195129E-002  0.195649E-002  0.178488E-004 -0.244276E-003  0.244927E-003  0.120000E+002  0.200000E+001  0.100000E+001  0.500000E+000  0.300000E+000  0.200000E+001  0.100000E+001  0.100000E+001  0.100000E+002
  0.353500E+003  0.300000E+002  0.298072E+002 -0.439610E+001 -0.102113E-003  0.182531E-002  0.182816E-002  0.118620E-004 -0.212039E-003  0.212370E-003  0.120000E+002  0.200000E+001  0.100000E+001  0.500000E+000  0.300000E+000  0.200000E+001  0.100000E+001  0.100000E+001  0.100000E+002
  0.354000E+003  0.300000E+002  0.298357E+002 -0.413585E+001 -0.672485E-004  0.169634E-002  0.169767E-002  0.720649E-005 -0.181783E-003  0.181926E-003  0.120000E+002  0.200000E+001  0.100000E+001  0.500000E+000  0.300000E+000  0.200000E+001  0.100000E+001  0.100000E+001  0.100000E+002
  0.354500E+003  0.300000E+002  0.298619E+002 -0.387537E+001 -0.377944E-004  0.156467E-002  0.156512E-002  0.371046E-005 -0.153611E-003  0.153655E-003  0.120000E+002  0.200000E+001  0.100000E+001  0.500000E+000  0.300000E+000  0.200000E+001  0.100000E+001  0.100000E+001  0.100000E+002
  0.355000E+003  0.300000E+002  0.298858E+002 -0.361467E+001 -0.135389E-004  0.143054E-002  0.143061E-002  0.120771E-005 -0.127608E-003  0.127614E-003  0.120000E+002  0.200000E+001  0.100000E+001  0.500000E+000  0.300000E+000  0.200000E+001  0.100000E+001  0.100000E+001  0.100000E+002
  0.355500E+003  0.300000E+002  0.299075E+002 -0.335377E+001  0.574845E-005  0.129422E-002  0.129423E-002 -0.461277E-006 -0.103853E-003  0.103854E-003  0.120000E+002  0.200000E+001  0.100000E+001  0.500000E+000  0.300000E+000  0.200000E+001  0.100000E+001  0.100000E+001  0.100000E+002
  0.356000E+003  0.300000E+002  0.299269E+002 -0.309269E+001  0.203102E-004  0.115592E-002  0.115610E-002 -0.144806E-005 -0.824142E-004  0.824270E-004  0.120000E+002  0.200000E+001  0.100000E+001  0.500000E+000  0.300000E+000  0.200000E+001  0.100000E+001  0.100000E+001  0.100000E+002
  0.356500E+003  0.300000E+002  0.299440E+002 -0.283146E+001  0.304063E-004  0.101586E-002  0.101631E-002 -0.189618E-005 -0.633503E-004  0.633786E-004  0.120000E+002  0.200000E+001  0.100000E+001  0.500000E+000  0.300000E+000  0.200000E+001  0.100000E+001  0.100000E+001  0.100000E+002
