 % the field is uss
% Dinn5 settings , t1, t2, t3, t4, tm, tp, eps, step, IntLimit
%   0.250000E+001  0.250000E+001  0.250000E+001  0.290000E+002  0.200000E-001  0.000000E+000  0.100000E-005  0.100000E-001  0.100000E+006
% 1)psi, 2) R, 3) x, 4) z, 5) re(u), 6) im(u), 7) abs(u), 8) re(w), 9) im(w), 10) abs(w), 11) fieldCode, 12) cp(1), 13) cp(2), 14) cs(1), 15) cs(2), 16) rho(1), 17) rho(2), 18) h, 19) w
  0.500000E+001  0.500000E+002  0.498097E+002  0.235779E+001 -0.182106E-003  0.175780E-003  0.253103E-003  0.273738E-002 -0.201333E-002  0.339806E-002  0.220000E+002  0.200000E+001  0.100000E+001  0.500000E+000  0.300000E+000  0.200000E+001  0.100000E+001  0.100000E+001  0.100000E+002
  0.550000E+001  0.500000E+002  0.497698E+002  0.279229E+001 -0.206429E-003  0.240226E-003  0.316736E-003  0.279350E-002 -0.247359E-002  0.373126E-002  0.220000E+002  0.200000E+001  0.100000E+001  0.500000E+000  0.300000E+000  0.200000E+001  0.100000E+001  0.100000E+001  0.100000E+002
  0.600000E+001  0.500000E+002  0.497261E+002  0.322642E+001 -0.231914E-003  0.306637E-003  0.384461E-003  0.278663E-002 -0.294553E-002  0.405481E-002  0.220000E+002  0.200000E+001  0.100000E+001  0.500000E+000  0.300000E+000  0.200000E+001  0.100000E+001  0.100000E+001  0.100000E+002
  0.650000E+001  0.500000E+002  0.496786E+002  0.366016E+001 -0.246906E-003  0.383336E-003  0.455970E-003  0.271449E-002 -0.342032E-002  0.436659E-002  0.220000E+002  0.200000E+001  0.100000E+001  0.500000E+000  0.300000E+000  0.200000E+001  0.100000E+001  0.100000E+001  0.100000E+002
  0.700000E+001  0.500000E+002  0.496273E+002  0.409347E+001 -0.262553E-003  0.471198E-003  0.539409E-003  0.258102E-002 -0.388841E-002  0.466705E-002  0.220000E+002  0.200000E+001  0.100000E+001  0.500000E+000  0.300000E+000  0.200000E+001  0.100000E+001  0.100000E+001  0.100000E+002
  0.750000E+001  0.500000E+002  0.495722E+002  0.452631E+001 -0.273555E-003  0.552909E-003  0.616880E-003  0.238682E-002 -0.433728E-002  0.495065E-002  0.220000E+002  0.200000E+001  0.100000E+001  0.500000E+000  0.300000E+000  0.200000E+001  0.100000E+001  0.100000E+001  0.100000E+002
  0.800000E+001  0.500000E+002  0.495134E+002  0.495866E+001 -0.261129E-003  0.633588E-003  0.685290E-003  0.213051E-002 -0.476173E-002  0.521663E-002  0.220000E+002  0.200000E+001  0.100000E+001  0.500000E+000  0.300000E+000  0.200000E+001  0.100000E+001  0.100000E+001  0.100000E+002
  0.850000E+001  0.500000E+002  0.494508E+002  0.539047E+001 -0.231500E-003  0.727786E-003  0.763718E-003  0.181856E-002 -0.516007E-002  0.547115E-002  0.220000E+002  0.200000E+001  0.100000E+001  0.500000E+000  0.300000E+000  0.200000E+001  0.100000E+001  0.100000E+001  0.100000E+002
  0.900000E+001  0.500000E+002  0.493844E+002  0.582172E+001 -0.196204E-003  0.825934E-003  0.848919E-003  0.145981E-002 -0.552513E-002  0.571473E-002  0.220000E+002  0.200000E+001  0.100000E+001  0.500000E+000  0.300000E+000  0.200000E+001  0.100000E+001  0.100000E+001  0.100000E+002
  0.950000E+001  0.500000E+002  0.493143E+002  0.625238E+001 -0.144984E-003  0.918234E-003  0.929610E-003  0.105805E-002 -0.585038E-002  0.594528E-002  0.220000E+002  0.200000E+001  0.100000E+001  0.500000E+000  0.300000E+000  0.200000E+001  0.100000E+001  0.100000E+001  0.100000E+002
  0.100000E+002  0.500000E+002  0.492404E+002  0.668241E+001 -0.721416E-004  0.101507E-002  0.101763E-002  0.618441E-003 -0.613521E-002  0.616630E-002  0.220000E+002  0.200000E+001  0.100000E+001  0.500000E+000  0.300000E+000  0.200000E+001  0.100000E+001  0.100000E+001  0.100000E+002
  0.105000E+002  0.500000E+002  0.491627E+002  0.711178E+001  0.893512E-005  0.111932E-002  0.111936E-002  0.150957E-003 -0.637784E-002  0.637963E-002  0.220000E+002  0.200000E+001  0.100000E+001  0.500000E+000  0.300000E+000  0.200000E+001  0.100000E+001  0.100000E+001  0.100000E+002
  0.110000E+002  0.500000E+002  0.490814E+002  0.754045E+001  0.937488E-004  0.121624E-002  0.121985E-002 -0.336991E-003 -0.657283E-002  0.658146E-002  0.220000E+002  0.200000E+001  0.100000E+001  0.500000E+000  0.300000E+000  0.200000E+001  0.100000E+001  0.100000E+001  0.100000E+002
  0.115000E+002  0.500000E+002  0.489962E+002  0.796840E+001  0.194048E-003  0.130062E-002  0.131502E-002 -0.842487E-003 -0.671811E-002  0.677073E-002  0.220000E+002  0.200000E+001  0.100000E+001  0.500000E+000  0.300000E+000  0.200000E+001  0.100000E+001  0.100000E+001  0.100000E+002
  0.120000E+002  0.500000E+002  0.489074E+002  0.839558E+001  0.312127E-003  0.138239E-002  0.141719E-002 -0.136049E-002 -0.681631E-002  0.695076E-002  0.220000E+002  0.200000E+001  0.100000E+001  0.500000E+000  0.300000E+000  0.200000E+001  0.100000E+001  0.100000E+001  0.100000E+002
  0.125000E+002  0.500000E+002  0.488148E+002  0.882198E+001  0.436357E-003  0.146273E-002  0.152643E-002 -0.188276E-002 -0.686853E-002  0.712190E-002  0.220000E+002  0.200000E+001  0.100000E+001  0.500000E+000  0.300000E+000  0.200000E+001  0.100000E+001  0.100000E+001  0.100000E+002
  0.130000E+002  0.500000E+002  0.487185E+002  0.924755E+001  0.563206E-003  0.152991E-002  0.163029E-002 -0.240358E-002 -0.687314E-002  0.728130E-002  0.220000E+002  0.200000E+001  0.100000E+001  0.500000E+000  0.300000E+000  0.200000E+001  0.100000E+001  0.100000E+001  0.100000E+002
  0.135000E+002  0.500000E+002  0.486185E+002  0.967227E+001  0.701720E-003  0.157949E-002  0.172835E-002 -0.292086E-002 -0.683092E-002  0.742920E-002  0.220000E+002  0.200000E+001  0.100000E+001  0.500000E+000  0.300000E+000  0.200000E+001  0.100000E+001  0.100000E+001  0.100000E+002
  0.140000E+002  0.500000E+002  0.485148E+002  0.100961E+002  0.855325E-003  0.161961E-002  0.183159E-002 -0.343152E-002 -0.674627E-002  0.756885E-002  0.220000E+002  0.200000E+001  0.100000E+001  0.500000E+000  0.300000E+000  0.200000E+001  0.100000E+001  0.100000E+001  0.100000E+002
  0.145000E+002  0.500000E+002  0.484074E+002  0.105190E+002  0.101521E-002  0.165495E-002  0.194153E-002 -0.392975E-002 -0.662297E-002  0.770108E-002  0.220000E+002  0.200000E+001  0.100000E+001  0.500000E+000  0.300000E+000  0.200000E+001  0.100000E+001  0.100000E+001  0.100000E+002
  0.150000E+002  0.500000E+002  0.482963E+002  0.109410E+002  0.117394E-002  0.167873E-002  0.204848E-002 -0.441057E-002 -0.646205E-002  0.782376E-002  0.220000E+002  0.200000E+001  0.100000E+001  0.500000E+000  0.300000E+000  0.200000E+001  0.100000E+001  0.100000E+001  0.100000E+002
  0.155000E+002  0.500000E+002  0.481815E+002  0.113619E+002  0.133471E-002  0.168358E-002  0.214846E-002 -0.487218E-002 -0.626455E-002  0.793616E-002  0.220000E+002  0.200000E+001  0.100000E+001  0.500000E+000  0.300000E+000  0.200000E+001  0.100000E+001  0.100000E+001  0.100000E+002
  0.160000E+002  0.500000E+002  0.480631E+002  0.117819E+002  0.150346E-002  0.167173E-002  0.224835E-002 -0.531386E-002 -0.603408E-002  0.804036E-002  0.220000E+002  0.200000E+001  0.100000E+001  0.500000E+000  0.300000E+000  0.200000E+001  0.100000E+001  0.100000E+001  0.100000E+002
  0.165000E+002  0.500000E+002  0.479410E+002  0.122008E+002  0.167843E-002  0.165048E-002  0.235398E-002 -0.573330E-002 -0.577565E-002  0.813811E-002  0.220000E+002  0.200000E+001  0.100000E+001  0.500000E+000  0.300000E+000  0.200000E+001  0.100000E+001  0.100000E+001  0.100000E+002
  0.170000E+002  0.500000E+002  0.478152E+002  0.126186E+002  0.185158E-002  0.162220E-002  0.246168E-002 -0.612690E-002 -0.549301E-002  0.822874E-002  0.220000E+002  0.200000E+001  0.100000E+001  0.500000E+000  0.300000E+000  0.200000E+001  0.100000E+001  0.100000E+001  0.100000E+002
  0.175000E+002  0.500000E+002  0.476858E+002  0.130353E+002  0.201754E-002  0.158282E-002  0.256433E-002 -0.649219E-002 -0.518835E-002  0.831069E-002  0.220000E+002  0.200000E+001  0.100000E+001  0.500000E+000  0.300000E+000  0.200000E+001  0.100000E+001  0.100000E+001  0.100000E+002
  0.180000E+002  0.500000E+002  0.475528E+002  0.134508E+002  0.217798E-002  0.152863E-002  0.266088E-002 -0.682892E-002 -0.486397E-002  0.838406E-002  0.220000E+002  0.200000E+001  0.100000E+001  0.500000E+000  0.300000E+000  0.200000E+001  0.100000E+001  0.100000E+001  0.100000E+002
  0.185000E+002  0.500000E+002  0.474162E+002  0.138652E+002  0.233781E-002  0.146157E-002  0.275709E-002 -0.713821E-002 -0.452366E-002  0.845089E-002  0.220000E+002  0.200000E+001  0.100000E+001  0.500000E+000  0.300000E+000  0.200000E+001  0.100000E+001  0.100000E+001  0.100000E+002
  0.190000E+002  0.500000E+002  0.472759E+002  0.142784E+002  0.249981E-002  0.138746E-002  0.285904E-002 -0.742119E-002 -0.417194E-002  0.851347E-002  0.220000E+002  0.200000E+001  0.100000E+001  0.500000E+000  0.300000E+000  0.200000E+001  0.100000E+001  0.100000E+001  0.100000E+002
  0.195000E+002  0.500000E+002  0.471321E+002  0.146903E+002  0.266321E-002  0.131027E-002  0.296808E-002 -0.767862E-002 -0.381240E-002  0.857296E-002  0.220000E+002  0.200000E+001  0.100000E+001  0.500000E+000  0.300000E+000  0.200000E+001  0.100000E+001  0.100000E+001  0.100000E+002
  0.200000E+002  0.500000E+002  0.469846E+002  0.151010E+002  0.282599E-002  0.122832E-002  0.308140E-002 -0.791117E-002 -0.344636E-002  0.862926E-002  0.220000E+002  0.200000E+001  0.100000E+001  0.500000E+000  0.300000E+000  0.200000E+001  0.100000E+001  0.100000E+001  0.100000E+002
  0.205000E+002  0.500000E+002  0.468336E+002  0.155104E+002  0.298660E-002  0.113508E-002  0.319503E-002 -0.811930E-002 -0.307306E-002  0.868140E-002  0.220000E+002  0.200000E+001  0.100000E+001  0.500000E+000  0.300000E+000  0.200000E+001  0.100000E+001  0.100000E+001  0.100000E+002
  0.210000E+002  0.500000E+002  0.466790E+002  0.159184E+002  0.314293E-002  0.102358E-002  0.330541E-002 -0.830232E-002 -0.269129E-002  0.872763E-002  0.220000E+002  0.200000E+001  0.100000E+001  0.500000E+000  0.300000E+000  0.200000E+001  0.100000E+001  0.100000E+001  0.100000E+002
  0.215000E+002  0.500000E+002  0.465209E+002  0.163251E+002  0.329055E-002  0.891770E-003  0.340925E-002 -0.845782E-002 -0.230184E-002  0.876545E-002  0.220000E+002  0.200000E+001  0.100000E+001  0.500000E+000  0.300000E+000  0.200000E+001  0.100000E+001  0.100000E+001  0.100000E+002
  0.220000E+002  0.500000E+002  0.463592E+002  0.167303E+002  0.342395E-002  0.745924E-003  0.350426E-002 -0.858301E-002 -0.190949E-002  0.879285E-002  0.220000E+002  0.200000E+001  0.100000E+001  0.500000E+000  0.300000E+000  0.200000E+001  0.100000E+001  0.100000E+001  0.100000E+002
  0.225000E+002  0.500000E+002  0.461940E+002  0.171342E+002  0.354196E-002  0.598923E-003  0.359224E-002 -0.867813E-002 -0.152242E-002  0.881066E-002  0.220000E+002  0.200000E+001  0.100000E+001  0.500000E+000  0.300000E+000  0.200000E+001  0.100000E+001  0.100000E+001  0.100000E+002
  0.230000E+002  0.500000E+002  0.460252E+002  0.175366E+002  0.365254E-002  0.461564E-003  0.368158E-002 -0.874917E-002 -0.114767E-002  0.882412E-002  0.220000E+002  0.200000E+001  0.100000E+001  0.500000E+000  0.300000E+000  0.200000E+001  0.100000E+001  0.100000E+001  0.100000E+002
  0.235000E+002  0.500000E+002  0.458530E+002  0.179375E+002  0.376873E-002  0.331436E-003  0.378328E-002 -0.880530E-002 -0.784814E-003  0.884021E-002  0.220000E+002  0.200000E+001  0.100000E+001  0.500000E+000  0.300000E+000  0.200000E+001  0.100000E+001  0.100000E+001  0.100000E+002
  0.240000E+002  0.500000E+002  0.456773E+002  0.183368E+002  0.389424E-002  0.191507E-003  0.389894E-002 -0.885028E-002 -0.425128E-003  0.886048E-002  0.220000E+002  0.200000E+001  0.100000E+001  0.500000E+000  0.300000E+000  0.200000E+001  0.100000E+001  0.100000E+001  0.100000E+002
  0.245000E+002  0.500000E+002  0.454981E+002  0.187347E+002  0.401276E-002  0.272380E-004  0.401286E-002 -0.887612E-002 -0.612455E-004  0.887633E-002  0.220000E+002  0.200000E+001  0.100000E+001  0.500000E+000  0.300000E+000  0.200000E+001  0.100000E+001  0.100000E+001  0.100000E+002
  0.250000E+002  0.500000E+002  0.453154E+002  0.191309E+002  0.410165E-002 -0.151227E-003  0.410444E-002 -0.887090E-002  0.300112E-003  0.887597E-002  0.220000E+002  0.200000E+001  0.100000E+001  0.500000E+000  0.300000E+000  0.200000E+001  0.100000E+001  0.100000E+001  0.100000E+002
  0.255000E+002  0.500000E+002  0.451293E+002  0.195256E+002  0.416373E-002 -0.314977E-003  0.417562E-002 -0.883720E-002  0.641505E-003  0.886046E-002  0.220000E+002  0.200000E+001  0.100000E+001  0.500000E+000  0.300000E+000  0.200000E+001  0.100000E+001  0.100000E+001  0.100000E+002
  0.260000E+002  0.500000E+002  0.449397E+002  0.199186E+002  0.423221E-002 -0.457105E-003  0.425682E-002 -0.879520E-002  0.958305E-003  0.884726E-002  0.220000E+002  0.200000E+001  0.100000E+001  0.500000E+000  0.300000E+000  0.200000E+001  0.100000E+001  0.100000E+001  0.100000E+002
  0.265000E+002  0.500000E+002  0.447467E+002  0.203099E+002  0.432297E-002 -0.611959E-003  0.436607E-002 -0.875519E-002  0.126993E-002  0.884682E-002  0.220000E+002  0.200000E+001  0.100000E+001  0.500000E+000  0.300000E+000  0.200000E+001  0.100000E+001  0.100000E+001  0.100000E+002
  0.270000E+002  0.500000E+002  0.445503E+002  0.206995E+002  0.439972E-002 -0.802410E-003  0.447229E-002 -0.869733E-002  0.158950E-002  0.884139E-002  0.220000E+002  0.200000E+001  0.100000E+001  0.500000E+000  0.300000E+000  0.200000E+001  0.100000E+001  0.100000E+001  0.100000E+002
  0.275000E+002  0.500000E+002  0.443505E+002  0.210874E+002  0.443206E-002 -0.988897E-003  0.454104E-002 -0.860496E-002  0.189415E-002  0.881096E-002  0.220000E+002  0.200000E+001  0.100000E+001  0.500000E+000  0.300000E+000  0.200000E+001  0.100000E+001  0.100000E+001  0.100000E+002
  0.280000E+002  0.500000E+002  0.441474E+002  0.214736E+002  0.446268E-002 -0.113472E-002  0.460468E-002 -0.850360E-002  0.216251E-002  0.877426E-002  0.220000E+002  0.200000E+001  0.100000E+001  0.500000E+000  0.300000E+000  0.200000E+001  0.100000E+001  0.100000E+001  0.100000E+002
  0.285000E+002  0.500000E+002  0.439409E+002  0.218579E+002  0.453059E-002 -0.128810E-002  0.471014E-002 -0.841694E-002  0.242223E-002  0.875854E-002  0.220000E+002  0.200000E+001  0.100000E+001  0.500000E+000  0.300000E+000  0.200000E+001  0.100000E+001  0.100000E+001  0.100000E+002
  0.290000E+002  0.500000E+002  0.437310E+002  0.222405E+002  0.457756E-002 -0.148644E-002  0.481285E-002 -0.831248E-002  0.269518E-002  0.873850E-002  0.220000E+002  0.200000E+001  0.100000E+001  0.500000E+000  0.300000E+000  0.200000E+001  0.100000E+001  0.100000E+001  0.100000E+002
  0.295000E+002  0.500000E+002  0.435178E+002  0.226212E+002  0.457230E-002 -0.165852E-002  0.486381E-002 -0.817278E-002  0.294046E-002  0.868566E-002  0.220000E+002  0.200000E+001  0.100000E+001  0.500000E+000  0.300000E+000  0.200000E+001  0.100000E+001  0.100000E+001  0.100000E+002
  0.300000E+002  0.500000E+002  0.433013E+002  0.230000E+002  0.459899E-002 -0.178717E-002  0.493403E-002 -0.804721E-002  0.314794E-002  0.864101E-002  0.220000E+002  0.200000E+001  0.100000E+001  0.500000E+000  0.300000E+000  0.200000E+001  0.100000E+001  0.100000E+001  0.100000E+002
  0.305000E+002  0.500000E+002  0.430815E+002  0.233769E+002  0.464928E-002 -0.196573E-002  0.504776E-002 -0.793211E-002  0.337169E-002  0.861898E-002  0.220000E+002  0.200000E+001  0.100000E+001  0.500000E+000  0.300000E+000  0.200000E+001  0.100000E+001  0.100000E+001  0.100000E+002
  0.310000E+002  0.500000E+002  0.428584E+002  0.237519E+002  0.463032E-002 -0.214937E-002  0.510487E-002 -0.777444E-002  0.358640E-002  0.856179E-002  0.220000E+002  0.200000E+001  0.100000E+001  0.500000E+000  0.300000E+000  0.200000E+001  0.100000E+001  0.100000E+001  0.100000E+002
  0.315000E+002  0.500000E+002  0.426320E+002  0.241249E+002  0.462829E-002 -0.226454E-002  0.515260E-002 -0.762430E-002  0.374945E-002  0.849637E-002  0.220000E+002  0.200000E+001  0.100000E+001  0.500000E+000  0.300000E+000  0.200000E+001  0.100000E+001  0.100000E+001  0.100000E+002
  0.320000E+002  0.500000E+002  0.424024E+002  0.244960E+002  0.467053E-002 -0.243076E-002  0.526521E-002 -0.749861E-002  0.392991E-002  0.846601E-002  0.220000E+002  0.200000E+001  0.100000E+001  0.500000E+000  0.300000E+000  0.200000E+001  0.100000E+001  0.100000E+001  0.100000E+002
  0.325000E+002  0.500000E+002  0.421696E+002  0.248650E+002  0.463154E-002 -0.260478E-002  0.531375E-002 -0.732535E-002  0.410357E-002  0.839643E-002  0.220000E+002  0.200000E+001  0.100000E+001  0.500000E+000  0.300000E+000  0.200000E+001  0.100000E+001  0.100000E+001  0.100000E+002
  0.330000E+002  0.500000E+002  0.419335E+002  0.252320E+002  0.462826E-002 -0.270284E-002  0.535967E-002 -0.717227E-002  0.422178E-002  0.832255E-002  0.220000E+002  0.200000E+001  0.100000E+001  0.500000E+000  0.300000E+000  0.200000E+001  0.100000E+001  0.100000E+001  0.100000E+002
  0.335000E+002  0.500000E+002  0.416943E+002  0.255968E+002  0.465084E-002 -0.287926E-002  0.546996E-002 -0.703500E-002  0.437387E-002  0.828383E-002  0.220000E+002  0.200000E+001  0.100000E+001  0.500000E+000  0.300000E+000  0.200000E+001  0.100000E+001  0.100000E+001  0.100000E+002
  0.340000E+002  0.500000E+002  0.414519E+002  0.259596E+002  0.458538E-002 -0.301286E-002  0.548662E-002 -0.684792E-002  0.449073E-002  0.818906E-002  0.220000E+002  0.200000E+001  0.100000E+001  0.500000E+000  0.300000E+000  0.200000E+001  0.100000E+001  0.100000E+001  0.100000E+002
  0.345000E+002  0.500000E+002  0.412063E+002  0.263203E+002  0.460849E-002 -0.311480E-002  0.556239E-002 -0.671371E-002  0.457847E-002  0.812627E-002  0.220000E+002  0.200000E+001  0.100000E+001  0.500000E+000  0.300000E+000  0.200000E+001  0.100000E+001  0.100000E+001  0.100000E+002
  0.350000E+002  0.500000E+002  0.409576E+002  0.266788E+002  0.456544E-002 -0.329293E-002  0.562909E-002 -0.654414E-002  0.470073E-002  0.805746E-002  0.220000E+002  0.200000E+001  0.100000E+001  0.500000E+000  0.300000E+000  0.200000E+001  0.100000E+001  0.100000E+001  0.100000E+002
  0.355000E+002  0.500000E+002  0.407058E+002  0.270351E+002  0.452424E-002 -0.335620E-002  0.563318E-002 -0.637786E-002  0.474777E-002  0.795100E-002  0.220000E+002  0.200000E+001  0.100000E+001  0.500000E+000  0.300000E+000  0.200000E+001  0.100000E+001  0.100000E+001  0.100000E+002
  0.360000E+002  0.500000E+002  0.404508E+002  0.273893E+002  0.452927E-002 -0.351149E-002  0.573104E-002 -0.624139E-002  0.483959E-002  0.789789E-002  0.220000E+002  0.200000E+001  0.100000E+001  0.500000E+000  0.300000E+000  0.200000E+001  0.100000E+001  0.100000E+001  0.100000E+002
  0.365000E+002  0.500000E+002  0.401928E+002  0.277411E+002  0.444241E-002 -0.358328E-002  0.570744E-002 -0.605361E-002  0.487602E-002  0.777315E-002  0.220000E+002  0.200000E+001  0.100000E+001  0.500000E+000  0.300000E+000  0.200000E+001  0.100000E+001  0.100000E+001  0.100000E+002
  0.370000E+002  0.500000E+002  0.399318E+002  0.280908E+002  0.447540E-002 -0.368404E-002  0.579667E-002 -0.593683E-002  0.492066E-002  0.771095E-002  0.220000E+002  0.200000E+001  0.100000E+001  0.500000E+000  0.300000E+000  0.200000E+001  0.100000E+001  0.100000E+001  0.100000E+002
  0.375000E+002  0.500000E+002  0.396677E+002  0.284381E+002  0.438304E-002 -0.378012E-002  0.578795E-002 -0.574950E-002  0.495452E-002  0.758973E-002  0.220000E+002  0.200000E+001  0.100000E+001  0.500000E+000  0.300000E+000  0.200000E+001  0.100000E+001  0.100000E+001  0.100000E+002
  0.380000E+002  0.500000E+002  0.394005E+002  0.287831E+002  0.442035E-002 -0.384401E-002  0.585798E-002 -0.563996E-002  0.495982E-002  0.751059E-002  0.220000E+002  0.200000E+001  0.100000E+001  0.500000E+000  0.300000E+000  0.200000E+001  0.100000E+001  0.100000E+001  0.100000E+002
  0.385000E+002  0.500000E+002  0.391304E+002  0.291257E+002  0.432399E-002 -0.395781E-002  0.586184E-002 -0.545856E-002  0.498616E-002  0.739308E-002  0.220000E+002  0.200000E+001  0.100000E+001  0.500000E+000  0.300000E+000  0.200000E+001  0.100000E+001  0.100000E+001  0.100000E+002
  0.390000E+002  0.500000E+002  0.388573E+002  0.294660E+002  0.434747E-002 -0.399465E-002  0.590404E-002 -0.535178E-002  0.496134E-002  0.729770E-002  0.220000E+002  0.200000E+001  0.100000E+001  0.500000E+000  0.300000E+000  0.200000E+001  0.100000E+001  0.100000E+001  0.100000E+002
  0.395000E+002  0.500000E+002  0.385812E+002  0.298039E+002  0.423855E-002 -0.408739E-002  0.588830E-002 -0.517319E-002  0.496585E-002  0.717088E-002  0.220000E+002  0.200000E+001  0.100000E+001  0.500000E+000  0.300000E+000  0.200000E+001  0.100000E+001  0.100000E+001  0.100000E+002
  0.400000E+002  0.500000E+002  0.383022E+002  0.301394E+002  0.427567E-002 -0.409796E-002  0.592239E-002 -0.507977E-002  0.491810E-002  0.707048E-002  0.220000E+002  0.200000E+001  0.100000E+001  0.500000E+000  0.300000E+000  0.200000E+001  0.100000E+001  0.100000E+001  0.100000E+002
  0.405000E+002  0.500000E+002  0.380203E+002  0.304724E+002  0.417212E-002 -0.415727E-002  0.588978E-002 -0.490621E-002  0.489219E-002  0.692852E-002  0.220000E+002  0.200000E+001  0.100000E+001  0.500000E+000  0.300000E+000  0.200000E+001  0.100000E+001  0.100000E+001  0.100000E+002
  0.410000E+002  0.500000E+002  0.377355E+002  0.308030E+002  0.422955E-002 -0.419601E-002  0.595782E-002 -0.482979E-002  0.484463E-002  0.684086E-002  0.220000E+002  0.200000E+001  0.100000E+001  0.500000E+000  0.300000E+000  0.200000E+001  0.100000E+001  0.100000E+001  0.100000E+002
  0.415000E+002  0.500000E+002  0.374478E+002  0.311310E+002  0.410740E-002 -0.420575E-002  0.587870E-002 -0.465733E-002  0.477639E-002  0.667118E-002  0.220000E+002  0.200000E+001  0.100000E+001  0.500000E+000  0.300000E+000  0.200000E+001  0.100000E+001  0.100000E+001  0.100000E+002
  0.420000E+002  0.500000E+002  0.371572E+002  0.314565E+002  0.413812E-002 -0.426930E-002  0.594566E-002 -0.457831E-002  0.473822E-002  0.658876E-002  0.220000E+002  0.200000E+001  0.100000E+001  0.500000E+000  0.300000E+000  0.200000E+001  0.100000E+001  0.100000E+001  0.100000E+002
  0.425000E+002  0.500000E+002  0.368639E+002  0.317795E+002  0.406946E-002 -0.418101E-002  0.583449E-002 -0.443990E-002  0.461114E-002  0.640120E-002  0.220000E+002  0.200000E+001  0.100000E+001  0.500000E+000  0.300000E+000  0.200000E+001  0.100000E+001  0.100000E+001  0.100000E+002
  0.430000E+002  0.500000E+002  0.365677E+002  0.320999E+002  0.405008E-002 -0.427585E-002  0.588948E-002 -0.433204E-002  0.458101E-002  0.630493E-002  0.220000E+002  0.200000E+001  0.100000E+001  0.500000E+000  0.300000E+000  0.200000E+001  0.100000E+001  0.100000E+001  0.100000E+002
  0.435000E+002  0.500000E+002  0.362687E+002  0.324177E+002  0.407670E-002 -0.419266E-002  0.584789E-002 -0.425799E-002  0.444176E-002  0.615302E-002  0.220000E+002  0.200000E+001  0.100000E+001  0.500000E+000  0.300000E+000  0.200000E+001  0.100000E+001  0.100000E+001  0.100000E+002
  0.440000E+002  0.500000E+002  0.359670E+002  0.327329E+002  0.394042E-002 -0.418996E-002  0.575176E-002 -0.409645E-002  0.435312E-002  0.597750E-002  0.220000E+002  0.200000E+001  0.100000E+001  0.500000E+000  0.300000E+000  0.200000E+001  0.100000E+001  0.100000E+001  0.100000E+002
  0.445000E+002  0.500000E+002  0.356625E+002  0.330455E+002  0.402009E-002 -0.418668E-002  0.580426E-002 -0.405593E-002  0.426228E-002  0.588367E-002  0.220000E+002  0.200000E+001  0.100000E+001  0.500000E+000  0.300000E+000  0.200000E+001  0.100000E+001  0.100000E+001  0.100000E+002
  0.450000E+002  0.500000E+002  0.353553E+002  0.333553E+002  0.397524E-002 -0.404547E-002  0.567171E-002 -0.394428E-002  0.408331E-002  0.567721E-002  0.220000E+002  0.200000E+001  0.100000E+001  0.500000E+000  0.300000E+000  0.200000E+001  0.100000E+001  0.100000E+001  0.100000E+002
  0.455000E+002  0.500000E+002  0.350455E+002  0.336625E+002  0.387948E-002 -0.408887E-002  0.563642E-002 -0.381542E-002  0.401042E-002  0.553542E-002  0.220000E+002  0.200000E+001  0.100000E+001  0.500000E+000  0.300000E+000  0.200000E+001  0.100000E+001  0.100000E+001  0.100000E+002
  0.460000E+002  0.500000E+002  0.347329E+002  0.339670E+002  0.397411E-002 -0.399504E-002  0.563505E-002 -0.379420E-002  0.386336E-002  0.541494E-002  0.220000E+002  0.200000E+001  0.100000E+001  0.500000E+000  0.300000E+000  0.200000E+001  0.100000E+001  0.100000E+001  0.100000E+002
  0.465000E+002  0.500000E+002  0.344177E+002  0.342687E+002  0.390589E-002 -0.381504E-002  0.545990E-002 -0.367411E-002  0.366039E-002  0.518629E-002  0.220000E+002  0.200000E+001  0.100000E+001  0.500000E+000  0.300000E+000  0.200000E+001  0.100000E+001  0.100000E+001  0.100000E+002
  0.470000E+002  0.500000E+002  0.340999E+002  0.345677E+002  0.381434E-002 -0.384099E-002  0.541317E-002 -0.355381E-002  0.357276E-002  0.503927E-002  0.220000E+002  0.200000E+001  0.100000E+001  0.500000E+000  0.300000E+000  0.200000E+001  0.100000E+001  0.100000E+001  0.100000E+002
  0.475000E+002  0.500000E+002  0.337795E+002  0.348639E+002  0.391972E-002 -0.372843E-002  0.540975E-002 -0.354573E-002  0.341361E-002  0.492188E-002  0.220000E+002  0.200000E+001  0.100000E+001  0.500000E+000  0.300000E+000  0.200000E+001  0.100000E+001  0.100000E+001  0.100000E+002
  0.480000E+002  0.500000E+002  0.334565E+002  0.351572E+002  0.389500E-002 -0.348062E-002  0.522358E-002 -0.345486E-002  0.317016E-002  0.468892E-002  0.220000E+002  0.200000E+001  0.100000E+001  0.500000E+000  0.300000E+000  0.200000E+001  0.100000E+001  0.100000E+001  0.100000E+002
  0.485000E+002  0.500000E+002  0.331310E+002  0.354478E+002  0.373399E-002 -0.341478E-002  0.505998E-002 -0.330032E-002  0.303187E-002  0.448155E-002  0.220000E+002  0.200000E+001  0.100000E+001  0.500000E+000  0.300000E+000  0.200000E+001  0.100000E+001  0.100000E+001  0.100000E+002
  0.490000E+002  0.500000E+002  0.328030E+002  0.357355E+002  0.380086E-002 -0.335949E-002  0.507275E-002 -0.327190E-002  0.290904E-002  0.437811E-002  0.220000E+002  0.200000E+001  0.100000E+001  0.500000E+000  0.300000E+000  0.200000E+001  0.100000E+001  0.100000E+001  0.100000E+002
  0.495000E+002  0.500000E+002  0.324724E+002  0.360203E+002  0.390377E-002 -0.311601E-002  0.499489E-002 -0.326012E-002  0.266594E-002  0.421137E-002  0.220000E+002  0.200000E+001  0.100000E+001  0.500000E+000  0.300000E+000  0.200000E+001  0.100000E+001  0.100000E+001  0.100000E+002
  0.500000E+002  0.500000E+002  0.321394E+002  0.363022E+002  0.375196E-002 -0.281433E-002  0.469017E-002 -0.311299E-002  0.240225E-002  0.393211E-002  0.220000E+002  0.200000E+001  0.100000E+001  0.500000E+000  0.300000E+000  0.200000E+001  0.100000E+001  0.100000E+001  0.100000E+002
  0.505000E+002  0.500000E+002  0.318039E+002  0.365812E+002  0.362052E-002 -0.271285E-002  0.452412E-002 -0.296598E-002  0.225678E-002  0.372694E-002  0.220000E+002  0.200000E+001  0.100000E+001  0.500000E+000  0.300000E+000  0.200000E+001  0.100000E+001  0.100000E+001  0.100000E+002
  0.510000E+002  0.500000E+002  0.314660E+002  0.368573E+002  0.365529E-002 -0.266394E-002  0.452302E-002 -0.292843E-002  0.213348E-002  0.362318E-002  0.220000E+002  0.200000E+001  0.100000E+001  0.500000E+000  0.300000E+000  0.200000E+001  0.100000E+001  0.100000E+001  0.100000E+002
  0.515000E+002  0.500000E+002  0.311257E+002  0.371304E+002  0.377960E-002 -0.235261E-002  0.445199E-002 -0.293259E-002  0.187586E-002  0.348123E-002  0.220000E+002  0.200000E+001  0.100000E+001  0.500000E+000  0.300000E+000  0.200000E+001  0.100000E+001  0.100000E+001  0.100000E+002
  0.520000E+002  0.500000E+002  0.307831E+002  0.374005E+002  0.371615E-002 -0.195897E-002  0.420087E-002 -0.282738E-002  0.156062E-002  0.322950E-002  0.220000E+002  0.200000E+001  0.100000E+001  0.500000E+000  0.300000E+000  0.200000E+001  0.100000E+001  0.100000E+001  0.100000E+002
  0.525000E+002  0.500000E+002  0.304381E+002  0.376677E+002  0.345295E-002 -0.162877E-002  0.381782E-002 -0.261511E-002  0.130576E-002  0.292298E-002  0.220000E+002  0.200000E+001  0.100000E+001  0.500000E+000  0.300000E+000  0.200000E+001  0.100000E+001  0.100000E+001  0.100000E+002
  0.530000E+002  0.500000E+002  0.300908E+002  0.379318E+002  0.326581E-002 -0.153289E-002  0.360767E-002 -0.243889E-002  0.117577E-002  0.270751E-002  0.220000E+002  0.200000E+001  0.100000E+001  0.500000E+000  0.300000E+000  0.200000E+001  0.100000E+001  0.100000E+001  0.100000E+002
  0.535000E+002  0.500000E+002  0.297411E+002  0.381928E+002  0.321750E-002 -0.142865E-002  0.352041E-002 -0.235831E-002  0.105540E-002  0.258370E-002  0.220000E+002  0.200000E+001  0.100000E+001  0.500000E+000  0.300000E+000  0.200000E+001  0.100000E+001  0.100000E+001  0.100000E+002
  0.540000E+002  0.500000E+002  0.293893E+002  0.384508E+002  0.334132E-002 -0.119273E-002  0.354782E-002 -0.235724E-002  0.853583E-003  0.250703E-002  0.220000E+002  0.200000E+001  0.100000E+001  0.500000E+000  0.300000E+000  0.200000E+001  0.100000E+001  0.100000E+001  0.100000E+002
  0.545000E+002  0.500000E+002  0.290351E+002  0.387058E+002  0.333941E-002 -0.725920E-003  0.341740E-002 -0.229943E-002  0.535561E-003  0.236097E-002  0.220000E+002  0.200000E+001  0.100000E+001  0.500000E+000  0.300000E+000  0.200000E+001  0.100000E+001  0.100000E+001  0.100000E+002
  0.550000E+002  0.500000E+002  0.286788E+002  0.389576E+002  0.319648E-002 -0.187841E-003  0.320200E-002 -0.214059E-002  0.180186E-003  0.214816E-002  0.220000E+002  0.200000E+001  0.100000E+001  0.500000E+000  0.300000E+000  0.200000E+001  0.100000E+001  0.100000E+001  0.100000E+002
  0.555000E+002  0.500000E+002  0.283203E+002  0.392063E+002  0.277644E-002  0.318067E-003  0.279460E-002 -0.184619E-002 -0.134555E-003  0.185108E-002  0.220000E+002  0.200000E+001  0.100000E+001  0.500000E+000  0.300000E+000  0.200000E+001  0.100000E+001  0.100000E+001  0.100000E+002
  0.560000E+002  0.500000E+002  0.279596E+002  0.394519E+002  0.229003E-002  0.617912E-003  0.237193E-002 -0.150236E-002 -0.332154E-003  0.153864E-002  0.220000E+002  0.200000E+001  0.100000E+001  0.500000E+000  0.300000E+000  0.200000E+001  0.100000E+001  0.100000E+001  0.100000E+002
  0.565000E+002  0.500000E+002  0.275968E+002  0.396943E+002  0.173883E-002  0.774360E-003  0.190346E-002 -0.114780E-002 -0.424172E-003  0.122367E-002  0.220000E+002  0.200000E+001  0.100000E+001  0.500000E+000  0.300000E+000  0.200000E+001  0.100000E+001  0.100000E+001  0.100000E+002
  0.570000E+002  0.500000E+002  0.272320E+002  0.399335E+002  0.130869E-002  0.716375E-003  0.149193E-002 -0.859306E-003 -0.409388E-003  0.951844E-003  0.220000E+002  0.200000E+001  0.100000E+001  0.500000E+000  0.300000E+000  0.200000E+001  0.100000E+001  0.100000E+001  0.100000E+002
  0.575000E+002  0.500000E+002  0.268650E+002  0.401696E+002  0.983992E-003  0.652868E-003  0.118088E-002 -0.644077E-003 -0.365887E-003  0.740748E-003  0.220000E+002  0.200000E+001  0.100000E+001  0.500000E+000  0.300000E+000  0.200000E+001  0.100000E+001  0.100000E+001  0.100000E+002
  0.580000E+002  0.500000E+002  0.264960E+002  0.404024E+002  0.770791E-003  0.497635E-003  0.917475E-003 -0.502471E-003 -0.293598E-003  0.581960E-003  0.220000E+002  0.200000E+001  0.100000E+001  0.500000E+000  0.300000E+000  0.200000E+001  0.100000E+001  0.100000E+001  0.100000E+002
  0.585000E+002  0.500000E+002  0.261249E+002  0.406320E+002  0.705660E-003  0.442434E-003  0.832889E-003 -0.433145E-003 -0.257275E-003  0.503790E-003  0.220000E+002  0.200000E+001  0.100000E+001  0.500000E+000  0.300000E+000  0.200000E+001  0.100000E+001  0.100000E+001  0.100000E+002
  0.590000E+002  0.500000E+002  0.257519E+002  0.408584E+002  0.626196E-003  0.417939E-003  0.752857E-003 -0.382069E-003 -0.245470E-003  0.454128E-003  0.220000E+002  0.200000E+001  0.100000E+001  0.500000E+000  0.300000E+000  0.200000E+001  0.100000E+001  0.100000E+001  0.100000E+002
  0.595000E+002  0.500000E+002  0.253769E+002  0.410815E+002  0.655863E-003  0.440859E-003  0.790261E-003 -0.369398E-003 -0.264277E-003  0.454199E-003  0.220000E+002  0.200000E+001  0.100000E+001  0.500000E+000  0.300000E+000  0.200000E+001  0.100000E+001  0.100000E+001  0.100000E+002
  0.600000E+002  0.500000E+002  0.250000E+002  0.413013E+002  0.632110E-003  0.595600E-003  0.868506E-003 -0.343760E-003 -0.331618E-003  0.477641E-003  0.220000E+002  0.200000E+001  0.100000E+001  0.500000E+000  0.300000E+000  0.200000E+001  0.100000E+001  0.100000E+001  0.100000E+002
  0.605000E+002  0.500000E+002  0.246212E+002  0.415178E+002  0.571708E-003  0.711288E-003  0.912569E-003 -0.304673E-003 -0.398539E-003  0.501656E-003  0.220000E+002  0.200000E+001  0.100000E+001  0.500000E+000  0.300000E+000  0.200000E+001  0.100000E+001  0.100000E+001  0.100000E+002
  0.610000E+002  0.500000E+002  0.242405E+002  0.417310E+002  0.548284E-003  0.906327E-003  0.105927E-002 -0.267482E-003 -0.490505E-003  0.558696E-003  0.220000E+002  0.200000E+001  0.100000E+001  0.500000E+000  0.300000E+000  0.200000E+001  0.100000E+001  0.100000E+001  0.100000E+002
  0.615000E+002  0.500000E+002  0.238579E+002  0.419409E+002  0.396609E-003  0.114235E-002  0.120924E-002 -0.189188E-003 -0.591434E-003  0.620956E-003  0.220000E+002  0.200000E+001  0.100000E+001  0.500000E+000  0.300000E+000  0.200000E+001  0.100000E+001  0.100000E+001  0.100000E+002
  0.620000E+002  0.500000E+002  0.234736E+002  0.421474E+002  0.225236E-003  0.128466E-002  0.130426E-002 -0.997219E-004 -0.663073E-003  0.670530E-003  0.220000E+002  0.200000E+001  0.100000E+001  0.500000E+000  0.300000E+000  0.200000E+001  0.100000E+001  0.100000E+001  0.100000E+002
  0.625000E+002  0.500000E+002  0.230874E+002  0.423505E+002  0.834493E-004  0.147082E-002  0.147318E-002 -0.129823E-004 -0.738199E-003  0.738313E-003  0.220000E+002  0.200000E+001  0.100000E+001  0.500000E+000  0.300000E+000  0.200000E+001  0.100000E+001  0.100000E+001  0.100000E+002
  0.630000E+002  0.500000E+002  0.226995E+002  0.425503E+002 -0.173886E-003  0.166066E-002  0.166974E-002  0.105555E-003 -0.803630E-003  0.810533E-003  0.220000E+002  0.200000E+001  0.100000E+001  0.500000E+000  0.300000E+000  0.200000E+001  0.100000E+001  0.100000E+001  0.100000E+002
  0.635000E+002  0.500000E+002  0.223099E+002  0.427467E+002 -0.452102E-003  0.171871E-002  0.177717E-002  0.227748E-003 -0.824409E-003  0.855289E-003  0.220000E+002  0.200000E+001  0.100000E+001  0.500000E+000  0.300000E+000  0.200000E+001  0.100000E+001  0.100000E+001  0.100000E+002
  0.640000E+002  0.500000E+002  0.219186E+002  0.429397E+002 -0.647804E-003  0.175912E-002  0.187461E-002  0.325257E-003 -0.831025E-003  0.892409E-003  0.220000E+002  0.200000E+001  0.100000E+001  0.500000E+000  0.300000E+000  0.200000E+001  0.100000E+001  0.100000E+001  0.100000E+002
  0.645000E+002  0.500000E+002  0.215256E+002  0.431293E+002 -0.884239E-003  0.184015E-002  0.204158E-002  0.428220E-003 -0.838526E-003  0.941540E-003  0.220000E+002  0.200000E+001  0.100000E+001  0.500000E+000  0.300000E+000  0.200000E+001  0.100000E+001  0.100000E+001  0.100000E+002
  0.650000E+002  0.500000E+002  0.211309E+002  0.433154E+002 -0.118569E-002  0.182572E-002  0.217695E-002  0.540222E-003 -0.813104E-003  0.976206E-003  0.220000E+002  0.200000E+001  0.100000E+001  0.500000E+000  0.300000E+000  0.200000E+001  0.100000E+001  0.100000E+001  0.100000E+002
  0.655000E+002  0.500000E+002  0.207347E+002  0.434981E+002 -0.140806E-002  0.170038E-002  0.220770E-002  0.622983E-003 -0.753786E-003  0.977906E-003  0.220000E+002  0.200000E+001  0.100000E+001  0.500000E+000  0.300000E+000  0.200000E+001  0.100000E+001  0.100000E+001  0.100000E+002
  0.660000E+002  0.500000E+002  0.203368E+002  0.436773E+002 -0.152954E-002  0.160072E-002  0.221400E-002  0.671690E-003 -0.697842E-003  0.968582E-003  0.220000E+002  0.200000E+001  0.100000E+001  0.500000E+000  0.300000E+000  0.200000E+001  0.100000E+001  0.100000E+001  0.100000E+002
  0.665000E+002  0.500000E+002  0.199375E+002  0.438530E+002 -0.167014E-002  0.155394E-002  0.228125E-002  0.717625E-003 -0.652947E-003  0.970219E-003  0.220000E+002  0.200000E+001  0.100000E+001  0.500000E+000  0.300000E+000  0.200000E+001  0.100000E+001  0.100000E+001  0.100000E+002
  0.670000E+002  0.500000E+002  0.195366E+002  0.440252E+002 -0.186149E-002  0.145158E-002  0.236056E-002  0.768353E-003 -0.592426E-003  0.970224E-003  0.220000E+002  0.200000E+001  0.100000E+001  0.500000E+000  0.300000E+000  0.200000E+001  0.100000E+001  0.100000E+001  0.100000E+002
  0.675000E+002  0.500000E+002  0.191342E+002  0.441940E+002 -0.200218E-002  0.124691E-002  0.235871E-002  0.798024E-003 -0.506654E-003  0.945272E-003  0.220000E+002  0.200000E+001  0.100000E+001  0.500000E+000  0.300000E+000  0.200000E+001  0.100000E+001  0.100000E+001  0.100000E+002
  0.680000E+002  0.500000E+002  0.187303E+002  0.443592E+002 -0.201892E-002  0.102339E-002  0.226349E-002  0.789658E-003 -0.419033E-003  0.893951E-003  0.220000E+002  0.200000E+001  0.100000E+001  0.500000E+000  0.300000E+000  0.200000E+001  0.100000E+001  0.100000E+001  0.100000E+002
  0.685000E+002  0.500000E+002  0.183251E+002  0.445209E+002 -0.195771E-002  0.875708E-003  0.214464E-002  0.757327E-003 -0.354212E-003  0.836068E-003  0.220000E+002  0.200000E+001  0.100000E+001  0.500000E+000  0.300000E+000  0.200000E+001  0.100000E+001  0.100000E+001  0.100000E+002
  0.690000E+002  0.500000E+002  0.179184E+002  0.446790E+002 -0.191326E-002  0.804744E-003  0.207562E-002  0.726578E-003 -0.311731E-003  0.790627E-003  0.220000E+002  0.200000E+001  0.100000E+001  0.500000E+000  0.300000E+000  0.200000E+001  0.100000E+001  0.100000E+001  0.100000E+002
  0.695000E+002  0.500000E+002  0.175104E+002  0.448336E+002 -0.192597E-002  0.737971E-003  0.206252E-002  0.707924E-003 -0.272613E-003  0.758600E-003  0.220000E+002  0.200000E+001  0.100000E+001  0.500000E+000  0.300000E+000  0.200000E+001  0.100000E+001  0.100000E+001  0.100000E+002
  0.700000E+002  0.500000E+002  0.171010E+002  0.449846E+002 -0.195919E-002  0.612007E-003  0.205255E-002  0.691989E-003 -0.221123E-003  0.726460E-003  0.220000E+002  0.200000E+001  0.100000E+001  0.500000E+000  0.300000E+000  0.200000E+001  0.100000E+001  0.100000E+001  0.100000E+002
  0.705000E+002  0.500000E+002  0.166903E+002  0.451321E+002 -0.194710E-002  0.421693E-003  0.199224E-002  0.662619E-003 -0.156894E-003  0.680940E-003  0.220000E+002  0.200000E+001  0.100000E+001  0.500000E+000  0.300000E+000  0.200000E+001  0.100000E+001  0.100000E+001  0.100000E+002
  0.710000E+002  0.500000E+002  0.162784E+002  0.452759E+002 -0.184784E-002  0.210318E-003  0.185977E-002  0.610541E-003 -0.916147E-004  0.617377E-003  0.220000E+002  0.200000E+001  0.100000E+001  0.500000E+000  0.300000E+000  0.200000E+001  0.100000E+001  0.100000E+001  0.100000E+002
  0.715000E+002  0.500000E+002  0.158652E+002  0.454162E+002 -0.166242E-002  0.323536E-004  0.166274E-002  0.537705E-003 -0.390471E-004  0.539120E-003  0.220000E+002  0.200000E+001  0.100000E+001  0.500000E+000  0.300000E+000  0.200000E+001  0.100000E+001  0.100000E+001  0.100000E+002
  0.720000E+002  0.500000E+002  0.154508E+002  0.455528E+002 -0.142262E-002 -0.759911E-004  0.142465E-002  0.453608E-003 -0.754798E-005  0.453670E-003  0.220000E+002  0.200000E+001  0.100000E+001  0.500000E+000  0.300000E+000  0.200000E+001  0.100000E+001  0.100000E+001  0.100000E+002
  0.725000E+002  0.500000E+002  0.150353E+002  0.456858E+002 -0.116880E-002 -0.105588E-003  0.117356E-002  0.369323E-003  0.181717E-005  0.369327E-003  0.220000E+002  0.200000E+001  0.100000E+001  0.500000E+000  0.300000E+000  0.200000E+001  0.100000E+001  0.100000E+001  0.100000E+002
  0.730000E+002  0.500000E+002  0.146186E+002  0.458152E+002 -0.933499E-003 -0.680342E-004  0.935975E-003  0.293292E-003 -0.673820E-005  0.293370E-003  0.220000E+002  0.200000E+001  0.100000E+001  0.500000E+000  0.300000E+000  0.200000E+001  0.100000E+001  0.100000E+001  0.100000E+002
  0.735000E+002  0.500000E+002  0.142008E+002  0.459410E+002 -0.735181E-003  0.155534E-004  0.735346E-003  0.229920E-003 -0.268338E-004  0.231481E-003  0.220000E+002  0.200000E+001  0.100000E+001  0.500000E+000  0.300000E+000  0.200000E+001  0.100000E+001  0.100000E+001  0.100000E+002
  0.740000E+002  0.500000E+002  0.137819E+002  0.460631E+002 -0.579540E-003  0.123635E-003  0.592580E-003  0.180117E-003 -0.523328E-004  0.187565E-003  0.220000E+002  0.200000E+001  0.100000E+001  0.500000E+000  0.300000E+000  0.200000E+001  0.100000E+001  0.100000E+001  0.100000E+002
  0.745000E+002  0.500000E+002  0.133619E+002  0.461815E+002 -0.463842E-003  0.239072E-003  0.521828E-003  0.142591E-003 -0.785457E-004  0.162793E-003  0.220000E+002  0.200000E+001  0.100000E+001  0.500000E+000  0.300000E+000  0.200000E+001  0.100000E+001  0.100000E+001  0.100000E+002
  0.750000E+002  0.500000E+002  0.129410E+002  0.462963E+002 -0.381309E-003  0.350405E-003  0.517861E-003  0.115078E-003 -0.102476E-003  0.154091E-003  0.220000E+002  0.200000E+001  0.100000E+001  0.500000E+000  0.300000E+000  0.200000E+001  0.100000E+001  0.100000E+001  0.100000E+002
  0.755000E+002  0.500000E+002  0.125190E+002  0.464074E+002 -0.324201E-003  0.451145E-003  0.555552E-003  0.951666E-004 -0.122553E-003  0.155164E-003  0.220000E+002  0.200000E+001  0.100000E+001  0.500000E+000  0.300000E+000  0.200000E+001  0.100000E+001  0.100000E+001  0.100000E+002
  0.760000E+002  0.500000E+002  0.120961E+002  0.465148E+002 -0.285491E-003  0.538379E-003  0.609390E-003  0.807400E-004 -0.138206E-003  0.160062E-003  0.220000E+002  0.200000E+001  0.100000E+001  0.500000E+000  0.300000E+000  0.200000E+001  0.100000E+001  0.100000E+001  0.100000E+002
  0.765000E+002  0.500000E+002  0.116723E+002  0.466185E+002 -0.259515E-003  0.611428E-003  0.664223E-003  0.701230E-004 -0.149473E-003  0.165105E-003  0.220000E+002  0.200000E+001  0.100000E+001  0.500000E+000  0.300000E+000  0.200000E+001  0.100000E+001  0.100000E+001  0.100000E+002
  0.770000E+002  0.500000E+002  0.112476E+002  0.467185E+002 -0.242028E-003  0.670826E-003  0.713152E-003  0.620783E-004 -0.156710E-003  0.168558E-003  0.220000E+002  0.200000E+001  0.100000E+001  0.500000E+000  0.300000E+000  0.200000E+001  0.100000E+001  0.100000E+001  0.100000E+002
  0.775000E+002  0.500000E+002  0.108220E+002  0.468148E+002 -0.229999E-003  0.717659E-003  0.753614E-003  0.557341E-004 -0.160405E-003  0.169812E-003  0.220000E+002  0.200000E+001  0.100000E+001  0.500000E+000  0.300000E+000  0.200000E+001  0.100000E+001  0.100000E+001  0.100000E+002
  0.780000E+002  0.500000E+002  0.103956E+002  0.469074E+002 -0.221337E-003  0.753175E-003  0.785024E-003  0.504965E-004 -0.161073E-003  0.168803E-003  0.220000E+002  0.200000E+001  0.100000E+001  0.500000E+000  0.300000E+000  0.200000E+001  0.100000E+001  0.100000E+001  0.100000E+002
  0.785000E+002  0.500000E+002  0.996840E+001  0.469962E+002 -0.214629E-003  0.778589E-003  0.807630E-003  0.459720E-004 -0.159204E-003  0.165709E-003  0.220000E+002  0.200000E+001  0.100000E+001  0.500000E+000  0.300000E+000  0.200000E+001  0.100000E+001  0.100000E+001  0.100000E+002
  0.790000E+002  0.500000E+002  0.954045E+001  0.470814E+002 -0.208937E-003  0.795001E-003  0.821998E-003  0.419056E-004 -0.155241E-003  0.160797E-003  0.220000E+002  0.200000E+001  0.100000E+001  0.500000E+000  0.300000E+000  0.200000E+001  0.100000E+001  0.100000E+001  0.100000E+002
  0.795000E+002  0.500000E+002  0.911178E+001  0.471627E+002 -0.203648E-003  0.803366E-003  0.828776E-003  0.381363E-004 -0.149573E-003  0.154358E-003  0.220000E+002  0.200000E+001  0.100000E+001  0.500000E+000  0.300000E+000  0.200000E+001  0.100000E+001  0.100000E+001  0.100000E+002
  0.800000E+002  0.500000E+002  0.868241E+001  0.472404E+002 -0.198362E-003  0.804503E-003  0.828597E-003  0.345653E-004 -0.142542E-003  0.146673E-003  0.220000E+002  0.200000E+001  0.100000E+001  0.500000E+000  0.300000E+000  0.200000E+001  0.100000E+001  0.100000E+001  0.100000E+002
  0.805000E+002  0.500000E+002  0.825238E+001  0.473143E+002 -0.192828E-003  0.799114E-003  0.822050E-003  0.311352E-004 -0.134444E-003  0.138002E-003  0.220000E+002  0.200000E+001  0.100000E+001  0.500000E+000  0.300000E+000  0.200000E+001  0.100000E+001  0.100000E+001  0.100000E+002
  0.810000E+002  0.500000E+002  0.782172E+001  0.473844E+002 -0.186887E-003  0.787800E-003  0.809664E-003  0.278156E-004 -0.125540E-003  0.128585E-003  0.220000E+002  0.200000E+001  0.100000E+001  0.500000E+000  0.300000E+000  0.200000E+001  0.100000E+001  0.100000E+001  0.100000E+002
  0.815000E+002  0.500000E+002  0.739047E+001  0.474508E+002 -0.180446E-003  0.771084E-003  0.791916E-003  0.245932E-004 -0.116059E-003  0.118636E-003  0.220000E+002  0.200000E+001  0.100000E+001  0.500000E+000  0.300000E+000  0.200000E+001  0.100000E+001  0.100000E+001  0.100000E+002
  0.820000E+002  0.500000E+002  0.695866E+001  0.475134E+002 -0.173455E-003  0.749426E-003  0.769238E-003  0.214663E-004 -0.106204E-003  0.108352E-003  0.220000E+002  0.200000E+001  0.100000E+001  0.500000E+000  0.300000E+000  0.200000E+001  0.100000E+001  0.100000E+001  0.100000E+002
  0.825000E+002  0.500000E+002  0.652631E+001  0.475722E+002 -0.165891E-003  0.723239E-003  0.742021E-003  0.184403E-004 -0.961557E-004  0.979080E-004  0.220000E+002  0.200000E+001  0.100000E+001  0.500000E+000  0.300000E+000  0.200000E+001  0.100000E+001  0.100000E+001  0.100000E+002
  0.830000E+002  0.500000E+002  0.609347E+001  0.476273E+002 -0.157753E-003  0.692897E-003  0.710628E-003  0.155249E-004 -0.860765E-004  0.874654E-004  0.220000E+002  0.200000E+001  0.100000E+001  0.500000E+000  0.300000E+000  0.200000E+001  0.100000E+001  0.100000E+001  0.100000E+002
  0.835000E+002  0.500000E+002  0.566016E+001  0.476786E+002 -0.149052E-003  0.658743E-003  0.675396E-003  0.127323E-004 -0.761121E-004  0.771697E-004  0.220000E+002  0.200000E+001  0.100000E+001  0.500000E+000  0.300000E+000  0.200000E+001  0.100000E+001  0.100000E+001  0.100000E+002
  0.840000E+002  0.500000E+002  0.522642E+001  0.477261E+002 -0.139810E-003  0.621103E-003  0.636644E-003  0.100764E-004 -0.663938E-004  0.671541E-004  0.220000E+002  0.200000E+001  0.100000E+001  0.500000E+000  0.300000E+000  0.200000E+001  0.100000E+001  0.100000E+001  0.100000E+002
  0.845000E+002  0.500000E+002  0.479229E+001  0.477698E+002 -0.130055E-003  0.580280E-003  0.594675E-003  0.757108E-005 -0.570400E-004  0.575403E-004  0.220000E+002  0.200000E+001  0.100000E+001  0.500000E+000  0.300000E+000  0.200000E+001  0.100000E+001  0.100000E+001  0.100000E+002
  0.850000E+002  0.500000E+002  0.435779E+001  0.478097E+002 -0.119819E-003  0.536567E-003  0.549782E-003  0.523056E-005 -0.481574E-004  0.484406E-004  0.220000E+002  0.200000E+001  0.100000E+001  0.500000E+000  0.300000E+000  0.200000E+001  0.100000E+001  0.100000E+001  0.100000E+002
  0.855000E+002  0.500000E+002  0.392295E+001  0.478459E+002 -0.109139E-003  0.490247E-003  0.502248E-003  0.306838E-005 -0.398415E-004  0.399595E-004  0.220000E+002  0.200000E+001  0.100000E+001  0.500000E+000  0.300000E+000  0.200000E+001  0.100000E+001  0.100000E+001  0.100000E+002
  0.860000E+002  0.500000E+002  0.348782E+001  0.478782E+002 -0.980536E-004  0.441594E-003  0.452349E-003  0.109730E-005 -0.321775E-004  0.321962E-004  0.220000E+002  0.200000E+001  0.100000E+001  0.500000E+000  0.300000E+000  0.200000E+001  0.100000E+001  0.100000E+001  0.100000E+002
  0.865000E+002  0.500000E+002  0.305243E+001  0.479067E+002 -0.866050E-004  0.390877E-003  0.400357E-003 -0.670893E-006 -0.252409E-004  0.252498E-004  0.220000E+002  0.200000E+001  0.100000E+001  0.500000E+000  0.300000E+000  0.200000E+001  0.100000E+001  0.100000E+001  0.100000E+002
  0.870000E+002  0.500000E+002  0.261680E+001  0.479315E+002 -0.748357E-004  0.338362E-003  0.346539E-003 -0.222555E-005 -0.190976E-004  0.192269E-004  0.220000E+002  0.200000E+001  0.100000E+001  0.500000E+000  0.300000E+000  0.200000E+001  0.100000E+001  0.100000E+001  0.100000E+002
  0.875000E+002  0.500000E+002  0.218097E+001  0.479524E+002 -0.627896E-004  0.284309E-003  0.291160E-003 -0.355729E-005 -0.138044E-004  0.142554E-004  0.220000E+002  0.200000E+001  0.100000E+001  0.500000E+000  0.300000E+000  0.200000E+001  0.100000E+001  0.100000E+001  0.100000E+002
  0.880000E+002  0.500000E+002  0.174497E+001  0.479695E+002 -0.505116E-004  0.228977E-003  0.234482E-003 -0.465805E-005 -0.940890E-005  0.104988E-004  0.220000E+002  0.200000E+001  0.100000E+001  0.500000E+000  0.300000E+000  0.200000E+001  0.100000E+001  0.100000E+001  0.100000E+002
  0.885000E+002  0.500000E+002  0.130885E+001  0.479829E+002 -0.380473E-004  0.172625E-003  0.176768E-003 -0.552117E-005 -0.595004E-005  0.811704E-005  0.220000E+002  0.200000E+001  0.100000E+001  0.500000E+000  0.300000E+000  0.200000E+001  0.100000E+001  0.100000E+001  0.100000E+002
  0.890000E+002  0.500000E+002  0.872620E+000  0.479924E+002 -0.254429E-004  0.115508E-003  0.118277E-003 -0.614144E-005 -0.345796E-005  0.704803E-005  0.220000E+002  0.200000E+001  0.100000E+001  0.500000E+000  0.300000E+000  0.200000E+001  0.100000E+001  0.100000E+001  0.100000E+002
  0.895000E+002  0.500000E+002  0.436327E+000  0.479981E+002 -0.127449E-004  0.578812E-004  0.592677E-004 -0.651511E-005 -0.195413E-005  0.680186E-005  0.220000E+002  0.200000E+001  0.100000E+001  0.500000E+000  0.300000E+000  0.200000E+001  0.100000E+001  0.100000E+001  0.100000E+002
  0.900000E+002  0.500000E+002  0.000000E+000  0.480000E+002  0.000000E+000  0.000000E+000  0.000000E+000 -0.663992E-005 -0.145143E-005  0.679670E-005  0.220000E+002  0.200000E+001  0.100000E+001  0.500000E+000  0.300000E+000  0.200000E+001  0.100000E+001  0.100000E+001  0.100000E+002
  0.905000E+002  0.500000E+002 -0.436327E+000  0.479981E+002  0.127449E-004 -0.578812E-004  0.592677E-004 -0.651511E-005 -0.195413E-005  0.680186E-005  0.220000E+002  0.200000E+001  0.100000E+001  0.500000E+000  0.300000E+000  0.200000E+001  0.100000E+001  0.100000E+001  0.100000E+002
  0.910000E+002  0.500000E+002 -0.872620E+000  0.479924E+002  0.254429E-004 -0.115508E-003  0.118277E-003 -0.614144E-005 -0.345796E-005  0.704803E-005  0.220000E+002  0.200000E+001  0.100000E+001  0.500000E+000  0.300000E+000  0.200000E+001  0.100000E+001  0.100000E+001  0.100000E+002
  0.915000E+002  0.500000E+002 -0.130885E+001  0.479829E+002  0.380473E-004 -0.172625E-003  0.176768E-003 -0.552117E-005 -0.595004E-005  0.811704E-005  0.220000E+002  0.200000E+001  0.100000E+001  0.500000E+000  0.300000E+000  0.200000E+001  0.100000E+001  0.100000E+001  0.100000E+002
  0.920000E+002  0.500000E+002 -0.174497E+001  0.479695E+002  0.505116E-004 -0.228977E-003  0.234482E-003 -0.465805E-005 -0.940890E-005  0.104988E-004  0.220000E+002  0.200000E+001  0.100000E+001  0.500000E+000  0.300000E+000  0.200000E+001  0.100000E+001  0.100000E+001  0.100000E+002
  0.925000E+002  0.500000E+002 -0.218097E+001  0.479524E+002  0.627896E-004 -0.284309E-003  0.291160E-003 -0.355729E-005 -0.138044E-004  0.142554E-004  0.220000E+002  0.200000E+001  0.100000E+001  0.500000E+000  0.300000E+000  0.200000E+001  0.100000E+001  0.100000E+001  0.100000E+002
  0.930000E+002  0.500000E+002 -0.261680E+001  0.479315E+002  0.748357E-004 -0.338362E-003  0.346539E-003 -0.222555E-005 -0.190976E-004  0.192269E-004  0.220000E+002  0.200000E+001  0.100000E+001  0.500000E+000  0.300000E+000  0.200000E+001  0.100000E+001  0.100000E+001  0.100000E+002
  0.935000E+002  0.500000E+002 -0.305243E+001  0.479067E+002  0.866050E-004 -0.390877E-003  0.400357E-003 -0.670893E-006 -0.252409E-004  0.252498E-004  0.220000E+002  0.200000E+001  0.100000E+001  0.500000E+000  0.300000E+000  0.200000E+001  0.100000E+001  0.100000E+001  0.100000E+002
  0.940000E+002  0.500000E+002 -0.348782E+001  0.478782E+002  0.980536E-004 -0.441594E-003  0.452349E-003  0.109730E-005 -0.321775E-004  0.321962E-004  0.220000E+002  0.200000E+001  0.100000E+001  0.500000E+000  0.300000E+000  0.200000E+001  0.100000E+001  0.100000E+001  0.100000E+002
  0.945000E+002  0.500000E+002 -0.392295E+001  0.478459E+002  0.109139E-003 -0.490247E-003  0.502248E-003  0.306838E-005 -0.398415E-004  0.399595E-004  0.220000E+002  0.200000E+001  0.100000E+001  0.500000E+000  0.300000E+000  0.200000E+001  0.100000E+001  0.100000E+001  0.100000E+002
  0.950000E+002  0.500000E+002 -0.435779E+001  0.478097E+002  0.119819E-003 -0.536567E-003  0.549782E-003  0.523056E-005 -0.481574E-004  0.484406E-004  0.220000E+002  0.200000E+001  0.100000E+001  0.500000E+000  0.300000E+000  0.200000E+001  0.100000E+001  0.100000E+001  0.100000E+002
  0.955000E+002  0.500000E+002 -0.479229E+001  0.477698E+002  0.130055E-003 -0.580280E-003  0.594675E-003  0.757108E-005 -0.570400E-004  0.575403E-004  0.220000E+002  0.200000E+001  0.100000E+001  0.500000E+000  0.300000E+000  0.200000E+001  0.100000E+001  0.100000E+001  0.100000E+002
  0.960000E+002  0.500000E+002 -0.522642E+001  0.477261E+002  0.139810E-003 -0.621103E-003  0.636644E-003  0.100764E-004 -0.663938E-004  0.671541E-004  0.220000E+002  0.200000E+001  0.100000E+001  0.500000E+000  0.300000E+000  0.200000E+001  0.100000E+001  0.100000E+001  0.100000E+002
  0.965000E+002  0.500000E+002 -0.566016E+001  0.476786E+002  0.149052E-003 -0.658743E-003  0.675396E-003  0.127323E-004 -0.761121E-004  0.771697E-004  0.220000E+002  0.200000E+001  0.100000E+001  0.500000E+000  0.300000E+000  0.200000E+001  0.100000E+001  0.100000E+001  0.100000E+002
  0.970000E+002  0.500000E+002 -0.609347E+001  0.476273E+002  0.157753E-003 -0.692897E-003  0.710628E-003  0.155249E-004 -0.860765E-004  0.874654E-004  0.220000E+002  0.200000E+001  0.100000E+001  0.500000E+000  0.300000E+000  0.200000E+001  0.100000E+001  0.100000E+001  0.100000E+002
  0.975000E+002  0.500000E+002 -0.652631E+001  0.475722E+002  0.165891E-003 -0.723239E-003  0.742021E-003  0.184403E-004 -0.961557E-004  0.979080E-004  0.220000E+002  0.200000E+001  0.100000E+001  0.500000E+000  0.300000E+000  0.200000E+001  0.100000E+001  0.100000E+001  0.100000E+002
  0.980000E+002  0.500000E+002 -0.695866E+001  0.475134E+002  0.173455E-003 -0.749426E-003  0.769238E-003  0.214663E-004 -0.106204E-003  0.108352E-003  0.220000E+002  0.200000E+001  0.100000E+001  0.500000E+000  0.300000E+000  0.200000E+001  0.100000E+001  0.100000E+001  0.100000E+002
  0.985000E+002  0.500000E+002 -0.739047E+001  0.474508E+002  0.180446E-003 -0.771084E-003  0.791916E-003  0.245932E-004 -0.116059E-003  0.118636E-003  0.220000E+002  0.200000E+001  0.100000E+001  0.500000E+000  0.300000E+000  0.200000E+001  0.100000E+001  0.100000E+001  0.100000E+002
  0.990000E+002  0.500000E+002 -0.782172E+001  0.473844E+002  0.186887E-003 -0.787800E-003  0.809664E-003  0.278156E-004 -0.125540E-003  0.128585E-003  0.220000E+002  0.200000E+001  0.100000E+001  0.500000E+000  0.300000E+000  0.200000E+001  0.100000E+001  0.100000E+001  0.100000E+002
  0.995000E+002  0.500000E+002 -0.825238E+001  0.473143E+002  0.192828E-003 -0.799114E-003  0.822050E-003  0.311352E-004 -0.134444E-003  0.138002E-003  0.220000E+002  0.200000E+001  0.100000E+001  0.500000E+000  0.300000E+000  0.200000E+001  0.100000E+001  0.100000E+001  0.100000E+002
  0.100000E+003  0.500000E+002 -0.868241E+001  0.472404E+002  0.198362E-003 -0.804503E-003  0.828597E-003  0.345653E-004 -0.142542E-003  0.146673E-003  0.220000E+002  0.200000E+001  0.100000E+001  0.500000E+000  0.300000E+000  0.200000E+001  0.100000E+001  0.100000E+001  0.100000E+002
  0.100500E+003  0.500000E+002 -0.911178E+001  0.471627E+002  0.203648E-003 -0.803366E-003  0.828776E-003  0.381363E-004 -0.149573E-003  0.154358E-003  0.220000E+002  0.200000E+001  0.100000E+001  0.500000E+000  0.300000E+000  0.200000E+001  0.100000E+001  0.100000E+001  0.100000E+002
  0.101000E+003  0.500000E+002 -0.954045E+001  0.470814E+002  0.208937E-003 -0.795001E-003  0.821998E-003  0.419056E-004 -0.155241E-003  0.160797E-003  0.220000E+002  0.200000E+001  0.100000E+001  0.500000E+000  0.300000E+000  0.200000E+001  0.100000E+001  0.100000E+001  0.100000E+002
  0.101500E+003  0.500000E+002 -0.996840E+001  0.469962E+002  0.214629E-003 -0.778589E-003  0.807630E-003  0.459720E-004 -0.159204E-003  0.165709E-003  0.220000E+002  0.200000E+001  0.100000E+001  0.500000E+000  0.300000E+000  0.200000E+001  0.100000E+001  0.100000E+001  0.100000E+002
  0.102000E+003  0.500000E+002 -0.103956E+002  0.469074E+002  0.221337E-003 -0.753175E-003  0.785024E-003  0.504965E-004 -0.161073E-003  0.168803E-003  0.220000E+002  0.200000E+001  0.100000E+001  0.500000E+000  0.300000E+000  0.200000E+001  0.100000E+001  0.100000E+001  0.100000E+002
  0.102500E+003  0.500000E+002 -0.108220E+002  0.468148E+002  0.229999E-003 -0.717659E-003  0.753614E-003  0.557341E-004 -0.160405E-003  0.169812E-003  0.220000E+002  0.200000E+001  0.100000E+001  0.500000E+000  0.300000E+000  0.200000E+001  0.100000E+001  0.100000E+001  0.100000E+002
  0.103000E+003  0.500000E+002 -0.112476E+002  0.467185E+002  0.242028E-003 -0.670826E-003  0.713152E-003  0.620783E-004 -0.156710E-003  0.168558E-003  0.220000E+002  0.200000E+001  0.100000E+001  0.500000E+000  0.300000E+000  0.200000E+001  0.100000E+001  0.100000E+001  0.100000E+002
  0.103500E+003  0.500000E+002 -0.116723E+002  0.466185E+002  0.259515E-003 -0.611428E-003  0.664223E-003  0.701230E-004 -0.149473E-003  0.165105E-003  0.220000E+002  0.200000E+001  0.100000E+001  0.500000E+000  0.300000E+000  0.200000E+001  0.100000E+001  0.100000E+001  0.100000E+002
  0.104000E+003  0.500000E+002 -0.120961E+002  0.465148E+002  0.285491E-003 -0.538379E-003  0.609390E-003  0.807400E-004 -0.138206E-003  0.160062E-003  0.220000E+002  0.200000E+001  0.100000E+001  0.500000E+000  0.300000E+000  0.200000E+001  0.100000E+001  0.100000E+001  0.100000E+002
  0.104500E+003  0.500000E+002 -0.125190E+002  0.464074E+002  0.324201E-003 -0.451145E-003  0.555552E-003  0.951666E-004 -0.122553E-003  0.155164E-003  0.220000E+002  0.200000E+001  0.100000E+001  0.500000E+000  0.300000E+000  0.200000E+001  0.100000E+001  0.100000E+001  0.100000E+002
  0.105000E+003  0.500000E+002 -0.129410E+002  0.462963E+002  0.381309E-003 -0.350405E-003  0.517861E-003  0.115078E-003 -0.102476E-003  0.154091E-003  0.220000E+002  0.200000E+001  0.100000E+001  0.500000E+000  0.300000E+000  0.200000E+001  0.100000E+001  0.100000E+001  0.100000E+002
  0.105500E+003  0.500000E+002 -0.133619E+002  0.461815E+002  0.463842E-003 -0.239072E-003  0.521828E-003  0.142591E-003 -0.785457E-004  0.162793E-003  0.220000E+002  0.200000E+001  0.100000E+001  0.500000E+000  0.300000E+000  0.200000E+001  0.100000E+001  0.100000E+001  0.100000E+002
  0.106000E+003  0.500000E+002 -0.137819E+002  0.460631E+002  0.579540E-003 -0.123635E-003  0.592580E-003  0.180117E-003 -0.523328E-004  0.187565E-003  0.220000E+002  0.200000E+001  0.100000E+001  0.500000E+000  0.300000E+000  0.200000E+001  0.100000E+001  0.100000E+001  0.100000E+002
  0.106500E+003  0.500000E+002 -0.142008E+002  0.459410E+002  0.735181E-003 -0.155534E-004  0.735346E-003  0.229920E-003 -0.268338E-004  0.231481E-003  0.220000E+002  0.200000E+001  0.100000E+001  0.500000E+000  0.300000E+000  0.200000E+001  0.100000E+001  0.100000E+001  0.100000E+002
  0.107000E+003  0.500000E+002 -0.146186E+002  0.458152E+002  0.933499E-003  0.680342E-004  0.935975E-003  0.293292E-003 -0.673820E-005  0.293370E-003  0.220000E+002  0.200000E+001  0.100000E+001  0.500000E+000  0.300000E+000  0.200000E+001  0.100000E+001  0.100000E+001  0.100000E+002
  0.107500E+003  0.500000E+002 -0.150353E+002  0.456858E+002  0.116880E-002  0.105588E-003  0.117356E-002  0.369323E-003  0.181717E-005  0.369327E-003  0.220000E+002  0.200000E+001  0.100000E+001  0.500000E+000  0.300000E+000  0.200000E+001  0.100000E+001  0.100000E+001  0.100000E+002
  0.108000E+003  0.500000E+002 -0.154508E+002  0.455528E+002  0.142262E-002  0.759911E-004  0.142465E-002  0.453608E-003 -0.754798E-005  0.453670E-003  0.220000E+002  0.200000E+001  0.100000E+001  0.500000E+000  0.300000E+000  0.200000E+001  0.100000E+001  0.100000E+001  0.100000E+002
  0.108500E+003  0.500000E+002 -0.158652E+002  0.454162E+002  0.166242E-002 -0.323536E-004  0.166274E-002  0.537705E-003 -0.390471E-004  0.539120E-003  0.220000E+002  0.200000E+001  0.100000E+001  0.500000E+000  0.300000E+000  0.200000E+001  0.100000E+001  0.100000E+001  0.100000E+002
  0.109000E+003  0.500000E+002 -0.162784E+002  0.452759E+002  0.184784E-002 -0.210318E-003  0.185977E-002  0.610541E-003 -0.916147E-004  0.617377E-003  0.220000E+002  0.200000E+001  0.100000E+001  0.500000E+000  0.300000E+000  0.200000E+001  0.100000E+001  0.100000E+001  0.100000E+002
  0.109500E+003  0.500000E+002 -0.166903E+002  0.451321E+002  0.194710E-002 -0.421693E-003  0.199224E-002  0.662619E-003 -0.156894E-003  0.680940E-003  0.220000E+002  0.200000E+001  0.100000E+001  0.500000E+000  0.300000E+000  0.200000E+001  0.100000E+001  0.100000E+001  0.100000E+002
  0.110000E+003  0.500000E+002 -0.171010E+002  0.449846E+002  0.195919E-002 -0.612007E-003  0.205255E-002  0.691989E-003 -0.221123E-003  0.726460E-003  0.220000E+002  0.200000E+001  0.100000E+001  0.500000E+000  0.300000E+000  0.200000E+001  0.100000E+001  0.100000E+001  0.100000E+002
  0.110500E+003  0.500000E+002 -0.175104E+002  0.448336E+002  0.192597E-002 -0.737971E-003  0.206252E-002  0.707924E-003 -0.272613E-003  0.758600E-003  0.220000E+002  0.200000E+001  0.100000E+001  0.500000E+000  0.300000E+000  0.200000E+001  0.100000E+001  0.100000E+001  0.100000E+002
  0.111000E+003  0.500000E+002 -0.179184E+002  0.446790E+002  0.191326E-002 -0.804744E-003  0.207562E-002  0.726578E-003 -0.311731E-003  0.790627E-003  0.220000E+002  0.200000E+001  0.100000E+001  0.500000E+000  0.300000E+000  0.200000E+001  0.100000E+001  0.100000E+001  0.100000E+002
  0.111500E+003  0.500000E+002 -0.183251E+002  0.445209E+002  0.195771E-002 -0.875708E-003  0.214464E-002  0.757327E-003 -0.354212E-003  0.836068E-003  0.220000E+002  0.200000E+001  0.100000E+001  0.500000E+000  0.300000E+000  0.200000E+001  0.100000E+001  0.100000E+001  0.100000E+002
  0.112000E+003  0.500000E+002 -0.187303E+002  0.443592E+002  0.201892E-002 -0.102339E-002  0.226349E-002  0.789658E-003 -0.419033E-003  0.893951E-003  0.220000E+002  0.200000E+001  0.100000E+001  0.500000E+000  0.300000E+000  0.200000E+001  0.100000E+001  0.100000E+001  0.100000E+002
  0.112500E+003  0.500000E+002 -0.191342E+002  0.441940E+002  0.200218E-002 -0.124691E-002  0.235871E-002  0.798024E-003 -0.506654E-003  0.945272E-003  0.220000E+002  0.200000E+001  0.100000E+001  0.500000E+000  0.300000E+000  0.200000E+001  0.100000E+001  0.100000E+001  0.100000E+002
  0.113000E+003  0.500000E+002 -0.195366E+002  0.440252E+002  0.186149E-002 -0.145158E-002  0.236056E-002  0.768353E-003 -0.592426E-003  0.970224E-003  0.220000E+002  0.200000E+001  0.100000E+001  0.500000E+000  0.300000E+000  0.200000E+001  0.100000E+001  0.100000E+001  0.100000E+002
  0.113500E+003  0.500000E+002 -0.199375E+002  0.438530E+002  0.167014E-002 -0.155394E-002  0.228125E-002  0.717625E-003 -0.652947E-003  0.970219E-003  0.220000E+002  0.200000E+001  0.100000E+001  0.500000E+000  0.300000E+000  0.200000E+001  0.100000E+001  0.100000E+001  0.100000E+002
  0.114000E+003  0.500000E+002 -0.203368E+002  0.436773E+002  0.152954E-002 -0.160072E-002  0.221400E-002  0.671690E-003 -0.697842E-003  0.968582E-003  0.220000E+002  0.200000E+001  0.100000E+001  0.500000E+000  0.300000E+000  0.200000E+001  0.100000E+001  0.100000E+001  0.100000E+002
  0.114500E+003  0.500000E+002 -0.207347E+002  0.434981E+002  0.140806E-002 -0.170038E-002  0.220770E-002  0.622983E-003 -0.753786E-003  0.977906E-003  0.220000E+002  0.200000E+001  0.100000E+001  0.500000E+000  0.300000E+000  0.200000E+001  0.100000E+001  0.100000E+001  0.100000E+002
  0.115000E+003  0.500000E+002 -0.211309E+002  0.433154E+002  0.118569E-002 -0.182572E-002  0.217695E-002  0.540222E-003 -0.813104E-003  0.976206E-003  0.220000E+002  0.200000E+001  0.100000E+001  0.500000E+000  0.300000E+000  0.200000E+001  0.100000E+001  0.100000E+001  0.100000E+002
  0.115500E+003  0.500000E+002 -0.215256E+002  0.431293E+002  0.884239E-003 -0.184015E-002  0.204158E-002  0.428220E-003 -0.838526E-003  0.941540E-003  0.220000E+002  0.200000E+001  0.100000E+001  0.500000E+000  0.300000E+000  0.200000E+001  0.100000E+001  0.100000E+001  0.100000E+002
  0.116000E+003  0.500000E+002 -0.219186E+002  0.429397E+002  0.647804E-003 -0.175912E-002  0.187461E-002  0.325257E-003 -0.831025E-003  0.892409E-003  0.220000E+002  0.200000E+001  0.100000E+001  0.500000E+000  0.300000E+000  0.200000E+001  0.100000E+001  0.100000E+001  0.100000E+002
  0.116500E+003  0.500000E+002 -0.223099E+002  0.427467E+002  0.452102E-003 -0.171871E-002  0.177717E-002  0.227748E-003 -0.824409E-003  0.855289E-003  0.220000E+002  0.200000E+001  0.100000E+001  0.500000E+000  0.300000E+000  0.200000E+001  0.100000E+001  0.100000E+001  0.100000E+002
  0.117000E+003  0.500000E+002 -0.226995E+002  0.425503E+002  0.173886E-003 -0.166066E-002  0.166974E-002  0.105555E-003 -0.803630E-003  0.810533E-003  0.220000E+002  0.200000E+001  0.100000E+001  0.500000E+000  0.300000E+000  0.200000E+001  0.100000E+001  0.100000E+001  0.100000E+002
  0.117500E+003  0.500000E+002 -0.230874E+002  0.423505E+002 -0.834493E-004 -0.147082E-002  0.147318E-002 -0.129823E-004 -0.738199E-003  0.738313E-003  0.220000E+002  0.200000E+001  0.100000E+001  0.500000E+000  0.300000E+000  0.200000E+001  0.100000E+001  0.100000E+001  0.100000E+002
  0.118000E+003  0.500000E+002 -0.234736E+002  0.421474E+002 -0.225236E-003 -0.128466E-002  0.130426E-002 -0.997219E-004 -0.663073E-003  0.670530E-003  0.220000E+002  0.200000E+001  0.100000E+001  0.500000E+000  0.300000E+000  0.200000E+001  0.100000E+001  0.100000E+001  0.100000E+002
  0.118500E+003  0.500000E+002 -0.238579E+002  0.419409E+002 -0.396609E-003 -0.114235E-002  0.120924E-002 -0.189188E-003 -0.591434E-003  0.620956E-003  0.220000E+002  0.200000E+001  0.100000E+001  0.500000E+000  0.300000E+000  0.200000E+001  0.100000E+001  0.100000E+001  0.100000E+002
  0.119000E+003  0.500000E+002 -0.242405E+002  0.417310E+002 -0.548284E-003 -0.906327E-003  0.105927E-002 -0.267482E-003 -0.490505E-003  0.558696E-003  0.220000E+002  0.200000E+001  0.100000E+001  0.500000E+000  0.300000E+000  0.200000E+001  0.100000E+001  0.100000E+001  0.100000E+002
  0.119500E+003  0.500000E+002 -0.246212E+002  0.415178E+002 -0.571708E-003 -0.711288E-003  0.912569E-003 -0.304673E-003 -0.398539E-003  0.501656E-003  0.220000E+002  0.200000E+001  0.100000E+001  0.500000E+000  0.300000E+000  0.200000E+001  0.100000E+001  0.100000E+001  0.100000E+002
  0.120000E+003  0.500000E+002 -0.250000E+002  0.413013E+002 -0.632110E-003 -0.595600E-003  0.868506E-003 -0.343760E-003 -0.331618E-003  0.477641E-003  0.220000E+002  0.200000E+001  0.100000E+001  0.500000E+000  0.300000E+000  0.200000E+001  0.100000E+001  0.100000E+001  0.100000E+002
  0.120500E+003  0.500000E+002 -0.253769E+002  0.410815E+002 -0.655863E-003 -0.440859E-003  0.790261E-003 -0.369398E-003 -0.264277E-003  0.454199E-003  0.220000E+002  0.200000E+001  0.100000E+001  0.500000E+000  0.300000E+000  0.200000E+001  0.100000E+001  0.100000E+001  0.100000E+002
  0.121000E+003  0.500000E+002 -0.257519E+002  0.408584E+002 -0.626196E-003 -0.417939E-003  0.752857E-003 -0.382069E-003 -0.245470E-003  0.454128E-003  0.220000E+002  0.200000E+001  0.100000E+001  0.500000E+000  0.300000E+000  0.200000E+001  0.100000E+001  0.100000E+001  0.100000E+002
  0.121500E+003  0.500000E+002 -0.261249E+002  0.406320E+002 -0.705660E-003 -0.442434E-003  0.832889E-003 -0.433145E-003 -0.257275E-003  0.503790E-003  0.220000E+002  0.200000E+001  0.100000E+001  0.500000E+000  0.300000E+000  0.200000E+001  0.100000E+001  0.100000E+001  0.100000E+002
  0.122000E+003  0.500000E+002 -0.264960E+002  0.404024E+002 -0.770791E-003 -0.497635E-003  0.917475E-003 -0.502471E-003 -0.293598E-003  0.581960E-003  0.220000E+002  0.200000E+001  0.100000E+001  0.500000E+000  0.300000E+000  0.200000E+001  0.100000E+001  0.100000E+001  0.100000E+002
  0.122500E+003  0.500000E+002 -0.268650E+002  0.401696E+002 -0.983992E-003 -0.652868E-003  0.118088E-002 -0.644077E-003 -0.365887E-003  0.740748E-003  0.220000E+002  0.200000E+001  0.100000E+001  0.500000E+000  0.300000E+000  0.200000E+001  0.100000E+001  0.100000E+001  0.100000E+002
  0.123000E+003  0.500000E+002 -0.272320E+002  0.399335E+002 -0.130869E-002 -0.716375E-003  0.149193E-002 -0.859306E-003 -0.409388E-003  0.951844E-003  0.220000E+002  0.200000E+001  0.100000E+001  0.500000E+000  0.300000E+000  0.200000E+001  0.100000E+001  0.100000E+001  0.100000E+002
  0.123500E+003  0.500000E+002 -0.275968E+002  0.396943E+002 -0.173883E-002 -0.774360E-003  0.190346E-002 -0.114780E-002 -0.424172E-003  0.122367E-002  0.220000E+002  0.200000E+001  0.100000E+001  0.500000E+000  0.300000E+000  0.200000E+001  0.100000E+001  0.100000E+001  0.100000E+002
  0.124000E+003  0.500000E+002 -0.279596E+002  0.394519E+002 -0.229003E-002 -0.617912E-003  0.237193E-002 -0.150236E-002 -0.332154E-003  0.153864E-002  0.220000E+002  0.200000E+001  0.100000E+001  0.500000E+000  0.300000E+000  0.200000E+001  0.100000E+001  0.100000E+001  0.100000E+002
  0.124500E+003  0.500000E+002 -0.283203E+002  0.392063E+002 -0.277644E-002 -0.318067E-003  0.279460E-002 -0.184619E-002 -0.134555E-003  0.185108E-002  0.220000E+002  0.200000E+001  0.100000E+001  0.500000E+000  0.300000E+000  0.200000E+001  0.100000E+001  0.100000E+001  0.100000E+002
  0.125000E+003  0.500000E+002 -0.286788E+002  0.389576E+002 -0.319648E-002  0.187841E-003  0.320200E-002 -0.214059E-002  0.180186E-003  0.214816E-002  0.220000E+002  0.200000E+001  0.100000E+001  0.500000E+000  0.300000E+000  0.200000E+001  0.100000E+001  0.100000E+001  0.100000E+002
  0.125500E+003  0.500000E+002 -0.290351E+002  0.387058E+002 -0.333941E-002  0.725920E-003  0.341740E-002 -0.229943E-002  0.535561E-003  0.236097E-002  0.220000E+002  0.200000E+001  0.100000E+001  0.500000E+000  0.300000E+000  0.200000E+001  0.100000E+001  0.100000E+001  0.100000E+002
  0.126000E+003  0.500000E+002 -0.293893E+002  0.384508E+002 -0.334132E-002  0.119273E-002  0.354782E-002 -0.235724E-002  0.853583E-003  0.250703E-002  0.220000E+002  0.200000E+001  0.100000E+001  0.500000E+000  0.300000E+000  0.200000E+001  0.100000E+001  0.100000E+001  0.100000E+002
  0.126500E+003  0.500000E+002 -0.297411E+002  0.381928E+002 -0.321750E-002  0.142865E-002  0.352041E-002 -0.235831E-002  0.105540E-002  0.258370E-002  0.220000E+002  0.200000E+001  0.100000E+001  0.500000E+000  0.300000E+000  0.200000E+001  0.100000E+001  0.100000E+001  0.100000E+002
  0.127000E+003  0.500000E+002 -0.300908E+002  0.379318E+002 -0.326581E-002  0.153289E-002  0.360767E-002 -0.243889E-002  0.117577E-002  0.270751E-002  0.220000E+002  0.200000E+001  0.100000E+001  0.500000E+000  0.300000E+000  0.200000E+001  0.100000E+001  0.100000E+001  0.100000E+002
  0.127500E+003  0.500000E+002 -0.304381E+002  0.376677E+002 -0.345295E-002  0.162877E-002  0.381782E-002 -0.261511E-002  0.130576E-002  0.292298E-002  0.220000E+002  0.200000E+001  0.100000E+001  0.500000E+000  0.300000E+000  0.200000E+001  0.100000E+001  0.100000E+001  0.100000E+002
  0.128000E+003  0.500000E+002 -0.307831E+002  0.374005E+002 -0.371615E-002  0.195897E-002  0.420087E-002 -0.282738E-002  0.156062E-002  0.322950E-002  0.220000E+002  0.200000E+001  0.100000E+001  0.500000E+000  0.300000E+000  0.200000E+001  0.100000E+001  0.100000E+001  0.100000E+002
  0.128500E+003  0.500000E+002 -0.311257E+002  0.371304E+002 -0.377960E-002  0.235261E-002  0.445199E-002 -0.293259E-002  0.187586E-002  0.348123E-002  0.220000E+002  0.200000E+001  0.100000E+001  0.500000E+000  0.300000E+000  0.200000E+001  0.100000E+001  0.100000E+001  0.100000E+002
  0.129000E+003  0.500000E+002 -0.314660E+002  0.368573E+002 -0.365529E-002  0.266394E-002  0.452302E-002 -0.292843E-002  0.213348E-002  0.362318E-002  0.220000E+002  0.200000E+001  0.100000E+001  0.500000E+000  0.300000E+000  0.200000E+001  0.100000E+001  0.100000E+001  0.100000E+002
  0.129500E+003  0.500000E+002 -0.318039E+002  0.365812E+002 -0.362052E-002  0.271285E-002  0.452412E-002 -0.296598E-002  0.225678E-002  0.372694E-002  0.220000E+002  0.200000E+001  0.100000E+001  0.500000E+000  0.300000E+000  0.200000E+001  0.100000E+001  0.100000E+001  0.100000E+002
  0.130000E+003  0.500000E+002 -0.321394E+002  0.363022E+002 -0.375196E-002  0.281433E-002  0.469017E-002 -0.311299E-002  0.240225E-002  0.393211E-002  0.220000E+002  0.200000E+001  0.100000E+001  0.500000E+000  0.300000E+000  0.200000E+001  0.100000E+001  0.100000E+001  0.100000E+002
  0.130500E+003  0.500000E+002 -0.324724E+002  0.360203E+002 -0.390377E-002  0.311601E-002  0.499489E-002 -0.326012E-002  0.266594E-002  0.421137E-002  0.220000E+002  0.200000E+001  0.100000E+001  0.500000E+000  0.300000E+000  0.200000E+001  0.100000E+001  0.100000E+001  0.100000E+002
  0.131000E+003  0.500000E+002 -0.328030E+002  0.357355E+002 -0.380086E-002  0.335949E-002  0.507275E-002 -0.327190E-002  0.290904E-002  0.437811E-002  0.220000E+002  0.200000E+001  0.100000E+001  0.500000E+000  0.300000E+000  0.200000E+001  0.100000E+001  0.100000E+001  0.100000E+002
  0.131500E+003  0.500000E+002 -0.331310E+002  0.354478E+002 -0.373399E-002  0.341478E-002  0.505998E-002 -0.330032E-002  0.303187E-002  0.448155E-002  0.220000E+002  0.200000E+001  0.100000E+001  0.500000E+000  0.300000E+000  0.200000E+001  0.100000E+001  0.100000E+001  0.100000E+002
  0.132000E+003  0.500000E+002 -0.334565E+002  0.351572E+002 -0.389500E-002  0.348062E-002  0.522358E-002 -0.345486E-002  0.317016E-002  0.468892E-002  0.220000E+002  0.200000E+001  0.100000E+001  0.500000E+000  0.300000E+000  0.200000E+001  0.100000E+001  0.100000E+001  0.100000E+002
  0.132500E+003  0.500000E+002 -0.337795E+002  0.348639E+002 -0.391972E-002  0.372843E-002  0.540975E-002 -0.354573E-002  0.341361E-002  0.492188E-002  0.220000E+002  0.200000E+001  0.100000E+001  0.500000E+000  0.300000E+000  0.200000E+001  0.100000E+001  0.100000E+001  0.100000E+002
  0.133000E+003  0.500000E+002 -0.340999E+002  0.345677E+002 -0.381434E-002  0.384099E-002  0.541317E-002 -0.355381E-002  0.357276E-002  0.503927E-002  0.220000E+002  0.200000E+001  0.100000E+001  0.500000E+000  0.300000E+000  0.200000E+001  0.100000E+001  0.100000E+001  0.100000E+002
  0.133500E+003  0.500000E+002 -0.344177E+002  0.342687E+002 -0.390589E-002  0.381504E-002  0.545990E-002 -0.367411E-002  0.366039E-002  0.518629E-002  0.220000E+002  0.200000E+001  0.100000E+001  0.500000E+000  0.300000E+000  0.200000E+001  0.100000E+001  0.100000E+001  0.100000E+002
  0.134000E+003  0.500000E+002 -0.347329E+002  0.339670E+002 -0.397411E-002  0.399504E-002  0.563505E-002 -0.379420E-002  0.386336E-002  0.541494E-002  0.220000E+002  0.200000E+001  0.100000E+001  0.500000E+000  0.300000E+000  0.200000E+001  0.100000E+001  0.100000E+001  0.100000E+002
  0.134500E+003  0.500000E+002 -0.350455E+002  0.336625E+002 -0.387948E-002  0.408887E-002  0.563642E-002 -0.381542E-002  0.401042E-002  0.553542E-002  0.220000E+002  0.200000E+001  0.100000E+001  0.500000E+000  0.300000E+000  0.200000E+001  0.100000E+001  0.100000E+001  0.100000E+002
  0.135000E+003  0.500000E+002 -0.353553E+002  0.333553E+002 -0.397524E-002  0.404547E-002  0.567171E-002 -0.394428E-002  0.408331E-002  0.567721E-002  0.220000E+002  0.200000E+001  0.100000E+001  0.500000E+000  0.300000E+000  0.200000E+001  0.100000E+001  0.100000E+001  0.100000E+002
  0.135500E+003  0.500000E+002 -0.356625E+002  0.330455E+002 -0.402009E-002  0.418668E-002  0.580426E-002 -0.405593E-002  0.426228E-002  0.588367E-002  0.220000E+002  0.200000E+001  0.100000E+001  0.500000E+000  0.300000E+000  0.200000E+001  0.100000E+001  0.100000E+001  0.100000E+002
  0.136000E+003  0.500000E+002 -0.359670E+002  0.327329E+002 -0.394042E-002  0.418996E-002  0.575176E-002 -0.409645E-002  0.435312E-002  0.597750E-002  0.220000E+002  0.200000E+001  0.100000E+001  0.500000E+000  0.300000E+000  0.200000E+001  0.100000E+001  0.100000E+001  0.100000E+002
  0.136500E+003  0.500000E+002 -0.362687E+002  0.324177E+002 -0.407670E-002  0.419266E-002  0.584789E-002 -0.425799E-002  0.444176E-002  0.615302E-002  0.220000E+002  0.200000E+001  0.100000E+001  0.500000E+000  0.300000E+000  0.200000E+001  0.100000E+001  0.100000E+001  0.100000E+002
  0.137000E+003  0.500000E+002 -0.365677E+002  0.320999E+002 -0.405008E-002  0.427585E-002  0.588948E-002 -0.433204E-002  0.458101E-002  0.630493E-002  0.220000E+002  0.200000E+001  0.100000E+001  0.500000E+000  0.300000E+000  0.200000E+001  0.100000E+001  0.100000E+001  0.100000E+002
  0.137500E+003  0.500000E+002 -0.368639E+002  0.317795E+002 -0.406946E-002  0.418101E-002  0.583449E-002 -0.443990E-002  0.461114E-002  0.640120E-002  0.220000E+002  0.200000E+001  0.100000E+001  0.500000E+000  0.300000E+000  0.200000E+001  0.100000E+001  0.100000E+001  0.100000E+002
  0.138000E+003  0.500000E+002 -0.371572E+002  0.314565E+002 -0.413812E-002  0.426930E-002  0.594566E-002 -0.457831E-002  0.473822E-002  0.658876E-002  0.220000E+002  0.200000E+001  0.100000E+001  0.500000E+000  0.300000E+000  0.200000E+001  0.100000E+001  0.100000E+001  0.100000E+002
  0.138500E+003  0.500000E+002 -0.374478E+002  0.311310E+002 -0.410740E-002  0.420575E-002  0.587870E-002 -0.465733E-002  0.477639E-002  0.667118E-002  0.220000E+002  0.200000E+001  0.100000E+001  0.500000E+000  0.300000E+000  0.200000E+001  0.100000E+001  0.100000E+001  0.100000E+002
  0.139000E+003  0.500000E+002 -0.377355E+002  0.308030E+002 -0.422955E-002  0.419601E-002  0.595782E-002 -0.482979E-002  0.484463E-002  0.684086E-002  0.220000E+002  0.200000E+001  0.100000E+001  0.500000E+000  0.300000E+000  0.200000E+001  0.100000E+001  0.100000E+001  0.100000E+002
  0.139500E+003  0.500000E+002 -0.380203E+002  0.304724E+002 -0.417212E-002  0.415727E-002  0.588978E-002 -0.490621E-002  0.489219E-002  0.692852E-002  0.220000E+002  0.200000E+001  0.100000E+001  0.500000E+000  0.300000E+000  0.200000E+001  0.100000E+001  0.100000E+001  0.100000E+002
  0.140000E+003  0.500000E+002 -0.383022E+002  0.301394E+002 -0.427567E-002  0.409796E-002  0.592239E-002 -0.507977E-002  0.491810E-002  0.707048E-002  0.220000E+002  0.200000E+001  0.100000E+001  0.500000E+000  0.300000E+000  0.200000E+001  0.100000E+001  0.100000E+001  0.100000E+002
  0.140500E+003  0.500000E+002 -0.385812E+002  0.298039E+002 -0.423855E-002  0.408739E-002  0.588830E-002 -0.517319E-002  0.496585E-002  0.717088E-002  0.220000E+002  0.200000E+001  0.100000E+001  0.500000E+000  0.300000E+000  0.200000E+001  0.100000E+001  0.100000E+001  0.100000E+002
  0.141000E+003  0.500000E+002 -0.388573E+002  0.294660E+002 -0.434747E-002  0.399465E-002  0.590404E-002 -0.535178E-002  0.496134E-002  0.729770E-002  0.220000E+002  0.200000E+001  0.100000E+001  0.500000E+000  0.300000E+000  0.200000E+001  0.100000E+001  0.100000E+001  0.100000E+002
  0.141500E+003  0.500000E+002 -0.391304E+002  0.291257E+002 -0.432399E-002  0.395781E-002  0.586184E-002 -0.545856E-002  0.498616E-002  0.739308E-002  0.220000E+002  0.200000E+001  0.100000E+001  0.500000E+000  0.300000E+000  0.200000E+001  0.100000E+001  0.100000E+001  0.100000E+002
  0.142000E+003  0.500000E+002 -0.394005E+002  0.287831E+002 -0.442035E-002  0.384401E-002  0.585798E-002 -0.563996E-002  0.495982E-002  0.751059E-002  0.220000E+002  0.200000E+001  0.100000E+001  0.500000E+000  0.300000E+000  0.200000E+001  0.100000E+001  0.100000E+001  0.100000E+002
  0.142500E+003  0.500000E+002 -0.396677E+002  0.284381E+002 -0.438304E-002  0.378012E-002  0.578795E-002 -0.574950E-002  0.495452E-002  0.758973E-002  0.220000E+002  0.200000E+001  0.100000E+001  0.500000E+000  0.300000E+000  0.200000E+001  0.100000E+001  0.100000E+001  0.100000E+002
  0.143000E+003  0.500000E+002 -0.399318E+002  0.280908E+002 -0.447540E-002  0.368404E-002  0.579667E-002 -0.593683E-002  0.492066E-002  0.771095E-002  0.220000E+002  0.200000E+001  0.100000E+001  0.500000E+000  0.300000E+000  0.200000E+001  0.100000E+001  0.100000E+001  0.100000E+002
  0.143500E+003  0.500000E+002 -0.401928E+002  0.277411E+002 -0.444241E-002  0.358328E-002  0.570744E-002 -0.605361E-002  0.487602E-002  0.777315E-002  0.220000E+002  0.200000E+001  0.100000E+001  0.500000E+000  0.300000E+000  0.200000E+001  0.100000E+001  0.100000E+001  0.100000E+002
  0.144000E+003  0.500000E+002 -0.404508E+002  0.273893E+002 -0.452927E-002  0.351149E-002  0.573104E-002 -0.624139E-002  0.483959E-002  0.789789E-002  0.220000E+002  0.200000E+001  0.100000E+001  0.500000E+000  0.300000E+000  0.200000E+001  0.100000E+001  0.100000E+001  0.100000E+002
  0.144500E+003  0.500000E+002 -0.407058E+002  0.270351E+002 -0.452424E-002  0.335620E-002  0.563318E-002 -0.637786E-002  0.474777E-002  0.795100E-002  0.220000E+002  0.200000E+001  0.100000E+001  0.500000E+000  0.300000E+000  0.200000E+001  0.100000E+001  0.100000E+001  0.100000E+002
  0.145000E+003  0.500000E+002 -0.409576E+002  0.266788E+002 -0.456544E-002  0.329293E-002  0.562909E-002 -0.654414E-002  0.470073E-002  0.805746E-002  0.220000E+002  0.200000E+001  0.100000E+001  0.500000E+000  0.300000E+000  0.200000E+001  0.100000E+001  0.100000E+001  0.100000E+002
  0.145500E+003  0.500000E+002 -0.412063E+002  0.263203E+002 -0.460849E-002  0.311480E-002  0.556239E-002 -0.671371E-002  0.457847E-002  0.812627E-002  0.220000E+002  0.200000E+001  0.100000E+001  0.500000E+000  0.300000E+000  0.200000E+001  0.100000E+001  0.100000E+001  0.100000E+002
  0.146000E+003  0.500000E+002 -0.414519E+002  0.259596E+002 -0.458538E-002  0.301286E-002  0.548662E-002 -0.684792E-002  0.449073E-002  0.818906E-002  0.220000E+002  0.200000E+001  0.100000E+001  0.500000E+000  0.300000E+000  0.200000E+001  0.100000E+001  0.100000E+001  0.100000E+002
  0.146500E+003  0.500000E+002 -0.416943E+002  0.255968E+002 -0.465084E-002  0.287926E-002  0.546996E-002 -0.703500E-002  0.437387E-002  0.828383E-002  0.220000E+002  0.200000E+001  0.100000E+001  0.500000E+000  0.300000E+000  0.200000E+001  0.100000E+001  0.100000E+001  0.100000E+002
  0.147000E+003  0.500000E+002 -0.419335E+002  0.252320E+002 -0.462826E-002  0.270284E-002  0.535967E-002 -0.717227E-002  0.422178E-002  0.832255E-002  0.220000E+002  0.200000E+001  0.100000E+001  0.500000E+000  0.300000E+000  0.200000E+001  0.100000E+001  0.100000E+001  0.100000E+002
  0.147500E+003  0.500000E+002 -0.421696E+002  0.248650E+002 -0.463154E-002  0.260478E-002  0.531375E-002 -0.732535E-002  0.410357E-002  0.839643E-002  0.220000E+002  0.200000E+001  0.100000E+001  0.500000E+000  0.300000E+000  0.200000E+001  0.100000E+001  0.100000E+001  0.100000E+002
  0.148000E+003  0.500000E+002 -0.424024E+002  0.244960E+002 -0.467053E-002  0.243076E-002  0.526521E-002 -0.749861E-002  0.392991E-002  0.846601E-002  0.220000E+002  0.200000E+001  0.100000E+001  0.500000E+000  0.300000E+000  0.200000E+001  0.100000E+001  0.100000E+001  0.100000E+002
  0.148500E+003  0.500000E+002 -0.426320E+002  0.241249E+002 -0.462829E-002  0.226454E-002  0.515260E-002 -0.762430E-002  0.374945E-002  0.849637E-002  0.220000E+002  0.200000E+001  0.100000E+001  0.500000E+000  0.300000E+000  0.200000E+001  0.100000E+001  0.100000E+001  0.100000E+002
  0.149000E+003  0.500000E+002 -0.428584E+002  0.237519E+002 -0.463032E-002  0.214937E-002  0.510487E-002 -0.777444E-002  0.358640E-002  0.856179E-002  0.220000E+002  0.200000E+001  0.100000E+001  0.500000E+000  0.300000E+000  0.200000E+001  0.100000E+001  0.100000E+001  0.100000E+002
  0.149500E+003  0.500000E+002 -0.430815E+002  0.233769E+002 -0.464928E-002  0.196573E-002  0.504776E-002 -0.793211E-002  0.337169E-002  0.861898E-002  0.220000E+002  0.200000E+001  0.100000E+001  0.500000E+000  0.300000E+000  0.200000E+001  0.100000E+001  0.100000E+001  0.100000E+002
  0.150000E+003  0.500000E+002 -0.433013E+002  0.230000E+002 -0.459899E-002  0.178717E-002  0.493403E-002 -0.804721E-002  0.314794E-002  0.864101E-002  0.220000E+002  0.200000E+001  0.100000E+001  0.500000E+000  0.300000E+000  0.200000E+001  0.100000E+001  0.100000E+001  0.100000E+002
  0.150500E+003  0.500000E+002 -0.435178E+002  0.226212E+002 -0.457230E-002  0.165852E-002  0.486381E-002 -0.817278E-002  0.294046E-002  0.868566E-002  0.220000E+002  0.200000E+001  0.100000E+001  0.500000E+000  0.300000E+000  0.200000E+001  0.100000E+001  0.100000E+001  0.100000E+002
  0.151000E+003  0.500000E+002 -0.437310E+002  0.222405E+002 -0.457756E-002  0.148644E-002  0.481285E-002 -0.831248E-002  0.269518E-002  0.873850E-002  0.220000E+002  0.200000E+001  0.100000E+001  0.500000E+000  0.300000E+000  0.200000E+001  0.100000E+001  0.100000E+001  0.100000E+002
  0.151500E+003  0.500000E+002 -0.439409E+002  0.218579E+002 -0.453059E-002  0.128810E-002  0.471014E-002 -0.841694E-002  0.242223E-002  0.875854E-002  0.220000E+002  0.200000E+001  0.100000E+001  0.500000E+000  0.300000E+000  0.200000E+001  0.100000E+001  0.100000E+001  0.100000E+002
  0.152000E+003  0.500000E+002 -0.441474E+002  0.214736E+002 -0.446268E-002  0.113472E-002  0.460468E-002 -0.850360E-002  0.216251E-002  0.877426E-002  0.220000E+002  0.200000E+001  0.100000E+001  0.500000E+000  0.300000E+000  0.200000E+001  0.100000E+001  0.100000E+001  0.100000E+002
  0.152500E+003  0.500000E+002 -0.443505E+002  0.210874E+002 -0.443206E-002  0.988897E-003  0.454104E-002 -0.860496E-002  0.189415E-002  0.881096E-002  0.220000E+002  0.200000E+001  0.100000E+001  0.500000E+000  0.300000E+000  0.200000E+001  0.100000E+001  0.100000E+001  0.100000E+002
  0.153000E+003  0.500000E+002 -0.445503E+002  0.206995E+002 -0.439972E-002  0.802410E-003  0.447229E-002 -0.869733E-002  0.158950E-002  0.884139E-002  0.220000E+002  0.200000E+001  0.100000E+001  0.500000E+000  0.300000E+000  0.200000E+001  0.100000E+001  0.100000E+001  0.100000E+002
  0.153500E+003  0.500000E+002 -0.447467E+002  0.203099E+002 -0.432297E-002  0.611959E-003  0.436607E-002 -0.875519E-002  0.126993E-002  0.884682E-002  0.220000E+002  0.200000E+001  0.100000E+001  0.500000E+000  0.300000E+000  0.200000E+001  0.100000E+001  0.100000E+001  0.100000E+002
  0.154000E+003  0.500000E+002 -0.449397E+002  0.199186E+002 -0.423221E-002  0.457105E-003  0.425682E-002 -0.879520E-002  0.958305E-003  0.884726E-002  0.220000E+002  0.200000E+001  0.100000E+001  0.500000E+000  0.300000E+000  0.200000E+001  0.100000E+001  0.100000E+001  0.100000E+002
  0.154500E+003  0.500000E+002 -0.451293E+002  0.195256E+002 -0.416373E-002  0.314977E-003  0.417562E-002 -0.883720E-002  0.641505E-003  0.886046E-002  0.220000E+002  0.200000E+001  0.100000E+001  0.500000E+000  0.300000E+000  0.200000E+001  0.100000E+001  0.100000E+001  0.100000E+002
  0.155000E+003  0.500000E+002 -0.453154E+002  0.191309E+002 -0.410165E-002  0.151227E-003  0.410444E-002 -0.887090E-002  0.300112E-003  0.887597E-002  0.220000E+002  0.200000E+001  0.100000E+001  0.500000E+000  0.300000E+000  0.200000E+001  0.100000E+001  0.100000E+001  0.100000E+002
  0.155500E+003  0.500000E+002 -0.454981E+002  0.187347E+002 -0.401276E-002 -0.272380E-004  0.401286E-002 -0.887612E-002 -0.612455E-004  0.887633E-002  0.220000E+002  0.200000E+001  0.100000E+001  0.500000E+000  0.300000E+000  0.200000E+001  0.100000E+001  0.100000E+001  0.100000E+002
  0.156000E+003  0.500000E+002 -0.456773E+002  0.183368E+002 -0.389424E-002 -0.191507E-003  0.389894E-002 -0.885028E-002 -0.425128E-003  0.886048E-002  0.220000E+002  0.200000E+001  0.100000E+001  0.500000E+000  0.300000E+000  0.200000E+001  0.100000E+001  0.100000E+001  0.100000E+002
  0.156500E+003  0.500000E+002 -0.458530E+002  0.179375E+002 -0.376873E-002 -0.331436E-003  0.378328E-002 -0.880530E-002 -0.784814E-003  0.884021E-002  0.220000E+002  0.200000E+001  0.100000E+001  0.500000E+000  0.300000E+000  0.200000E+001  0.100000E+001  0.100000E+001  0.100000E+002
  0.157000E+003  0.500000E+002 -0.460252E+002  0.175366E+002 -0.365254E-002 -0.461564E-003  0.368158E-002 -0.874917E-002 -0.114767E-002  0.882412E-002  0.220000E+002  0.200000E+001  0.100000E+001  0.500000E+000  0.300000E+000  0.200000E+001  0.100000E+001  0.100000E+001  0.100000E+002
  0.157500E+003  0.500000E+002 -0.461940E+002  0.171342E+002 -0.354196E-002 -0.598923E-003  0.359224E-002 -0.867813E-002 -0.152242E-002  0.881066E-002  0.220000E+002  0.200000E+001  0.100000E+001  0.500000E+000  0.300000E+000  0.200000E+001  0.100000E+001  0.100000E+001  0.100000E+002
  0.158000E+003  0.500000E+002 -0.463592E+002  0.167303E+002 -0.342395E-002 -0.745924E-003  0.350426E-002 -0.858301E-002 -0.190949E-002  0.879285E-002  0.220000E+002  0.200000E+001  0.100000E+001  0.500000E+000  0.300000E+000  0.200000E+001  0.100000E+001  0.100000E+001  0.100000E+002
  0.158500E+003  0.500000E+002 -0.465209E+002  0.163251E+002 -0.329055E-002 -0.891770E-003  0.340925E-002 -0.845782E-002 -0.230184E-002  0.876545E-002  0.220000E+002  0.200000E+001  0.100000E+001  0.500000E+000  0.300000E+000  0.200000E+001  0.100000E+001  0.100000E+001  0.100000E+002
  0.159000E+003  0.500000E+002 -0.466790E+002  0.159184E+002 -0.314293E-002 -0.102358E-002  0.330541E-002 -0.830232E-002 -0.269129E-002  0.872763E-002  0.220000E+002  0.200000E+001  0.100000E+001  0.500000E+000  0.300000E+000  0.200000E+001  0.100000E+001  0.100000E+001  0.100000E+002
  0.159500E+003  0.500000E+002 -0.468336E+002  0.155104E+002 -0.298660E-002 -0.113508E-002  0.319503E-002 -0.811930E-002 -0.307306E-002  0.868140E-002  0.220000E+002  0.200000E+001  0.100000E+001  0.500000E+000  0.300000E+000  0.200000E+001  0.100000E+001  0.100000E+001  0.100000E+002
  0.160000E+003  0.500000E+002 -0.469846E+002  0.151010E+002 -0.282599E-002 -0.122832E-002  0.308140E-002 -0.791117E-002 -0.344636E-002  0.862926E-002  0.220000E+002  0.200000E+001  0.100000E+001  0.500000E+000  0.300000E+000  0.200000E+001  0.100000E+001  0.100000E+001  0.100000E+002
  0.160500E+003  0.500000E+002 -0.471321E+002  0.146903E+002 -0.266321E-002 -0.131027E-002  0.296808E-002 -0.767862E-002 -0.381240E-002  0.857296E-002  0.220000E+002  0.200000E+001  0.100000E+001  0.500000E+000  0.300000E+000  0.200000E+001  0.100000E+001  0.100000E+001  0.100000E+002
  0.161000E+003  0.500000E+002 -0.472759E+002  0.142784E+002 -0.249981E-002 -0.138746E-002  0.285904E-002 -0.742119E-002 -0.417194E-002  0.851347E-002  0.220000E+002  0.200000E+001  0.100000E+001  0.500000E+000  0.300000E+000  0.200000E+001  0.100000E+001  0.100000E+001  0.100000E+002
  0.161500E+003  0.500000E+002 -0.474162E+002  0.138652E+002 -0.233781E-002 -0.146157E-002  0.275709E-002 -0.713821E-002 -0.452366E-002  0.845089E-002  0.220000E+002  0.200000E+001  0.100000E+001  0.500000E+000  0.300000E+000  0.200000E+001  0.100000E+001  0.100000E+001  0.100000E+002
  0.162000E+003  0.500000E+002 -0.475528E+002  0.134508E+002 -0.217798E-002 -0.152863E-002  0.266088E-002 -0.682892E-002 -0.486397E-002  0.838406E-002  0.220000E+002  0.200000E+001  0.100000E+001  0.500000E+000  0.300000E+000  0.200000E+001  0.100000E+001  0.100000E+001  0.100000E+002
  0.162500E+003  0.500000E+002 -0.476858E+002  0.130353E+002 -0.201754E-002 -0.158282E-002  0.256433E-002 -0.649219E-002 -0.518835E-002  0.831069E-002  0.220000E+002  0.200000E+001  0.100000E+001  0.500000E+000  0.300000E+000  0.200000E+001  0.100000E+001  0.100000E+001  0.100000E+002
  0.163000E+003  0.500000E+002 -0.478152E+002  0.126186E+002 -0.185158E-002 -0.162220E-002  0.246168E-002 -0.612690E-002 -0.549301E-002  0.822874E-002  0.220000E+002  0.200000E+001  0.100000E+001  0.500000E+000  0.300000E+000  0.200000E+001  0.100000E+001  0.100000E+001  0.100000E+002
  0.163500E+003  0.500000E+002 -0.479410E+002  0.122008E+002 -0.167843E-002 -0.165048E-002  0.235398E-002 -0.573330E-002 -0.577565E-002  0.813811E-002  0.220000E+002  0.200000E+001  0.100000E+001  0.500000E+000  0.300000E+000  0.200000E+001  0.100000E+001  0.100000E+001  0.100000E+002
  0.164000E+003  0.500000E+002 -0.480631E+002  0.117819E+002 -0.150346E-002 -0.167173E-002  0.224835E-002 -0.531386E-002 -0.603408E-002  0.804036E-002  0.220000E+002  0.200000E+001  0.100000E+001  0.500000E+000  0.300000E+000  0.200000E+001  0.100000E+001  0.100000E+001  0.100000E+002
  0.164500E+003  0.500000E+002 -0.481815E+002  0.113619E+002 -0.133471E-002 -0.168358E-002  0.214846E-002 -0.487218E-002 -0.626455E-002  0.793616E-002  0.220000E+002  0.200000E+001  0.100000E+001  0.500000E+000  0.300000E+000  0.200000E+001  0.100000E+001  0.100000E+001  0.100000E+002
  0.165000E+003  0.500000E+002 -0.482963E+002  0.109410E+002 -0.117394E-002 -0.167873E-002  0.204848E-002 -0.441057E-002 -0.646205E-002  0.782376E-002  0.220000E+002  0.200000E+001  0.100000E+001  0.500000E+000  0.300000E+000  0.200000E+001  0.100000E+001  0.100000E+001  0.100000E+002
  0.165500E+003  0.500000E+002 -0.484074E+002  0.105190E+002 -0.101521E-002 -0.165495E-002  0.194153E-002 -0.392975E-002 -0.662297E-002  0.770108E-002  0.220000E+002  0.200000E+001  0.100000E+001  0.500000E+000  0.300000E+000  0.200000E+001  0.100000E+001  0.100000E+001  0.100000E+002
  0.166000E+003  0.500000E+002 -0.485148E+002  0.100961E+002 -0.855325E-003 -0.161961E-002  0.183159E-002 -0.343152E-002 -0.674627E-002  0.756885E-002  0.220000E+002  0.200000E+001  0.100000E+001  0.500000E+000  0.300000E+000  0.200000E+001  0.100000E+001  0.100000E+001  0.100000E+002
  0.166500E+003  0.500000E+002 -0.486185E+002  0.967227E+001 -0.701720E-003 -0.157949E-002  0.172835E-002 -0.292086E-002 -0.683092E-002  0.742920E-002  0.220000E+002  0.200000E+001  0.100000E+001  0.500000E+000  0.300000E+000  0.200000E+001  0.100000E+001  0.100000E+001  0.100000E+002
  0.167000E+003  0.500000E+002 -0.487185E+002  0.924755E+001 -0.563206E-003 -0.152991E-002  0.163029E-002 -0.240358E-002 -0.687314E-002  0.728130E-002  0.220000E+002  0.200000E+001  0.100000E+001  0.500000E+000  0.300000E+000  0.200000E+001  0.100000E+001  0.100000E+001  0.100000E+002
  0.167500E+003  0.500000E+002 -0.488148E+002  0.882198E+001 -0.436357E-003 -0.146273E-002  0.152643E-002 -0.188276E-002 -0.686853E-002  0.712190E-002  0.220000E+002  0.200000E+001  0.100000E+001  0.500000E+000  0.300000E+000  0.200000E+001  0.100000E+001  0.100000E+001  0.100000E+002
  0.168000E+003  0.500000E+002 -0.489074E+002  0.839558E+001 -0.312127E-003 -0.138239E-002  0.141719E-002 -0.136049E-002 -0.681631E-002  0.695076E-002  0.220000E+002  0.200000E+001  0.100000E+001  0.500000E+000  0.300000E+000  0.200000E+001  0.100000E+001  0.100000E+001  0.100000E+002
  0.168500E+003  0.500000E+002 -0.489962E+002  0.796840E+001 -0.194048E-003 -0.130062E-002  0.131502E-002 -0.842487E-003 -0.671811E-002  0.677073E-002  0.220000E+002  0.200000E+001  0.100000E+001  0.500000E+000  0.300000E+000  0.200000E+001  0.100000E+001  0.100000E+001  0.100000E+002
  0.169000E+003  0.500000E+002 -0.490814E+002  0.754045E+001 -0.937488E-004 -0.121624E-002  0.121985E-002 -0.336991E-003 -0.657283E-002  0.658146E-002  0.220000E+002  0.200000E+001  0.100000E+001  0.500000E+000  0.300000E+000  0.200000E+001  0.100000E+001  0.100000E+001  0.100000E+002
  0.169500E+003  0.500000E+002 -0.491627E+002  0.711178E+001 -0.893512E-005 -0.111932E-002  0.111936E-002  0.150957E-003 -0.637784E-002  0.637963E-002  0.220000E+002  0.200000E+001  0.100000E+001  0.500000E+000  0.300000E+000  0.200000E+001  0.100000E+001  0.100000E+001  0.100000E+002
  0.170000E+003  0.500000E+002 -0.492404E+002  0.668241E+001  0.721416E-004 -0.101507E-002  0.101763E-002  0.618441E-003 -0.613521E-002  0.616630E-002  0.220000E+002  0.200000E+001  0.100000E+001  0.500000E+000  0.300000E+000  0.200000E+001  0.100000E+001  0.100000E+001  0.100000E+002
  0.170500E+003  0.500000E+002 -0.493143E+002  0.625238E+001  0.144984E-003 -0.918234E-003  0.929610E-003  0.105805E-002 -0.585038E-002  0.594528E-002  0.220000E+002  0.200000E+001  0.100000E+001  0.500000E+000  0.300000E+000  0.200000E+001  0.100000E+001  0.100000E+001  0.100000E+002
  0.171000E+003  0.500000E+002 -0.493844E+002  0.582172E+001  0.196204E-003 -0.825934E-003  0.848919E-003  0.145981E-002 -0.552513E-002  0.571473E-002  0.220000E+002  0.200000E+001  0.100000E+001  0.500000E+000  0.300000E+000  0.200000E+001  0.100000E+001  0.100000E+001  0.100000E+002
  0.171500E+003  0.500000E+002 -0.494508E+002  0.539047E+001  0.231500E-003 -0.727786E-003  0.763718E-003  0.181856E-002 -0.516007E-002  0.547115E-002  0.220000E+002  0.200000E+001  0.100000E+001  0.500000E+000  0.300000E+000  0.200000E+001  0.100000E+001  0.100000E+001  0.100000E+002
  0.172000E+003  0.500000E+002 -0.495134E+002  0.495866E+001  0.261129E-003 -0.633588E-003  0.685290E-003  0.213051E-002 -0.476173E-002  0.521663E-002  0.220000E+002  0.200000E+001  0.100000E+001  0.500000E+000  0.300000E+000  0.200000E+001  0.100000E+001  0.100000E+001  0.100000E+002
  0.172500E+003  0.500000E+002 -0.495722E+002  0.452631E+001  0.273555E-003 -0.552909E-003  0.616880E-003  0.238682E-002 -0.433728E-002  0.495065E-002  0.220000E+002  0.200000E+001  0.100000E+001  0.500000E+000  0.300000E+000  0.200000E+001  0.100000E+001  0.100000E+001  0.100000E+002
  0.173000E+003  0.500000E+002 -0.496273E+002  0.409347E+001  0.262553E-003 -0.471198E-003  0.539409E-003  0.258102E-002 -0.388841E-002  0.466705E-002  0.220000E+002  0.200000E+001  0.100000E+001  0.500000E+000  0.300000E+000  0.200000E+001  0.100000E+001  0.100000E+001  0.100000E+002
  0.173500E+003  0.500000E+002 -0.496786E+002  0.366016E+001  0.246906E-003 -0.383336E-003  0.455970E-003  0.271449E-002 -0.342032E-002  0.436659E-002  0.220000E+002  0.200000E+001  0.100000E+001  0.500000E+000  0.300000E+000  0.200000E+001  0.100000E+001  0.100000E+001  0.100000E+002
  0.174000E+003  0.500000E+002 -0.497261E+002  0.322642E+001  0.231914E-003 -0.306637E-003  0.384461E-003  0.278663E-002 -0.294553E-002  0.405481E-002  0.220000E+002  0.200000E+001  0.100000E+001  0.500000E+000  0.300000E+000  0.200000E+001  0.100000E+001  0.100000E+001  0.100000E+002
  0.174500E+003  0.500000E+002 -0.497698E+002  0.279229E+001  0.206429E-003 -0.240226E-003  0.316736E-003  0.279350E-002 -0.247359E-002  0.373126E-002  0.220000E+002  0.200000E+001  0.100000E+001  0.500000E+000  0.300000E+000  0.200000E+001  0.100000E+001  0.100000E+001  0.100000E+002
