 % the field is uss
 %psi, R, x, z, re(u), im(u), abs(u), re(w), im(w), abs(w)
  0.634349E+002  0.223607E+001  0.100000E+001  0.000000E+000  0.274525E-002  0.232115E-002  0.359501E-002 -0.142100E-002 -0.909493E-003  0.168713E-002
  0.611892E+002  0.228254E+001  0.110000E+001  0.000000E+000 -0.183928E-002  0.350657E-002  0.395967E-002  0.772626E-003 -0.185579E-002  0.201020E-002
  0.590362E+002  0.233238E+001  0.120000E+001  0.000000E+000 -0.390395E-002 -0.141796E-002  0.415348E-002  0.216861E-002  0.684442E-003  0.227405E-002
  0.569761E+002  0.238537E+001  0.130000E+001  0.000000E+000  0.120877E-002 -0.394531E-002  0.412633E-002 -0.723674E-003  0.232719E-002  0.243711E-002
  0.550080E+002  0.244131E+001  0.140000E+001  0.000000E+000  0.366303E-002  0.127174E-002  0.387752E-002 -0.229937E-002 -0.920507E-003  0.247678E-002
  0.531301E+002  0.250000E+001  0.150000E+001  0.000000E+000 -0.157227E-002  0.311655E-002  0.349069E-002  0.123469E-002 -0.206654E-002  0.240729E-002
  0.513402E+002  0.256125E+001  0.160000E+001  0.000000E+000 -0.241637E-002 -0.201368E-002  0.314543E-002  0.166600E-002  0.156225E-002  0.228390E-002
  0.496355E+002  0.262488E+001  0.170000E+001  0.000000E+000  0.251965E-002 -0.173281E-002  0.305799E-002 -0.180197E-002  0.123735E-002  0.218589E-002
  0.480128E+002  0.269072E+001  0.180000E+001  0.000000E+000  0.122995E-002  0.314520E-002  0.337713E-002 -0.100478E-002 -0.198868E-002  0.222809E-002
  0.464688E+002  0.275862E+001  0.190000E+001  0.000000E+000 -0.412359E-002  0.886009E-003  0.421770E-002  0.241982E-002 -0.110998E-002  0.266225E-002
  0.450000E+002  0.282843E+001  0.200000E+001  0.000000E+000 -0.266773E-003 -0.570560E-002  0.571184E-002  0.129360E-002  0.359392E-002  0.381964E-002
  0.436028E+002  0.290000E+001  0.210000E+001  0.000000E+000  0.772201E-002  0.151243E-002  0.786873E-002 -0.577174E-002  0.640331E-003  0.580715E-002
  0.422737E+002  0.297321E+001  0.220000E+001  0.000000E+000 -0.532415E-002  0.907760E-002  0.105238E-001  0.217220E-002 -0.823034E-002  0.851216E-002
  0.410091E+002  0.304795E+001  0.230000E+001  0.000000E+000 -0.773902E-002 -0.110076E-001  0.134559E-001  0.880059E-002  0.778143E-002  0.117474E-001
  0.398056E+002  0.312410E+001  0.240000E+001  0.000000E+000  0.163755E-001 -0.180707E-002  0.164749E-001 -0.145840E-001  0.463348E-002  0.153023E-001
  0.386598E+002  0.320156E+001  0.250000E+001  0.000000E+000 -0.845553E-002  0.174334E-001  0.193758E-001  0.540144E-002 -0.181467E-001  0.189336E-001
  0.375686E+002  0.328024E+001  0.260000E+001  0.000000E+000 -0.106819E-001 -0.190596E-001  0.218488E-001  0.132682E-001  0.179755E-001  0.223420E-001
  0.365289E+002  0.336006E+001  0.270000E+001  0.000000E+000  0.233029E-001  0.333273E-002  0.235400E-001 -0.251715E-001 -0.138736E-002  0.252097E-001
  0.355377E+002  0.344093E+001  0.280000E+001  0.000000E+000 -0.181499E-001  0.161329E-001  0.242835E-001  0.194260E-001 -0.191990E-001  0.273125E-001
  0.345923E+002  0.352278E+001  0.290000E+001  0.000000E+000  0.661720E-003 -0.242428E-001  0.242518E-001 -0.347088E-004  0.285966E-001  0.285966E-001
  0.336901E+002  0.360555E+001  0.300000E+001  0.000000E+000  0.161369E-001  0.174167E-001  0.237432E-001 -0.198111E-001 -0.213028E-001  0.290911E-001
  0.328285E+002  0.368917E+001  0.310000E+001  0.000000E+000 -0.226914E-001 -0.164614E-002  0.227510E-001  0.285630E-001  0.299038E-002  0.287191E-001
  0.320054E+002  0.377359E+001  0.320000E+001  0.000000E+000  0.164333E-001 -0.129103E-001  0.208981E-001 -0.227869E-001  0.149731E-001  0.272661E-001
  0.312184E+002  0.385876E+001  0.330000E+001  0.000000E+000 -0.336019E-002  0.175635E-001  0.178820E-001  0.834903E-002 -0.231498E-001  0.246093E-001
  0.304655E+002  0.394462E+001  0.340000E+001  0.000000E+000 -0.631124E-002 -0.123352E-001  0.138560E-001  0.476662E-002  0.204548E-001  0.210029E-001
  0.297449E+002  0.403113E+001  0.350000E+001  0.000000E+000  0.798960E-002  0.502918E-002  0.944067E-002 -0.110076E-001 -0.132565E-001  0.172309E-001
  0.290546E+002  0.411825E+001  0.360000E+001  0.000000E+000 -0.555613E-002 -0.206151E-002  0.592625E-002  0.123663E-001  0.780242E-002  0.146220E-001
  0.283930E+002  0.420595E+001  0.370000E+001  0.000000E+000  0.511995E-002  0.280931E-002  0.584005E-002 -0.136107E-001 -0.468138E-002  0.143933E-001
  0.277585E+002  0.429418E+001  0.380000E+001  0.000000E+000 -0.801377E-002 -0.215563E-002  0.829863E-002  0.160660E-001  0.464175E-003  0.160727E-001
  0.271497E+002  0.438292E+001  0.390000E+001  0.000000E+000  0.100461E-001 -0.242606E-002  0.103349E-001 -0.167332E-001  0.658274E-002  0.179815E-001
  0.265651E+002  0.447214E+001  0.400000E+001  0.000000E+000 -0.777302E-002  0.785042E-002  0.110476E-001  0.128935E-001 -0.139432E-001  0.189909E-001
  0.260033E+002  0.456180E+001  0.410000E+001  0.000000E+000  0.260023E-002 -0.102788E-001  0.106026E-001 -0.554101E-002  0.180145E-001  0.188474E-001
  0.254633E+002  0.465188E+001  0.420000E+001  0.000000E+000  0.228135E-002  0.914689E-002  0.942710E-002 -0.212267E-002 -0.176371E-001  0.177643E-001
  0.249439E+002  0.474236E+001  0.430000E+001  0.000000E+000 -0.486158E-002 -0.599438E-002  0.771800E-002  0.751363E-002  0.142320E-001  0.160936E-001
  0.244440E+002  0.483322E+001  0.440000E+001  0.000000E+000  0.476953E-002  0.321343E-002  0.575105E-002 -0.100582E-001 -0.103214E-001  0.144118E-001
  0.239625E+002  0.492443E+001  0.450000E+001  0.000000E+000 -0.390612E-002 -0.254958E-002  0.466456E-002  0.112953E-001  0.756299E-002  0.135935E-001
  0.234986E+002  0.501597E+001  0.460000E+001  0.000000E+000  0.463267E-002  0.290179E-002  0.546645E-002 -0.130418E-001 -0.529218E-002  0.140746E-001
  0.230513E+002  0.510784E+001  0.470000E+001  0.000000E+000 -0.663572E-002 -0.177961E-002  0.687021E-002  0.150895E-001  0.173138E-002  0.151885E-001
  0.226199E+002  0.520000E+001  0.480000E+001  0.000000E+000  0.754251E-002 -0.133145E-002  0.765912E-002 -0.155445E-001  0.341291E-002  0.159147E-001
  0.222035E+002  0.529245E+001  0.490000E+001  0.000000E+000 -0.592250E-002  0.447072E-002  0.742046E-002  0.132619E-001 -0.835024E-002  0.156718E-001
  0.218014E+002  0.538516E+001  0.500000E+001  0.000000E+000  0.294680E-002 -0.543958E-002  0.618649E-002 -0.931770E-002  0.111293E-001  0.145149E-001
  0.214130E+002  0.547814E+001  0.510000E+001  0.000000E+000 -0.110156E-002  0.442770E-002  0.456267E-002  0.583944E-002 -0.117611E-001  0.131310E-001
  0.210375E+002  0.557136E+001  0.520000E+001  0.000000E+000  0.100286E-002 -0.365038E-002  0.378563E-002 -0.359936E-002  0.118891E-001  0.124220E-001
  0.206744E+002  0.566480E+001  0.530000E+001  0.000000E+000 -0.104639E-002  0.413592E-002  0.426623E-002  0.161262E-002 -0.125247E-001  0.126281E-001
  0.203231E+002  0.575847E+001  0.540000E+001  0.000000E+000  0.126849E-003 -0.498626E-002  0.498788E-002  0.110064E-002  0.131734E-001  0.132193E-001
  0.199831E+002  0.585235E+001  0.550000E+001  0.000000E+000  0.157244E-002  0.521305E-002  0.544504E-002 -0.447703E-002 -0.128791E-001  0.136351E-001
  0.196538E+002  0.594643E+001  0.560000E+001  0.000000E+000 -0.334401E-002 -0.430441E-002  0.545072E-002  0.767810E-002  0.111524E-001  0.135399E-001
  0.193348E+002  0.604070E+001  0.570000E+001  0.000000E+000  0.412816E-002  0.249700E-002  0.482460E-002 -0.969649E-002 -0.840359E-002  0.128313E-001
  0.190256E+002  0.613514E+001  0.580000E+001  0.000000E+000 -0.357986E-002 -0.107038E-002  0.373646E-002  0.102970E-001  0.579670E-002  0.118165E-001
  0.187258E+002  0.622977E+001  0.590000E+001  0.000000E+000  0.281446E-002  0.879211E-003  0.294860E-002 -0.103807E-001 -0.408885E-002  0.111569E-001
  0.184349E+002  0.632456E+001  0.600000E+001  0.000000E+000 -0.299401E-002 -0.123882E-002  0.324018E-002  0.109246E-001  0.280481E-002  0.112789E-001
  0.181527E+002  0.641950E+001  0.610000E+001  0.000000E+000  0.396904E-002  0.877437E-003  0.406487E-002 -0.118298E-001 -0.928112E-003  0.118661E-001
  0.178787E+002  0.651460E+001  0.620000E+001  0.000000E+000 -0.450123E-002  0.599408E-003  0.454097E-002  0.120816E-001 -0.179779E-002  0.122146E-001
  0.176126E+002  0.660984E+001  0.630000E+001  0.000000E+000  0.370666E-002 -0.212272E-002  0.427145E-002 -0.110230E-001  0.446426E-002  0.118927E-001
  0.173540E+002  0.670522E+001  0.640000E+001  0.000000E+000 -0.233941E-002  0.247406E-002  0.340497E-002  0.924446E-002 -0.608881E-002  0.110695E-001
  0.171027E+002  0.680074E+001  0.650000E+001  0.000000E+000  0.169397E-002 -0.200246E-002  0.262286E-002 -0.779095E-002  0.681393E-002  0.103503E-001
  0.168584E+002  0.689638E+001  0.660000E+001  0.000000E+000 -0.180425E-002  0.180604E-002  0.255286E-002  0.688847E-002 -0.747591E-002  0.101656E-001
  0.166208E+002  0.699214E+001  0.670000E+001  0.000000E+000  0.195280E-002 -0.219685E-002  0.293931E-002 -0.601746E-002  0.849676E-002  0.104118E-001
  0.163895E+002  0.708802E+001  0.680000E+001  0.000000E+000 -0.167053E-002  0.291151E-002  0.335671E-002  0.466512E-002 -0.966792E-002  0.107346E-001
  0.161645E+002  0.718401E+001  0.690000E+001  0.000000E+000  0.770617E-003 -0.344236E-002  0.352757E-002 -0.271885E-002  0.104448E-001  0.107929E-001
  0.159454E+002  0.728011E+001  0.700000E+001  0.000000E+000  0.335287E-003  0.322111E-002  0.323851E-002  0.632130E-003 -0.103830E-001  0.104022E-001
  0.157320E+002  0.737631E+001  0.710000E+001  0.000000E+000 -0.843524E-003 -0.242613E-002  0.256859E-002  0.917596E-003  0.967847E-002  0.972187E-002
  0.155241E+002  0.747262E+001  0.720000E+001  0.000000E+000  0.613227E-003  0.189443E-002  0.199121E-002 -0.179258E-002 -0.903780E-002  0.921386E-002
  0.153215E+002  0.756902E+001  0.730000E+001  0.000000E+000 -0.325124E-003 -0.208869E-002  0.211385E-002  0.255375E-002  0.887477E-002  0.923489E-002
  0.151240E+002  0.766551E+001  0.740000E+001  0.000000E+000  0.702919E-003  0.260527E-002  0.269843E-002 -0.379294E-002 -0.884236E-002  0.962153E-002
  0.149314E+002  0.776209E+001  0.750000E+001  0.000000E+000 -0.166749E-002 -0.255183E-002  0.304834E-002  0.539646E-002  0.823704E-002  0.984737E-002
  0.147436E+002  0.785875E+001  0.760000E+001  0.000000E+000  0.227559E-002  0.169140E-002  0.283534E-002 -0.662588E-002 -0.691187E-002  0.957477E-002
  0.145603E+002  0.795550E+001  0.770000E+001  0.000000E+000 -0.203711E-002 -0.877388E-003  0.221802E-002  0.708314E-002  0.550757E-002  0.897241E-002
  0.143814E+002  0.805233E+001  0.780000E+001  0.000000E+000  0.158357E-002  0.734850E-003  0.174576E-002 -0.718061E-002 -0.457119E-002  0.851217E-002
  0.142068E+002  0.814923E+001  0.790000E+001  0.000000E+000 -0.153019E-002 -0.932932E-003  0.179217E-002  0.746421E-002  0.396179E-002  0.845046E-002
  0.140362E+002  0.824621E+001  0.800000E+001  0.000000E+000  0.185531E-002  0.990769E-003  0.210328E-002 -0.802546E-002 -0.324260E-002  0.865577E-002
  0.138697E+002  0.834326E+001  0.810000E+001  0.000000E+000 -0.229077E-002 -0.668674E-003  0.238637E-002  0.858660E-002  0.214428E-002  0.885029E-002
  0.137070E+002  0.844038E+001  0.820000E+001  0.000000E+000  0.242451E-002 -0.128519E-004  0.242455E-002 -0.875542E-002 -0.747684E-003  0.878729E-002
  0.135479E+002  0.853756E+001  0.830000E+001  0.000000E+000 -0.203298E-002  0.592753E-003  0.211763E-002  0.838472E-002 -0.525094E-003  0.840115E-002
  0.133925E+002  0.863481E+001  0.840000E+001  0.000000E+000  0.148716E-002 -0.650099E-003  0.162305E-002 -0.779939E-002  0.132248E-002  0.791072E-002
  0.132405E+002  0.873212E+001  0.850000E+001  0.000000E+000 -0.132046E-002  0.348884E-003  0.136577E-002  0.746480E-002 -0.177646E-002  0.767327E-002
  0.130919E+002  0.882950E+001  0.860000E+001  0.000000E+000  0.163820E-002 -0.237006E-003  0.165526E-002 -0.746534E-002  0.236327E-002  0.783047E-002
  0.129465E+002  0.892693E+001  0.870000E+001  0.000000E+000 -0.196231E-002  0.690188E-003  0.208014E-002  0.738385E-002 -0.336212E-002  0.811327E-002
  0.128043E+002  0.902441E+001  0.880000E+001  0.000000E+000  0.169727E-002 -0.136150E-002  0.217586E-002 -0.678008E-002  0.446531E-002  0.811840E-002
  0.126651E+002  0.912195E+001  0.890000E+001  0.000000E+000 -0.102017E-002  0.152873E-002  0.183787E-002  0.580110E-002 -0.513063E-002  0.774442E-002
  0.125288E+002  0.921954E+001  0.900000E+001  0.000000E+000  0.657419E-003 -0.118869E-002  0.135837E-002 -0.499097E-002  0.531727E-002  0.729267E-002
  0.123954E+002  0.931719E+001  0.910000E+001  0.000000E+000 -0.767611E-003  0.947732E-003  0.121960E-002  0.454952E-002 -0.546361E-002  0.710979E-002
  0.122648E+002  0.941488E+001  0.920000E+001  0.000000E+000  0.956888E-003 -0.106574E-002  0.143229E-002 -0.420917E-002  0.585957E-002  0.721469E-002
  0.121368E+002  0.951262E+001  0.930000E+001  0.000000E+000 -0.930513E-003  0.140261E-002  0.168320E-002  0.365709E-002 -0.642446E-002  0.739243E-002
  0.120115E+002  0.961041E+001  0.940000E+001  0.000000E+000  0.585393E-003 -0.169488E-002  0.179313E-002 -0.279526E-002  0.687763E-002  0.742396E-002
  0.118887E+002  0.970824E+001  0.950000E+001  0.000000E+000 -0.927324E-004  0.165201E-002  0.165461E-002  0.181349E-002 -0.697098E-002  0.720301E-002
  0.117683E+002  0.980612E+001  0.960000E+001  0.000000E+000 -0.161282E-003 -0.130439E-002  0.131432E-002 -0.104425E-002  0.674878E-002  0.682909E-002
  0.116503E+002  0.990404E+001  0.970000E+001  0.000000E+000  0.426467E-004  0.102449E-002  0.102538E-002  0.607850E-003 -0.653448E-002  0.656269E-002
  0.115346E+002  0.100020E+002  0.980000E+001  0.000000E+000  0.189016E-003 -0.110218E-002  0.111827E-002 -0.270986E-003  0.658657E-002  0.659214E-002
  0.114212E+002  0.101000E+002  0.990000E+001  0.000000E+000 -0.124125E-003  0.145616E-002  0.146144E-002 -0.315759E-003 -0.680639E-002  0.681371E-002
  0.113099E+002  0.101980E+002  0.100000E+002  0.000000E+000 -0.357347E-003 -0.161169E-002  0.165083E-002  0.120552E-002  0.680253E-002  0.690853E-002
  0.112008E+002  0.102961E+002  0.101000E+002  0.000000E+000  0.781587E-003  0.126567E-002  0.148755E-002 -0.202153E-002 -0.637132E-002  0.668433E-002
  0.110937E+002  0.103942E+002  0.102000E+002  0.000000E+000 -0.717010E-003 -0.821621E-003  0.109049E-002  0.244062E-002  0.580946E-002  0.630130E-002
  0.109887E+002  0.104924E+002  0.103000E+002  0.000000E+000  0.438906E-003  0.759427E-003  0.877136E-003 -0.262928E-002 -0.549417E-002  0.609089E-002
  0.108855E+002  0.105906E+002  0.104000E+002  0.000000E+000 -0.388946E-003 -0.963614E-003  0.103915E-002  0.294321E-002  0.540198E-002  0.615174E-002
  0.107843E+002  0.106888E+002  0.105000E+002  0.000000E+000  0.610688E-003  0.110239E-002  0.126024E-002 -0.348377E-002 -0.525630E-002  0.630598E-002
  0.106849E+002  0.107870E+002  0.106000E+002  0.000000E+000 -0.926100E-003 -0.100392E-002  0.136584E-002  0.408906E-002  0.486309E-002  0.635375E-002
  0.105873E+002  0.108853E+002  0.107000E+002  0.000000E+000  0.109054E-002  0.679869E-003  0.128511E-002 -0.451760E-002 -0.424876E-002  0.620167E-002
  0.104915E+002  0.109836E+002  0.108000E+002  0.000000E+000 -0.967488E-003 -0.375435E-003  0.103778E-002  0.466088E-002  0.364015E-002  0.591393E-002
  0.103973E+002  0.110820E+002  0.109000E+002  0.000000E+000  0.727997E-003  0.330326E-003  0.799434E-003 -0.466733E-002 -0.324762E-002  0.568603E-002
  0.103048E+002  0.111803E+002  0.110000E+002  0.000000E+000 -0.653597E-003 -0.506619E-003  0.826953E-003  0.479318E-002  0.304190E-002  0.567695E-002
  0.102140E+002  0.112787E+002  0.111000E+002  0.000000E+000  0.869530E-003  0.643379E-003  0.108167E-002 -0.513853E-002 -0.277631E-002  0.584058E-002
  0.101247E+002  0.113772E+002  0.112000E+002  0.000000E+000 -0.118632E-002 -0.455749E-003  0.127085E-002  0.551015E-002  0.223203E-002  0.594506E-002
  0.100369E+002  0.114756E+002  0.113000E+002  0.000000E+000  0.119516E-002  0.287065E-004  0.119550E-002 -0.559824E-002 -0.151361E-002  0.579925E-002
  0.995063E+001  0.115741E+002  0.114000E+002  0.000000E+000 -0.864262E-003  0.167050E-003  0.880258E-003  0.539576E-002  0.972635E-003  0.548272E-002
  0.986581E+001  0.116726E+002  0.115000E+002  0.000000E+000  0.649920E-003  0.698406E-005  0.649958E-003 -0.523288E-002 -0.725402E-003  0.528291E-002
  0.978241E+001  0.117712E+002  0.116000E+002  0.000000E+000 -0.767636E-003 -0.181654E-003  0.788836E-003  0.530584E-002  0.518546E-003  0.533112E-002
  0.970039E+001  0.118697E+002  0.117000E+002  0.000000E+000  0.987656E-003  0.105995E-003  0.993327E-003 -0.547055E-002 -0.117345E-003  0.547181E-002
  0.961973E+001  0.119683E+002  0.118000E+002  0.000000E+000 -0.106782E-002  0.151539E-003  0.107852E-002  0.549483E-002 -0.454413E-003  0.551358E-002
  0.954038E+001  0.120669E+002  0.119000E+002  0.000000E+000  0.926675E-003 -0.398180E-003  0.100860E-002 -0.528948E-002  0.100707E-002  0.538450E-002
  0.946232E+001  0.121655E+002  0.120000E+002  0.000000E+000 -0.675482E-003  0.444877E-003  0.808821E-003  0.496469E-002 -0.136847E-002  0.514984E-002
  0.938552E+001  0.122642E+002  0.121000E+002  0.000000E+000  0.546283E-003 -0.302878E-003  0.624628E-003 -0.472421E-002  0.154751E-002  0.497121E-002
  0.930994E+001  0.123628E+002  0.122000E+002  0.000000E+000 -0.629023E-003  0.175366E-003  0.653011E-003  0.465796E-002 -0.172299E-002  0.496641E-002
  0.923556E+001  0.124615E+002  0.123000E+002  0.000000E+000  0.811521E-003 -0.237970E-003  0.845692E-003 -0.465657E-002  0.206248E-002  0.509288E-002
  0.916235E+001  0.125603E+002  0.124000E+002  0.000000E+000 -0.860824E-003  0.509158E-003  0.100013E-002  0.450444E-002 -0.255356E-002  0.517790E-002
  0.909028E+001  0.126590E+002  0.125000E+002  0.000000E+000  0.617102E-003 -0.735612E-003  0.960177E-003 -0.410574E-002  0.296852E-002  0.506648E-002
  0.901932E+001  0.127577E+002  0.126000E+002  0.000000E+000 -0.313210E-003  0.635487E-003  0.708480E-003  0.365871E-002 -0.311248E-002  0.480351E-002
  0.894946E+001  0.128565E+002  0.127000E+002  0.000000E+000  0.308035E-003 -0.383284E-003  0.491724E-003 -0.342435E-002  0.311716E-002  0.463064E-002
  0.888066E+001  0.129553E+002  0.128000E+002  0.000000E+000 -0.512567E-003  0.355087E-003  0.623548E-003  0.335751E-002 -0.326225E-002  0.468137E-002
  0.881290E+001  0.130541E+002  0.129000E+002  0.000000E+000  0.593843E-003 -0.558356E-003  0.815114E-003 -0.320585E-002  0.358996E-002  0.481303E-002
  0.874616E+001  0.131529E+002  0.130000E+002  0.000000E+000 -0.454812E-003  0.751127E-003  0.878092E-003  0.285267E-002 -0.391171E-002  0.484140E-002
  0.868042E+001  0.132518E+002  0.131000E+002  0.000000E+000  0.219332E-003 -0.770788E-003  0.801386E-003 -0.239746E-002  0.406083E-002  0.471574E-002
  0.861565E+001  0.133507E+002  0.132000E+002  0.000000E+000 -0.773790E-004  0.620629E-003  0.625434E-003  0.201997E-002 -0.403809E-002  0.451513E-002
  0.855183E+001  0.134495E+002  0.133000E+002  0.000000E+000  0.124534E-003 -0.472198E-003  0.488344E-003 -0.180606E-002  0.399396E-002  0.438333E-002
  0.848894E+001  0.135484E+002  0.134000E+002  0.000000E+000 -0.251426E-003  0.479930E-003  0.541800E-003  0.166903E-002 -0.406986E-002  0.439880E-002
  0.842697E+001  0.136473E+002  0.135000E+002  0.000000E+000  0.292943E-003 -0.628898E-003  0.693778E-003 -0.145036E-002  0.426210E-002  0.450211E-002
  0.836589E+001  0.137463E+002  0.136000E+002  0.000000E+000 -0.155246E-003  0.788914E-003  0.804044E-003  0.106600E-002 -0.443167E-002  0.455807E-002
  0.830568E+001  0.138452E+002  0.137000E+002  0.000000E+000 -0.101179E-003 -0.764175E-003  0.770844E-003 -0.603305E-003  0.441626E-002  0.445728E-002
  0.824632E+001  0.139442E+002  0.138000E+002  0.000000E+000  0.206292E-003  0.526807E-003  0.565758E-003  0.277026E-003 -0.422828E-002  0.423734E-002
  0.818780E+001  0.140431E+002  0.139000E+002  0.000000E+000 -0.438381E-004 -0.377227E-003  0.379765E-003 -0.156546E-003  0.409602E-002  0.409901E-002
  0.813010E+001  0.141421E+002  0.140000E+002  0.000000E+000 -0.105999E-003  0.502693E-003  0.513747E-003  0.403908E-004 -0.415852E-002  0.415872E-002
  0.807320E+001  0.142411E+002  0.141000E+002  0.000000E+000  0.145290E-004 -0.689389E-003  0.689542E-003  0.255553E-003  0.427288E-002  0.428051E-002
  0.801709E+001  0.143402E+002  0.142000E+002  0.000000E+000  0.202808E-003  0.701946E-003  0.730657E-003 -0.666744E-003 -0.423934E-002  0.429145E-002
  0.796175E+001  0.144392E+002  0.143000E+002  0.000000E+000 -0.337516E-003 -0.546063E-003  0.641952E-003  0.100929E-002  0.403771E-002  0.416195E-002
  0.790716E+001  0.145382E+002  0.144000E+002  0.000000E+000  0.297653E-003  0.376154E-003  0.479676E-003 -0.118918E-002 -0.380592E-002  0.398738E-002
  0.785331E+001  0.146373E+002  0.145000E+002  0.000000E+000 -0.166825E-003 -0.348328E-003  0.386216E-003  0.127742E-002  0.368344E-002  0.389866E-002
  0.780019E+001  0.147363E+002  0.146000E+002  0.000000E+000  0.117978E-003  0.453699E-003  0.468787E-003 -0.142134E-002 -0.367187E-002  0.393737E-002
  0.774777E+001  0.148354E+002  0.147000E+002  0.000000E+000 -0.208505E-003 -0.552769E-003  0.590786E-003  0.168713E-002  0.365233E-002  0.402318E-002
  0.769605E+001  0.149345E+002  0.148000E+002  0.000000E+000  0.374692E-003  0.540024E-003  0.657282E-003 -0.201366E-002 -0.351111E-002  0.404756E-002
  0.764501E+001  0.150336E+002  0.149000E+002  0.000000E+000 -0.487503E-003 -0.377664E-003  0.616676E-003  0.226398E-002  0.323238E-002  0.394638E-002
  0.759464E+001  0.151327E+002  0.150000E+002  0.000000E+000  0.403827E-003  0.190743E-003  0.446609E-003 -0.234128E-002 -0.294665E-002  0.376356E-002
  0.754493E+001  0.152319E+002  0.151000E+002  0.000000E+000 -0.218593E-003 -0.208771E-003  0.302272E-003  0.234117E-002  0.281735E-002  0.366313E-002
  0.749586E+001  0.153310E+002  0.152000E+002  0.000000E+000  0.210741E-003  0.387270E-003  0.440896E-003 -0.246519E-002 -0.280308E-002  0.373288E-002
  0.744742E+001  0.154302E+002  0.153000E+002  0.000000E+000 -0.397469E-003 -0.443947E-003  0.595879E-003  0.273385E-002  0.269792E-002  0.384093E-002
  0.739959E+001  0.155293E+002  0.154000E+002  0.000000E+000  0.538030E-003  0.299391E-003  0.615720E-003 -0.296925E-002 -0.242195E-002  0.383175E-002
  0.735238E+001  0.156285E+002  0.155000E+002  0.000000E+000 -0.501293E-003 -0.118307E-003  0.515064E-003  0.304474E-002  0.209778E-002  0.369745E-002
  0.730576E+001  0.157277E+002  0.156000E+002  0.000000E+000  0.358610E-003  0.629674E-004  0.364096E-003 -0.301105E-002 -0.187579E-002  0.354754E-002
  0.725972E+001  0.158269E+002  0.157000E+002  0.000000E+000 -0.275773E-003 -0.152325E-003  0.315046E-003  0.301342E-002  0.177747E-002  0.349859E-002
  0.721426E+001  0.159261E+002  0.158000E+002  0.000000E+000  0.340214E-003  0.246716E-003  0.420255E-003 -0.313014E-002 -0.168962E-002  0.355705E-002
  0.716936E+001  0.160253E+002  0.159000E+002  0.000000E+000 -0.464452E-003 -0.224881E-003  0.516030E-003  0.329967E-002  0.150215E-002  0.362550E-002
  0.712502E+001  0.161245E+002  0.160000E+002  0.000000E+000  0.532673E-003  0.104569E-003  0.542840E-003 -0.340904E-002 -0.121392E-002  0.361872E-002
  0.708121E+001  0.162237E+002  0.161000E+002  0.000000E+000 -0.487624E-003  0.395308E-004  0.489223E-003  0.339382E-002  0.911679E-003  0.351414E-002
  0.703794E+001  0.163230E+002  0.162000E+002  0.000000E+000  0.337700E-003 -0.841779E-004  0.348033E-003 -0.329045E-002 -0.710920E-003  0.336638E-002
  0.699519E+001  0.164222E+002  0.163000E+002  0.000000E+000 -0.249728E-003 -0.385933E-004  0.252692E-003  0.324208E-002  0.638035E-003  0.330427E-002
  0.695296E+001  0.165215E+002  0.164000E+002  0.000000E+000  0.361910E-003  0.149962E-003  0.391749E-003 -0.333618E-002 -0.550187E-003  0.338124E-002
  0.691123E+001  0.166208E+002  0.165000E+002  0.000000E+000 -0.517832E-003 -0.611112E-004  0.521425E-003  0.345650E-002  0.311942E-003  0.347055E-002
  0.686999E+001  0.167200E+002  0.166000E+002  0.000000E+000  0.505995E-003 -0.124216E-003  0.521019E-003 -0.344011E-002  0.827459E-005  0.344012E-002
  0.682924E+001  0.168193E+002  0.167000E+002  0.000000E+000 -0.357708E-003  0.202111E-003  0.410857E-003  0.329473E-002 -0.245268E-003  0.330385E-002
  0.678897E+001  0.169186E+002  0.168000E+002  0.000000E+000  0.242420E-003 -0.126904E-003  0.273628E-003 -0.316173E-002  0.345882E-003  0.318059E-002
  0.674917E+001  0.170179E+002  0.169000E+002  0.000000E+000 -0.270500E-003  0.149126E-004  0.270911E-003  0.314151E-002 -0.407173E-003  0.316779E-002
  0.670984E+001  0.171172E+002  0.170000E+002  0.000000E+000  0.386397E-003 -0.145130E-004  0.386670E-003 -0.319139E-002  0.553606E-003  0.323906E-002
  0.667095E+001  0.172166E+002  0.171000E+002  0.000000E+000 -0.439074E-003  0.127301E-003  0.457156E-003  0.318973E-002 -0.796482E-003  0.328767E-002
  0.663251E+001  0.173159E+002  0.172000E+002  0.000000E+000  0.382753E-003 -0.236078E-003  0.449703E-003 -0.308018E-002  0.104330E-002  0.325208E-002
  0.659452E+001  0.174152E+002  0.173000E+002  0.000000E+000 -0.270893E-003  0.270186E-003  0.382601E-003  0.290446E-002 -0.120940E-002  0.314620E-002
  0.655695E+001  0.175146E+002  0.174000E+002  0.000000E+000  0.176921E-003 -0.202706E-003  0.269055E-003 -0.275310E-002  0.127422E-002  0.303367E-002
  0.651980E+001  0.176139E+002  0.175000E+002  0.000000E+000 -0.207651E-003  0.887226E-004  0.225811E-003  0.270659E-002 -0.131128E-002  0.300751E-002
  0.648307E+001  0.177133E+002  0.176000E+002  0.000000E+000  0.342998E-003 -0.975243E-004  0.356593E-003 -0.272623E-002  0.144642E-002  0.308618E-002
  0.644676E+001  0.178126E+002  0.177000E+002  0.000000E+000 -0.381427E-003  0.253954E-003  0.458235E-003  0.266319E-002 -0.168616E-002  0.315210E-002
  0.641084E+001  0.179120E+002  0.178000E+002  0.000000E+000  0.250978E-003 -0.360533E-003  0.439288E-003 -0.246287E-002  0.188480E-002  0.310132E-002
  0.637532E+001  0.180114E+002  0.179000E+002  0.000000E+000 -0.110512E-003  0.303841E-003  0.323314E-003  0.224198E-002 -0.194546E-002  0.296838E-002
  0.634019E+001  0.181108E+002  0.180000E+002  0.000000E+000  0.102158E-003 -0.178781E-003  0.205910E-003 -0.212508E-002  0.193610E-002  0.287480E-002
  0.630545E+001  0.182102E+002  0.181000E+002  0.000000E+000 -0.205660E-003  0.138257E-003  0.247812E-003  0.210126E-002 -0.198875E-002  0.289317E-002
  0.627108E+001  0.183096E+002  0.182000E+002  0.000000E+000  0.277534E-003 -0.230795E-003  0.360959E-003 -0.205171E-002  0.214544E-002  0.296858E-002
  0.623708E+001  0.184090E+002  0.183000E+002  0.000000E+000 -0.220885E-003  0.341552E-003  0.406753E-003  0.189540E-002 -0.231822E-002  0.299444E-002
  0.620345E+001  0.185084E+002  0.184000E+002  0.000000E+000  0.106787E-003 -0.355215E-003  0.370919E-003 -0.167665E-002  0.240804E-002  0.293425E-002
  0.617018E+001  0.186078E+002  0.185000E+002  0.000000E+000 -0.361499E-004  0.290867E-003  0.293105E-003  0.148767E-002 -0.241016E-002  0.283232E-002
  0.613726E+001  0.187072E+002  0.186000E+002  0.000000E+000  0.411462E-004 -0.206424E-003  0.210485E-003 -0.137790E-002  0.238655E-002  0.275576E-002
  0.610468E+001  0.188066E+002  0.187000E+002  0.000000E+000 -0.125226E-003  0.175139E-003  0.215302E-003  0.133160E-002 -0.241794E-002  0.276036E-002
  0.607246E+001  0.189061E+002  0.188000E+002  0.000000E+000  0.192174E-003 -0.266586E-003  0.328632E-003 -0.125533E-002  0.254047E-002  0.283370E-002
  0.604057E+001  0.190055E+002  0.189000E+002  0.000000E+000 -0.115215E-003  0.384549E-003  0.401437E-003  0.106532E-002 -0.266822E-002  0.287303E-002
  0.600901E+001  0.191050E+002  0.190000E+002  0.000000E+000 -0.330756E-004 -0.364870E-003  0.366366E-003 -0.820743E-003  0.268240E-002  0.280516E-002
  0.597777E+001  0.192044E+002  0.191000E+002  0.000000E+000  0.771960E-004  0.236843E-003  0.249106E-003  0.655910E-003 -0.260085E-002  0.268228E-002
  0.594686E+001  0.193039E+002  0.192000E+002  0.000000E+000  0.809152E-005 -0.160712E-003  0.160916E-003 -0.600311E-003  0.255092E-002  0.262060E-002
  0.591627E+001  0.194034E+002  0.193000E+002  0.000000E+000 -0.994978E-004  0.216221E-003  0.238015E-003  0.553298E-003 -0.260512E-002  0.266323E-002
  0.588599E+001  0.195028E+002  0.194000E+002  0.000000E+000  0.744945E-004 -0.329842E-003  0.338150E-003 -0.412050E-003  0.270256E-002  0.273379E-002
  0.585601E+001  0.196023E+002  0.195000E+002  0.000000E+000  0.454145E-004  0.357606E-003  0.360478E-003  0.192565E-003 -0.272833E-002  0.273511E-002
  0.582634E+001  0.197018E+002  0.196000E+002  0.000000E+000 -0.121655E-003 -0.276682E-003  0.302247E-003 -0.607070E-006  0.265640E-002  0.265640E-002
  0.579697E+001  0.198013E+002  0.197000E+002  0.000000E+000  0.102419E-003  0.193425E-003  0.218867E-003 -0.106730E-003 -0.256300E-002  0.256522E-002
  0.576789E+001  0.199008E+002  0.198000E+002  0.000000E+000 -0.409287E-004 -0.169064E-003  0.173948E-003  0.161679E-003  0.251915E-002  0.252433E-002
  0.573910E+001  0.200002E+002  0.199000E+002  0.000000E+000 -0.119212E-004  0.213699E-003  0.214031E-003 -0.230212E-003 -0.254160E-002  0.255201E-002
  0.571059E+001  0.200998E+002  0.200000E+002  0.000000E+000 -0.143720E-004 -0.303124E-003  0.303465E-003  0.373454E-003  0.258598E-002  0.261281E-002
  0.568237E+001  0.201993E+002  0.201000E+002  0.000000E+000  0.132791E-003  0.321925E-003  0.348237E-003 -0.580646E-003 -0.255950E-002  0.262454E-002
  0.565442E+001  0.202988E+002  0.202000E+002  0.000000E+000 -0.207870E-003 -0.216428E-003  0.300085E-003  0.746262E-003  0.243318E-002  0.254505E-002
  0.562675E+001  0.203983E+002  0.203000E+002  0.000000E+000  0.148771E-003  0.113211E-003  0.186948E-003 -0.803029E-003 -0.230334E-002  0.243931E-002
  0.559934E+001  0.204978E+002  0.204000E+002  0.000000E+000 -0.465408E-004 -0.130703E-003  0.138742E-003  0.818369E-003  0.226639E-002  0.240962E-002
  0.557220E+001  0.205973E+002  0.205000E+002  0.000000E+000  0.334628E-004  0.231784E-003  0.234187E-003 -0.903430E-003 -0.229650E-002  0.246781E-002
  0.554532E+001  0.206969E+002  0.206000E+002  0.000000E+000 -0.132557E-003 -0.285844E-003  0.315085E-003  0.107774E-002  0.228391E-002  0.252543E-002
  0.551869E+001  0.207964E+002  0.207000E+002  0.000000E+000  0.229833E-003  0.216814E-003  0.315961E-003 -0.124848E-002 -0.216880E-002  0.250247E-002
  0.549232E+001  0.208959E+002  0.208000E+002  0.000000E+000 -0.214817E-003 -0.109825E-003  0.241263E-003  0.132872E-002  0.201416E-002  0.241295E-002
  0.546621E+001  0.209955E+002  0.209000E+002  0.000000E+000  0.136113E-003  0.837666E-004  0.159824E-003 -0.134415E-002 -0.191471E-002  0.233942E-002
  0.544033E+001  0.210950E+002  0.210000E+002  0.000000E+000 -0.935590E-004 -0.128305E-003  0.158794E-003  0.137646E-002  0.188206E-002  0.233169E-002
  0.541470E+001  0.211946E+002  0.211000E+002  0.000000E+000  0.110432E-003  0.185502E-003  0.215885E-003 -0.146745E-002 -0.186486E-002  0.237300E-002
  0.538931E+001  0.212941E+002  0.212000E+002  0.000000E+000 -0.184131E-003 -0.208933E-003  0.278491E-003  0.160676E-002  0.180310E-002  0.241512E-002
  0.536416E+001  0.213937E+002  0.213000E+002  0.000000E+000  0.259866E-003  0.144302E-003  0.297243E-003 -0.173123E-002 -0.166339E-002  0.240084E-002
  0.533924E+001  0.214933E+002  0.214000E+002  0.000000E+000 -0.236594E-003 -0.379360E-004  0.239616E-003  0.176943E-002  0.149586E-002  0.231700E-002
  0.531455E+001  0.215928E+002  0.215000E+002  0.000000E+000  0.136261E-003  0.183778E-004  0.137495E-003 -0.174445E-002 -0.139652E-002  0.223458E-002
  0.529008E+001  0.216924E+002  0.216000E+002  0.000000E+000 -0.910783E-004 -0.999158E-004  0.135198E-003  0.175872E-002  0.137757E-002  0.223400E-002
  0.526584E+001  0.217920E+002  0.217000E+002  0.000000E+000  0.156740E-003  0.169747E-003  0.231044E-003 -0.186085E-002 -0.134842E-002  0.229804E-002
  0.524182E+001  0.218916E+002  0.218000E+002  0.000000E+000 -0.257394E-003 -0.133679E-003  0.290038E-003  0.198688E-002  0.122961E-002  0.233658E-002
  0.521802E+001  0.219911E+002  0.219000E+002  0.000000E+000  0.271258E-003  0.217996E-004  0.272133E-003 -0.203787E-002 -0.104917E-002  0.229209E-002
  0.519443E+001  0.220907E+002  0.220000E+002  0.000000E+000 -0.183743E-003  0.337611E-004  0.186818E-003  0.200372E-002  0.909692E-003  0.220055E-002
  0.517105E+001  0.221903E+002  0.221000E+002  0.000000E+000  0.116938E-003  0.161640E-004  0.118050E-003 -0.197348E-002 -0.853622E-003  0.215018E-002
  0.514788E+001  0.222899E+002  0.222000E+002  0.000000E+000 -0.138161E-003 -0.788580E-004  0.159082E-003  0.200956E-002  0.819847E-003  0.217037E-002
  0.512492E+001  0.223895E+002  0.223000E+002  0.000000E+000  0.198153E-003  0.877873E-004  0.216728E-003 -0.208748E-002 -0.741484E-003  0.221526E-002
  0.510217E+001  0.224891E+002  0.224000E+002  0.000000E+000 -0.248666E-003 -0.431100E-004  0.252375E-003  0.215131E-002  0.604568E-003  0.223464E-002
  0.507961E+001  0.225887E+002  0.225000E+002  0.000000E+000  0.245065E-003 -0.381190E-004  0.248012E-003 -0.215392E-002 -0.440942E-003  0.219859E-002
  0.505725E+001  0.226883E+002  0.226000E+002  0.000000E+000 -0.166869E-003  0.801948E-004  0.185139E-003  0.209451E-002  0.318722E-003  0.211862E-002
  0.503508E+001  0.227879E+002  0.227000E+002  0.000000E+000  0.100381E-003 -0.259284E-004  0.103676E-003 -0.204541E-002 -0.273345E-003  0.206360E-002
  0.501311E+001  0.228876E+002  0.228000E+002  0.000000E+000 -0.132259E-003 -0.506327E-004  0.141619E-003  0.207173E-002  0.245513E-003  0.208622E-002
  0.499133E+001  0.229872E+002  0.229000E+002  0.000000E+000  0.220931E-003  0.451218E-004  0.225491E-003 -0.214122E-002 -0.150550E-003  0.214651E-002
  0.496974E+001  0.230868E+002  0.230000E+002  0.000000E+000 -0.258170E-003  0.465077E-004  0.262326E-003  0.216251E-002 -0.149181E-004  0.216256E-002
  0.494833E+001  0.231864E+002  0.231000E+002  0.000000E+000  0.191176E-003 -0.125699E-003  0.228798E-003 -0.209508E-002  0.166582E-003  0.210169E-002
  0.492711E+001  0.232860E+002  0.232000E+002  0.000000E+000 -0.976939E-004  0.985602E-004  0.138774E-003  0.200360E-002 -0.233171E-003  0.201712E-002
  0.490607E+001  0.233857E+002  0.233000E+002  0.000000E+000  0.958518E-004 -0.148669E-004  0.969979E-004 -0.197692E-002  0.251224E-003  0.199282E-002
  0.488520E+001  0.234853E+002  0.234000E+002  0.000000E+000 -0.166124E-003 -0.529863E-005  0.166209E-003  0.200929E-002 -0.310426E-003  0.203312E-002
  0.486451E+001  0.235850E+002  0.235000E+002  0.000000E+000  0.209194E-003 -0.460831E-004  0.214209E-003 -0.202657E-002  0.432819E-003  0.207228E-002
  0.484400E+001  0.236846E+002  0.236000E+002  0.000000E+000 -0.196599E-003  0.108653E-003  0.224626E-003  0.198657E-002 -0.573038E-003  0.206756E-002
  0.482366E+001  0.237842E+002  0.237000E+002  0.000000E+000  0.139938E-003 -0.143935E-003  0.200749E-003 -0.189816E-002  0.679988E-003  0.201628E-002
  0.480349E+001  0.238839E+002  0.238000E+002  0.000000E+000 -0.754589E-004  0.115344E-003  0.137835E-003  0.180802E-002 -0.725819E-003  0.194827E-002
  0.478348E+001  0.239835E+002  0.239000E+002  0.000000E+000  0.773004E-004 -0.447484E-004  0.893184E-004 -0.177327E-002  0.740335E-003  0.192161E-002
  0.476364E+001  0.240832E+002  0.240000E+002  0.000000E+000 -0.147997E-003  0.257706E-004  0.150224E-003  0.178981E-002 -0.796750E-003  0.195914E-002
  0.474397E+001  0.241828E+002  0.241000E+002  0.000000E+000  0.195742E-003 -0.914462E-004  0.216049E-003 -0.178385E-002  0.920724E-003  0.200745E-002
  0.472445E+001  0.242825E+002  0.242000E+002  0.000000E+000 -0.156095E-003  0.171619E-003  0.231989E-003  0.170114E-002 -0.105293E-002  0.200064E-002
  0.470510E+001  0.243822E+002  0.243000E+002  0.000000E+000  0.633255E-004 -0.175278E-003  0.186366E-003 -0.157456E-002  0.111700E-002  0.193053E-002
  0.468590E+001  0.244818E+002  0.244000E+002  0.000000E+000 -0.248776E-004  0.949326E-004  0.981382E-004  0.149141E-002 -0.111309E-002  0.186098E-002
  0.466686E+001  0.245815E+002  0.245000E+002  0.000000E+000  0.866425E-004 -0.405808E-004  0.956751E-004 -0.148330E-002  0.112592E-002  0.186223E-002
  0.464797E+001  0.246812E+002  0.246000E+002  0.000000E+000 -0.151192E-003  0.851579E-004  0.173525E-003  0.148084E-002 -0.121140E-002  0.191322E-002
  0.462923E+001  0.247808E+002  0.247000E+002  0.000000E+000  0.135003E-003 -0.157220E-003  0.207229E-003 -0.141569E-002  0.132526E-002  0.193920E-002
  0.461065E+001  0.248805E+002  0.248000E+002  0.000000E+000 -0.746271E-004  0.180486E-003  0.195306E-003  0.130157E-002 -0.140056E-002  0.191197E-002
  0.459221E+001  0.249802E+002  0.249000E+002  0.000000E+000  0.235942E-004 -0.154334E-003  0.156127E-003 -0.119047E-002  0.142081E-002  0.185362E-002
  0.457392E+001  0.250799E+002  0.250000E+002  0.000000E+000 -0.144402E-004  0.993117E-004  0.100356E-003  0.112245E-002 -0.141262E-002  0.180427E-002
  0.455578E+001  0.251796E+002  0.251000E+002  0.000000E+000  0.628870E-004 -0.677780E-004  0.924588E-004 -0.110124E-002  0.142808E-002  0.180337E-002
  0.453777E+001  0.252792E+002  0.252000E+002  0.000000E+000 -0.113359E-003  0.107973E-003  0.156552E-003  0.107642E-002 -0.150010E-002  0.184635E-002
  0.451991E+001  0.253789E+002  0.253000E+002  0.000000E+000  0.945300E-004 -0.178831E-003  0.202278E-003 -0.992151E-003  0.159315E-002  0.187683E-002
  0.450219E+001  0.254786E+002  0.254000E+002  0.000000E+000 -0.178858E-004  0.198752E-003  0.199555E-003  0.858562E-003 -0.163851E-002  0.184982E-002
  0.448461E+001  0.255783E+002  0.255000E+002  0.000000E+000 -0.382652E-004 -0.140605E-003  0.145719E-003 -0.744947E-003  0.161526E-002  0.177877E-002
  0.446716E+001  0.256780E+002  0.256000E+002  0.000000E+000  0.737344E-005  0.675935E-004  0.679945E-004  0.702253E-003 -0.158119E-002  0.173012E-002
  0.444985E+001  0.257777E+002  0.257000E+002  0.000000E+000  0.705722E-004 -0.778381E-004  0.105068E-003 -0.693464E-003  0.160984E-002  0.175285E-002
  0.443267E+001  0.258774E+002  0.258000E+002  0.000000E+000 -0.807930E-004  0.157913E-003  0.177381E-003  0.634278E-003 -0.168965E-002  0.180478E-002
  0.441562E+001  0.259771E+002  0.259000E+002  0.000000E+000  0.116639E-004 -0.195164E-003  0.195513E-003 -0.510828E-003  0.173947E-002  0.181293E-002
  0.439871E+001  0.260768E+002  0.260000E+002  0.000000E+000  0.448790E-004  0.158619E-003  0.164846E-003  0.387620E-003 -0.172450E-002  0.176753E-002
  0.438192E+001  0.261765E+002  0.261000E+002  0.000000E+000 -0.472303E-004 -0.105167E-003  0.115285E-003 -0.311839E-003  0.168223E-002  0.171089E-002
  0.436526E+001  0.262762E+002  0.262000E+002  0.000000E+000  0.103634E-004  0.768216E-004  0.775174E-004  0.277711E-003 -0.166123E-002  0.168428E-002
  0.434872E+001  0.263759E+002  0.263000E+002  0.000000E+000  0.333900E-004 -0.984250E-004  0.103934E-003 -0.246214E-003  0.168539E-002  0.170328E-002
  0.433231E+001  0.264756E+002  0.264000E+002  0.000000E+000 -0.298822E-004  0.155765E-003  0.158605E-003  0.171667E-003 -0.173407E-002  0.174255E-002
  0.431603E+001  0.265754E+002  0.265000E+002  0.000000E+000 -0.303655E-004 -0.181861E-003  0.184379E-003 -0.507275E-004  0.175161E-002  0.175234E-002
  0.429986E+001  0.266751E+002  0.266000E+002  0.000000E+000  0.862928E-004  0.141672E-003  0.165884E-003 -0.646613E-004 -0.170921E-002  0.171043E-002
  0.428382E+001  0.267748E+002  0.267000E+002  0.000000E+000 -0.795285E-004 -0.734328E-004  0.108246E-003  0.123513E-003  0.164217E-002  0.164681E-002
  0.426789E+001  0.268745E+002  0.268000E+002  0.000000E+000  0.140830E-004  0.526684E-004  0.545187E-004 -0.135427E-003 -0.161605E-002  0.162171E-002
  0.425209E+001  0.269742E+002  0.269000E+002  0.000000E+000  0.266470E-004 -0.113141E-003  0.116237E-003  0.170323E-003  0.165021E-002  0.165897E-002
  0.423639E+001  0.270740E+002  0.270000E+002  0.000000E+000  0.240918E-004  0.174552E-003  0.176207E-003 -0.273817E-003 -0.168105E-002  0.170321E-002
  0.422082E+001  0.271737E+002  0.271000E+002  0.000000E+000 -0.999444E-004 -0.148890E-003  0.179324E-003  0.398242E-003  0.164447E-002  0.169200E-002
  0.420536E+001  0.272734E+002  0.272000E+002  0.000000E+000  0.107529E-003  0.798171E-004  0.133915E-003 -0.472374E-003 -0.156529E-002  0.163501E-002
  0.419001E+001  0.273732E+002  0.273000E+002  0.000000E+000 -0.629956E-004 -0.495802E-004  0.801664E-004  0.495722E-003  0.150893E-002  0.158827E-002
  0.417477E+001  0.274729E+002  0.274000E+002  0.000000E+000  0.238640E-004  0.691782E-004  0.731786E-004 -0.516434E-003 -0.149853E-002  0.158503E-002
  0.415964E+001  0.275726E+002  0.275000E+002  0.000000E+000 -0.224433E-004 -0.113790E-003  0.115983E-003  0.573187E-003  0.151070E-002  0.161578E-002
  0.414462E+001  0.276724E+002  0.276000E+002  0.000000E+000  0.676692E-004  0.140271E-003  0.155740E-003 -0.669763E-003 -0.150120E-002  0.164383E-002
  0.412971E+001  0.277721E+002  0.277000E+002  0.000000E+000 -0.118819E-003 -0.111517E-003  0.162954E-003  0.767635E-003  0.144163E-002  0.163327E-002
  0.411491E+001  0.278718E+002  0.278000E+002  0.000000E+000  0.121260E-003  0.523601E-004  0.132081E-003 -0.820929E-003 -0.135426E-002  0.158365E-002
  0.410021E+001  0.279716E+002  0.279000E+002  0.000000E+000 -0.731203E-004 -0.217645E-004  0.762907E-004  0.828134E-003  0.129197E-002  0.153460E-002
  0.408562E+001  0.280713E+002  0.280000E+002  0.000000E+000  0.247435E-004  0.539616E-004  0.593641E-004 -0.837751E-003 -0.128264E-002  0.153199E-002
  0.407113E+001  0.281711E+002  0.281000E+002  0.000000E+000 -0.417575E-004 -0.117404E-003  0.124609E-003  0.901316E-003  0.129189E-002  0.157523E-002
  0.405674E+001  0.282708E+002  0.282000E+002  0.000000E+000  0.117102E-003  0.122719E-003  0.169625E-003 -0.100513E-002 -0.125177E-002  0.160537E-002
  0.404245E+001  0.283706E+002  0.283000E+002  0.000000E+000 -0.150603E-003 -0.519013E-004  0.159295E-003  0.107534E-002  0.115273E-002  0.157643E-002
  0.402826E+001  0.284703E+002  0.284000E+002  0.000000E+000  0.103365E-003  0.316866E-006  0.103365E-003 -0.108109E-002 -0.106248E-002  0.151579E-002
  0.401418E+001  0.285701E+002  0.285000E+002  0.000000E+000 -0.510089E-004 -0.199794E-004  0.547821E-004  0.107296E-002  0.102696E-002  0.148523E-002
  0.400019E+001  0.286698E+002  0.286000E+002  0.000000E+000  0.489817E-004  0.659418E-004  0.821433E-004 -0.110298E-002 -0.102000E-002  0.150232E-002
  0.398629E+001  0.287696E+002  0.287000E+002  0.000000E+000 -0.874489E-004 -0.890938E-004  0.124840E-003  0.117154E-002  0.993234E-003  0.153591E-002
  0.397250E+001  0.288694E+002  0.288000E+002  0.000000E+000  0.131878E-003  0.672490E-004  0.148035E-003 -0.124275E-002 -0.922687E-003  0.154783E-002
  0.395879E+001  0.289691E+002  0.289000E+002  0.000000E+000 -0.138066E-003 -0.148111E-004  0.138858E-003  0.127673E-002  0.825205E-003  0.152020E-002
  0.394519E+001  0.290689E+002  0.290000E+002  0.000000E+000  0.980930E-004 -0.167575E-004  0.995141E-004 -0.126807E-002 -0.745452E-003  0.147095E-002
  0.393167E+001  0.291686E+002  0.291000E+002  0.000000E+000 -0.544237E-004 -0.144682E-005  0.544430E-004  0.125410E-002  0.710024E-003  0.144114E-002
  0.391825E+001  0.292684E+002  0.292000E+002  0.000000E+000  0.524081E-004  0.500902E-004  0.724957E-004 -0.127761E-002 -0.699236E-003  0.145644E-002
  0.390492E+001  0.293682E+002  0.293000E+002  0.000000E+000 -0.104738E-003 -0.743536E-004  0.128446E-003  0.134293E-002  0.661682E-003  0.149710E-002
  0.389168E+001  0.294679E+002  0.294000E+002  0.000000E+000  0.155488E-003  0.277293E-004  0.157941E-003 -0.139894E-002 -0.567516E-003  0.150967E-002
  0.387852E+001  0.295677E+002  0.295000E+002  0.000000E+000 -0.129913E-003  0.412784E-004  0.136313E-003  0.139382E-002  0.458704E-003  0.146736E-002
  0.386546E+001  0.296675E+002  0.296000E+002  0.000000E+000  0.617249E-004 -0.412810E-004  0.742569E-004 -0.135314E-002 -0.400787E-003  0.141125E-002
  0.385249E+001  0.297673E+002  0.297000E+002  0.000000E+000 -0.440119E-004 -0.137494E-004  0.461095E-004  0.134510E-002  0.388595E-003  0.140010E-002
  0.383960E+001  0.298670E+002  0.298000E+002  0.000000E+000  0.840713E-004  0.439559E-004  0.948688E-004 -0.138480E-002 -0.362534E-003  0.143147E-002
  0.382679E+001  0.299668E+002  0.299000E+002  0.000000E+000 -0.126969E-003 -0.231349E-004  0.129059E-003  0.143042E-002  0.291061E-003  0.145973E-002
  0.381407E+001  0.300666E+002  0.300000E+002  0.000000E+000  0.133695E-003 -0.247958E-004  0.135975E-003 -0.144085E-002 -0.192743E-003  0.145369E-002
  0.380144E+001  0.301664E+002  0.301000E+002  0.000000E+000 -0.976842E-004  0.570197E-004  0.113108E-003  0.141044E-002  0.109225E-003  0.141466E-002
  0.378889E+001  0.302662E+002  0.302000E+002  0.000000E+000  0.551630E-004 -0.432204E-004  0.700782E-004 -0.137188E-002 -0.664396E-004  0.137349E-002
  0.377642E+001  0.303659E+002  0.303000E+002  0.000000E+000 -0.490057E-004  0.321123E-005  0.491108E-004  0.136336E-002  0.484602E-004  0.136422E-002
  0.376403E+001  0.304657E+002  0.304000E+002  0.000000E+000  0.830149E-004  0.206111E-004  0.855353E-004 -0.139029E-002 -0.148944E-004  0.139037E-002
  0.375173E+001  0.305655E+002  0.305000E+002  0.000000E+000 -0.127320E-003  0.209782E-005  0.127337E-003  0.141992E-002 -0.615991E-004  0.142126E-002
  0.373950E+001  0.306653E+002  0.306000E+002  0.000000E+000  0.127272E-003 -0.626678E-004  0.141864E-003 -0.140642E-002  0.163989E-003  0.141595E-002
  0.372736E+001  0.307651E+002  0.307000E+002  0.000000E+000 -0.665360E-004  0.894176E-004  0.111456E-003  0.134626E-002 -0.235108E-003  0.136663E-002
  0.371529E+001  0.308649E+002  0.308000E+002  0.000000E+000  0.227559E-004 -0.424733E-004  0.481852E-004 -0.129824E-002  0.250286E-003  0.132215E-002
  0.370330E+001  0.309647E+002  0.309000E+002  0.000000E+000 -0.532977E-004 -0.723483E-005  0.537865E-004  0.130439E-002 -0.259976E-003  0.133005E-002
  0.369139E+001  0.310644E+002  0.310000E+002  0.000000E+000  0.105545E-003 -0.608393E-005  0.105720E-003 -0.133078E-002  0.316516E-003  0.136790E-002
  0.367955E+001  0.311642E+002  0.311000E+002  0.000000E+000 -0.115375E-003  0.560918E-004  0.128288E-003  0.132333E-002 -0.407424E-003  0.138463E-002
  0.366779E+001  0.312640E+002  0.312000E+002  0.000000E+000  0.803761E-004 -0.894998E-004  0.120294E-003 -0.127234E-002  0.485623E-003  0.136187E-002
  0.365610E+001  0.313638E+002  0.313000E+002  0.000000E+000 -0.363128E-004  0.788991E-004  0.868545E-004  0.121046E-002 -0.523035E-003  0.131863E-002
  0.364449E+001  0.314636E+002  0.314000E+002  0.000000E+000  0.262596E-004 -0.392702E-004  0.472410E-004 -0.117628E-002  0.533316E-003  0.129153E-002
  0.363295E+001  0.315634E+002  0.315000E+002  0.000000E+000 -0.555861E-004  0.163870E-004  0.579513E-004  0.117591E-002 -0.555514E-003  0.130052E-002
  0.362148E+001  0.316632E+002  0.316000E+002  0.000000E+000  0.895921E-004 -0.322451E-004  0.952181E-004 -0.117985E-002  0.612676E-003  0.132945E-002
  0.361009E+001  0.317630E+002  0.317000E+002  0.000000E+000 -0.957820E-004  0.747601E-004  0.121504E-003  0.115372E-002 -0.692923E-003  0.134581E-002
  0.359877E+001  0.318628E+002  0.318000E+002  0.000000E+000  0.568745E-004 -0.108336E-003  0.122358E-003 -0.108710E-002  0.757968E-003  0.132525E-002
  0.358752E+001  0.319626E+002  0.319000E+002  0.000000E+000 -0.407868E-005  0.858912E-004  0.859880E-004  0.101402E-002 -0.774991E-003  0.127626E-002
  0.357633E+001  0.320624E+002  0.320000E+002  0.000000E+000  0.827592E-005 -0.277943E-004  0.290003E-004 -0.985066E-003  0.766562E-003  0.124819E-002
  0.356522E+001  0.321622E+002  0.321000E+002  0.000000E+000 -0.644180E-004  0.176484E-004  0.667918E-004  0.993855E-003 -0.792754E-003  0.127130E-002
  0.355418E+001  0.322621E+002  0.322000E+002  0.000000E+000  0.898357E-004 -0.675889E-004  0.112422E-003 -0.980744E-003  0.864963E-003  0.130768E-002
  0.354320E+001  0.323619E+002  0.323000E+002  0.000000E+000 -0.562433E-004  0.109083E-003  0.122729E-003  0.918139E-003 -0.933604E-003  0.130943E-002
  0.353229E+001  0.324617E+002  0.324000E+002  0.000000E+000  0.814747E-005 -0.101548E-003  0.101874E-003 -0.837960E-003  0.959476E-003  0.127388E-002
  0.352145E+001  0.325615E+002  0.325000E+002  0.000000E+000  0.776721E-005  0.609609E-004  0.614538E-004  0.783995E-003 -0.952894E-003  0.123396E-002
  0.351068E+001  0.326613E+002  0.326000E+002  0.000000E+000  0.193206E-004 -0.324558E-004  0.377712E-004 -0.766826E-003  0.954173E-003  0.122412E-002
  0.349997E+001  0.327611E+002  0.327000E+002  0.000000E+000 -0.537000E-004  0.462803E-004  0.708911E-004  0.756982E-003 -0.989776E-003  0.124607E-002
  0.348932E+001  0.328609E+002  0.328000E+002  0.000000E+000  0.568954E-004 -0.828395E-004  0.100496E-003 -0.720049E-003  0.104646E-002  0.127026E-002
  0.347875E+001  0.329607E+002  0.329000E+002  0.000000E+000 -0.281782E-004  0.107886E-003  0.111505E-003  0.650427E-003 -0.109110E-002  0.127026E-002
  0.346823E+001  0.330606E+002  0.330000E+002  0.000000E+000 -0.134447E-004 -0.996458E-004  0.100549E-003 -0.571093E-003  0.110004E-002  0.123945E-002
  0.345778E+001  0.331604E+002  0.331000E+002  0.000000E+000  0.283549E-004  0.545718E-004  0.614986E-004  0.519398E-003 -0.107940E-002  0.119786E-002
  0.344739E+001  0.332602E+002  0.332000E+002  0.000000E+000  0.118142E-004 -0.233338E-004  0.261542E-004 -0.509052E-003  0.107312E-002  0.118773E-002
  0.343706E+001  0.333600E+002  0.333000E+002  0.000000E+000 -0.545913E-004  0.561564E-004  0.783183E-004  0.497803E-003 -0.111358E-002  0.121978E-002
  0.342679E+001  0.334598E+002  0.334000E+002  0.000000E+000  0.351247E-004 -0.108725E-003  0.114258E-003 -0.439281E-003  0.116809E-002  0.124796E-002
  0.341659E+001  0.335596E+002  0.335000E+002  0.000000E+000  0.190635E-004  0.111293E-003  0.112913E-003  0.350452E-003 -0.118346E-002  0.123426E-002
  0.340644E+001  0.336595E+002  0.336000E+002  0.000000E+000 -0.434421E-004 -0.691861E-004  0.816942E-004 -0.282954E-003  0.115775E-002  0.119183E-002
  0.339636E+001  0.337593E+002  0.337000E+002  0.000000E+000  0.203317E-004  0.332446E-004  0.389690E-004  0.256838E-003 -0.113307E-002  0.116182E-002
  0.338633E+001  0.338591E+002  0.338000E+002  0.000000E+000  0.184355E-004 -0.399595E-004  0.440072E-004 -0.245317E-003  0.114295E-002  0.116898E-002
  0.337637E+001  0.339589E+002  0.339000E+002  0.000000E+000 -0.260619E-004  0.779079E-004  0.821515E-004  0.208763E-003 -0.117850E-002  0.119684E-002
  0.336646E+001  0.340588E+002  0.340000E+002  0.000000E+000 -0.402964E-005 -0.101108E-003  0.101188E-003 -0.138959E-003  0.120260E-002  0.121060E-002
  0.335661E+001  0.341586E+002  0.341000E+002  0.000000E+000  0.380710E-004  0.904024E-004  0.980917E-004  0.621091E-004 -0.119372E-002  0.119534E-002
  0.334682E+001  0.342584E+002  0.342000E+002  0.000000E+000 -0.515197E-004 -0.581701E-004  0.777048E-004 -0.688669E-005  0.116074E-002  0.116076E-002
  0.333708E+001  0.343583E+002  0.343000E+002  0.000000E+000  0.305148E-004  0.267725E-004  0.405946E-004 -0.153744E-004 -0.113199E-002  0.113209E-002
  0.332740E+001  0.344581E+002  0.344000E+002  0.000000E+000  0.113825E-004 -0.356549E-004  0.374277E-004  0.255966E-004  0.113771E-002  0.113800E-002
  0.331778E+001  0.345579E+002  0.345000E+002  0.000000E+000 -0.152433E-004  0.847149E-004  0.860754E-004 -0.678683E-004 -0.116971E-002  0.117168E-002
  0.330821E+001  0.346578E+002  0.346000E+002  0.000000E+000 -0.344094E-004 -0.105794E-003  0.111249E-003  0.149620E-003  0.117774E-002  0.118721E-002
  0.329870E+001  0.347576E+002  0.347000E+002  0.000000E+000  0.723672E-004  0.683975E-004  0.995753E-004 -0.223343E-003 -0.113869E-002  0.116038E-002
  0.328924E+001  0.348574E+002  0.348000E+002  0.000000E+000 -0.561417E-004 -0.233547E-004  0.608057E-004  0.253152E-003  0.108887E-002  0.111791E-002
  0.327984E+001  0.349573E+002  0.349000E+002  0.000000E+000  0.140343E-004  0.201833E-004  0.245831E-004 -0.258246E-003 -0.107154E-002  0.110222E-002
  0.327049E+001  0.350571E+002  0.350000E+002  0.000000E+000  0.353711E-005 -0.561969E-004  0.563081E-004  0.282461E-003  0.108680E-002  0.112291E-002
  0.326119E+001  0.351569E+002  0.351000E+002  0.000000E+000  0.237693E-004  0.864522E-004  0.896603E-004 -0.343416E-003 -0.109692E-002  0.114942E-002
  0.325195E+001  0.352568E+002  0.352000E+002  0.000000E+000 -0.621517E-004 -0.751641E-004  0.975319E-004  0.415118E-003  0.107204E-002  0.114960E-002
  0.324275E+001  0.353566E+002  0.353000E+002  0.000000E+000  0.712034E-004  0.409296E-004  0.821289E-004 -0.463211E-003 -0.102270E-002  0.112271E-002
  0.323361E+001  0.354565E+002  0.354000E+002  0.000000E+000 -0.526067E-004 -0.171541E-004  0.553329E-004  0.481922E-003  0.979042E-003  0.109122E-002
  0.322452E+001  0.355563E+002  0.355000E+002  0.000000E+000  0.228984E-004  0.179763E-004  0.291116E-004 -0.489412E-003 -0.960882E-003  0.107834E-002
  0.321548E+001  0.356561E+002  0.356000E+002  0.000000E+000 -0.813531E-005 -0.497464E-004  0.504072E-004  0.514696E-003  0.967045E-003  0.109549E-002
  0.320650E+001  0.357560E+002  0.357000E+002  0.000000E+000  0.385792E-004  0.806970E-004  0.894447E-004 -0.575085E-003 -0.965771E-003  0.112403E-002
  0.319756E+001  0.358558E+002  0.358000E+002  0.000000E+000 -0.842850E-004 -0.606190E-004  0.103820E-003  0.643052E-003  0.923322E-003  0.112518E-002
  0.318867E+001  0.359557E+002  0.359000E+002  0.000000E+000  0.829758E-004  0.101148E-004  0.835900E-004 -0.673674E-003 -0.856634E-003  0.108980E-002
  0.317983E+001  0.360555E+002  0.360000E+002  0.000000E+000 -0.399016E-004  0.641666E-005  0.404142E-004  0.668944E-003  0.814361E-003  0.105388E-002
  0.317104E+001  0.361554E+002  0.361000E+002  0.000000E+000  0.117641E-004  0.242770E-004  0.269771E-004 -0.673274E-003 -0.810745E-003  0.105385E-002
  0.316230E+001  0.362552E+002  0.362000E+002  0.000000E+000 -0.297473E-004 -0.608522E-004  0.677340E-004  0.715156E-003  0.812332E-003  0.108228E-002
  0.315360E+001  0.363551E+002  0.363000E+002  0.000000E+000  0.719500E-004  0.586128E-004  0.928023E-004 -0.776403E-003 -0.781134E-003  0.110135E-002
  0.314496E+001  0.364549E+002  0.364000E+002  0.000000E+000 -0.877477E-004 -0.200647E-004  0.900125E-004  0.816270E-003  0.718755E-003  0.108761E-002
  0.313636E+001  0.365548E+002  0.365000E+002  0.000000E+000  0.641027E-004 -0.756764E-005  0.645479E-004 -0.821679E-003 -0.661076E-003  0.105460E-002
  0.312781E+001  0.366546E+002  0.366000E+002  0.000000E+000 -0.356846E-004  0.230676E-005  0.357590E-004  0.816769E-003  0.631048E-003  0.103215E-002
  0.311930E+001  0.367545E+002  0.367000E+002  0.000000E+000  0.255620E-004  0.207021E-004  0.328936E-004 -0.827763E-003 -0.620810E-003  0.103470E-002
  0.311084E+001  0.368543E+002  0.368000E+002  0.000000E+000 -0.412735E-004 -0.447818E-004  0.609008E-004  0.864384E-003  0.607748E-003  0.105665E-002
  0.310243E+001  0.369542E+002  0.369000E+002  0.000000E+000  0.782923E-004  0.411945E-004  0.884685E-004 -0.913530E-003 -0.566598E-003  0.107497E-002
  0.309406E+001  0.370540E+002  0.370000E+002  0.000000E+000 -0.926426E-004  0.841260E-006  0.926464E-004  0.939486E-003  0.496889E-003  0.106279E-002
  0.308573E+001  0.371539E+002  0.371000E+002  0.000000E+000  0.579941E-004 -0.313787E-004  0.659389E-004 -0.926729E-003 -0.437478E-003  0.102480E-002
  0.307746E+001  0.372537E+002  0.372000E+002  0.000000E+000 -0.196578E-004  0.110076E-004  0.225300E-004  0.909252E-003  0.417455E-003  0.100050E-002
  0.306922E+001  0.373536E+002  0.373000E+002  0.000000E+000  0.255836E-004  0.292092E-004  0.388291E-004 -0.925667E-003 -0.414533E-003  0.101425E-002
  0.306103E+001  0.374534E+002  0.374000E+002  0.000000E+000 -0.654252E-004 -0.384907E-004  0.759078E-004  0.969681E-003  0.386185E-003  0.104375E-002
  0.305288E+001  0.375533E+002  0.375000E+002  0.000000E+000  0.914738E-004  0.459683E-005  0.915893E-004 -0.100098E-002 -0.321674E-003  0.105140E-002
  0.304478E+001  0.376532E+002  0.376000E+002  0.000000E+000 -0.720656E-004  0.330435E-004  0.792800E-004  0.994249E-003  0.253353E-003  0.102602E-002
  0.303672E+001  0.377530E+002  0.377000E+002  0.000000E+000  0.345701E-004 -0.308494E-004  0.463334E-004 -0.969552E-003 -0.215541E-003  0.993221E-003
  0.302870E+001  0.378529E+002  0.378000E+002  0.000000E+000 -0.243059E-004  0.230187E-005  0.244146E-004  0.962632E-003  0.202388E-003  0.983677E-003
  0.302072E+001  0.379527E+002  0.379000E+002  0.000000E+000  0.413046E-004  0.161138E-004  0.443365E-004 -0.981103E-003 -0.184505E-003  0.998301E-003
  0.301279E+001  0.380526E+002  0.380000E+002  0.000000E+000 -0.665364E-004 -0.133920E-004  0.678708E-004  0.100826E-002  0.143939E-003  0.101848E-002
  0.300489E+001  0.381525E+002  0.381000E+002  0.000000E+000  0.823883E-004 -0.137156E-004  0.835222E-004 -0.102071E-002 -0.809076E-004  0.102391E-002
  0.299704E+001  0.382523E+002  0.382000E+002  0.000000E+000 -0.632784E-004  0.465800E-004  0.785738E-004  0.100164E-002  0.182644E-004  0.100180E-002
  0.298923E+001  0.383522E+002  0.383000E+002  0.000000E+000  0.228825E-004 -0.418920E-004  0.477341E-004 -0.967354E-003  0.130612E-004  0.967442E-003
  0.298146E+001  0.384520E+002  0.384000E+002  0.000000E+000 -0.141036E-004  0.304220E-005  0.144280E-004  0.957099E-003 -0.181304E-004  0.957270E-003
  0.297373E+001  0.385519E+002  0.385000E+002  0.000000E+000  0.475182E-004  0.172467E-004  0.505513E-004 -0.979560E-003  0.372636E-004  0.980269E-003
  0.296604E+001  0.386518E+002  0.386000E+002  0.000000E+000 -0.798301E-004  0.678731E-005  0.801181E-004  0.100044E-002 -0.928261E-004  0.100473E-002
  0.295839E+001  0.387516E+002  0.387000E+002  0.000000E+000  0.717682E-004 -0.480558E-004  0.863715E-004 -0.986292E-003  0.162244E-003  0.999548E-003
  0.295078E+001  0.388515E+002  0.388000E+002  0.000000E+000 -0.311980E-004  0.582699E-004  0.660961E-004  0.944690E-003 -0.205893E-003  0.966867E-003
  0.294321E+001  0.389514E+002  0.389000E+002  0.000000E+000  0.878583E-005 -0.272529E-004  0.286341E-004 -0.915106E-003  0.216210E-003  0.940301E-003
  0.293567E+001  0.390512E+002  0.390000E+002  0.000000E+000 -0.278637E-004  0.457223E-006  0.278674E-004  0.917184E-003 -0.226103E-003  0.944642E-003
  0.292818E+001  0.391511E+002  0.391000E+002  0.000000E+000  0.552182E-004 -0.702868E-005  0.556637E-004 -0.929732E-003  0.261952E-003  0.965929E-003
  0.292072E+001  0.392510E+002  0.392000E+002  0.000000E+000 -0.640111E-004  0.309397E-004  0.710964E-004  0.926047E-003 -0.317283E-003  0.978893E-003
  0.291330E+001  0.393509E+002  0.393000E+002  0.000000E+000  0.513928E-004 -0.548726E-004  0.751812E-004 -0.897588E-003  0.371394E-003  0.971390E-003
  0.290592E+001  0.394507E+002  0.394000E+002  0.000000E+000 -0.202088E-004  0.592221E-004  0.625752E-004  0.853937E-003 -0.403414E-003  0.944431E-003
  0.289858E+001  0.395506E+002  0.395000E+002  0.000000E+000  0.113411E-005 -0.304585E-004  0.304796E-004 -0.823012E-003  0.408956E-003  0.919017E-003
  0.289127E+001  0.396505E+002  0.396000E+002  0.000000E+000 -0.228117E-004  0.215328E-005  0.229131E-004  0.823163E-003 -0.416273E-003  0.922432E-003
  0.288400E+001  0.397503E+002  0.397000E+002  0.000000E+000  0.577380E-004 -0.141486E-004  0.594463E-004 -0.832485E-003  0.455069E-003  0.948746E-003
  0.287677E+001  0.398502E+002  0.398000E+002  0.000000E+000 -0.604753E-004  0.528212E-004  0.802953E-004  0.814433E-003 -0.515186E-003  0.963700E-003
  0.286957E+001  0.399501E+002  0.399000E+002  0.000000E+000  0.258636E-004 -0.732838E-004  0.777138E-004 -0.764298E-003  0.558865E-003  0.946827E-003
