 % x, z, xRe, zRe, psi, R, h
  0.100000E+001  0.000000E+000  0.100000E+001  0.000000E+000  0.634349E+002  0.223607E+001  0.100000E+001
  0.110000E+001  0.000000E+000  0.110000E+001  0.000000E+000  0.611892E+002  0.228254E+001  0.100000E+001
  0.120000E+001  0.000000E+000  0.120000E+001 -0.222045E-015  0.590362E+002  0.233238E+001  0.100000E+001
  0.130000E+001  0.000000E+000  0.130000E+001  0.000000E+000  0.569761E+002  0.238537E+001  0.100000E+001
  0.140000E+001  0.000000E+000  0.140000E+001  0.000000E+000  0.550080E+002  0.244131E+001  0.100000E+001
  0.150000E+001  0.000000E+000  0.150000E+001  0.000000E+000  0.531301E+002  0.250000E+001  0.100000E+001
  0.160000E+001  0.000000E+000  0.160000E+001  0.444089E-015  0.513402E+002  0.256125E+001  0.100000E+001
  0.170000E+001  0.000000E+000  0.170000E+001  0.000000E+000  0.496355E+002  0.262488E+001  0.100000E+001
  0.180000E+001  0.000000E+000  0.180000E+001  0.000000E+000  0.480128E+002  0.269072E+001  0.100000E+001
  0.190000E+001  0.000000E+000  0.190000E+001 -0.222045E-015  0.464688E+002  0.275862E+001  0.100000E+001
  0.200000E+001  0.000000E+000  0.200000E+001  0.444089E-015  0.450000E+002  0.282843E+001  0.100000E+001
  0.210000E+001  0.000000E+000  0.210000E+001 -0.222045E-015  0.436028E+002  0.290000E+001  0.100000E+001
  0.220000E+001  0.000000E+000  0.220000E+001  0.000000E+000  0.422737E+002  0.297321E+001  0.100000E+001
  0.230000E+001  0.000000E+000  0.230000E+001  0.000000E+000  0.410091E+002  0.304795E+001  0.100000E+001
  0.240000E+001  0.000000E+000  0.240000E+001  0.000000E+000  0.398056E+002  0.312410E+001  0.100000E+001
  0.250000E+001  0.000000E+000  0.250000E+001 -0.222045E-015  0.386598E+002  0.320156E+001  0.100000E+001
  0.260000E+001  0.000000E+000  0.260000E+001  0.000000E+000  0.375686E+002  0.328024E+001  0.100000E+001
  0.270000E+001  0.000000E+000  0.270000E+001  0.000000E+000  0.365289E+002  0.336006E+001  0.100000E+001
  0.280000E+001  0.000000E+000  0.280000E+001 -0.222045E-015  0.355377E+002  0.344093E+001  0.100000E+001
  0.290000E+001  0.000000E+000  0.290000E+001  0.444089E-015  0.345923E+002  0.352278E+001  0.100000E+001
  0.300000E+001  0.000000E+000  0.300000E+001  0.000000E+000  0.336901E+002  0.360555E+001  0.100000E+001
  0.310000E+001  0.000000E+000  0.310000E+001  0.000000E+000  0.328285E+002  0.368917E+001  0.100000E+001
  0.320000E+001  0.000000E+000  0.320000E+001  0.000000E+000  0.320054E+002  0.377359E+001  0.100000E+001
  0.330000E+001  0.000000E+000  0.330000E+001 -0.222045E-015  0.312184E+002  0.385876E+001  0.100000E+001
  0.340000E+001  0.000000E+000  0.340000E+001 -0.444089E-015  0.304655E+002  0.394462E+001  0.100000E+001
  0.350000E+001  0.000000E+000  0.350000E+001  0.000000E+000  0.297449E+002  0.403113E+001  0.100000E+001
  0.360000E+001  0.000000E+000  0.360000E+001  0.000000E+000  0.290546E+002  0.411825E+001  0.100000E+001
  0.370000E+001  0.000000E+000  0.370000E+001  0.000000E+000  0.283930E+002  0.420595E+001  0.100000E+001
  0.380000E+001  0.000000E+000  0.380000E+001  0.000000E+000  0.277585E+002  0.429418E+001  0.100000E+001
  0.390000E+001  0.000000E+000  0.390000E+001  0.000000E+000  0.271497E+002  0.438292E+001  0.100000E+001
  0.400000E+001  0.000000E+000  0.400000E+001  0.000000E+000  0.265651E+002  0.447214E+001  0.100000E+001
  0.410000E+001  0.000000E+000  0.410000E+001  0.444089E-015  0.260033E+002  0.456180E+001  0.100000E+001
  0.420000E+001  0.000000E+000  0.420000E+001 -0.222045E-015  0.254633E+002  0.465188E+001  0.100000E+001
  0.430000E+001  0.000000E+000  0.430000E+001  0.000000E+000  0.249439E+002  0.474236E+001  0.100000E+001
  0.440000E+001  0.000000E+000  0.440000E+001 -0.222045E-015  0.244440E+002  0.483322E+001  0.100000E+001
  0.450000E+001  0.000000E+000  0.450000E+001 -0.222045E-015  0.239625E+002  0.492443E+001  0.100000E+001
  0.460000E+001  0.000000E+000  0.460000E+001  0.000000E+000  0.234986E+002  0.501597E+001  0.100000E+001
  0.470000E+001  0.000000E+000  0.470000E+001  0.000000E+000  0.230513E+002  0.510784E+001  0.100000E+001
  0.480000E+001  0.000000E+000  0.480000E+001  0.000000E+000  0.226199E+002  0.520000E+001  0.100000E+001
  0.490000E+001  0.000000E+000  0.490000E+001  0.000000E+000  0.222035E+002  0.529245E+001  0.100000E+001
  0.500000E+001  0.000000E+000  0.500000E+001 -0.222045E-015  0.218014E+002  0.538516E+001  0.100000E+001
  0.510000E+001  0.000000E+000  0.510000E+001 -0.222045E-015  0.214130E+002  0.547814E+001  0.100000E+001
  0.520000E+001  0.000000E+000  0.520000E+001  0.000000E+000  0.210375E+002  0.557136E+001  0.100000E+001
  0.530000E+001  0.000000E+000  0.530000E+001  0.444089E-015  0.206744E+002  0.566480E+001  0.100000E+001
  0.540000E+001  0.000000E+000  0.540000E+001  0.000000E+000  0.203231E+002  0.575847E+001  0.100000E+001
  0.550000E+001  0.000000E+000  0.550000E+001  0.444089E-015  0.199831E+002  0.585235E+001  0.100000E+001
  0.560000E+001  0.000000E+000  0.560000E+001  0.000000E+000  0.196538E+002  0.594643E+001  0.100000E+001
  0.570000E+001  0.000000E+000  0.570000E+001  0.000000E+000  0.193348E+002  0.604070E+001  0.100000E+001
  0.580000E+001  0.000000E+000  0.580000E+001 -0.222045E-015  0.190256E+002  0.613514E+001  0.100000E+001
  0.590000E+001  0.000000E+000  0.590000E+001 -0.444089E-015  0.187258E+002  0.622977E+001  0.100000E+001
  0.600000E+001  0.000000E+000  0.600000E+001  0.000000E+000  0.184349E+002  0.632456E+001  0.100000E+001
  0.610000E+001  0.000000E+000  0.610000E+001  0.444089E-015  0.181527E+002  0.641950E+001  0.100000E+001
  0.620000E+001  0.000000E+000  0.620000E+001  0.444089E-015  0.178787E+002  0.651460E+001  0.100000E+001
  0.630000E+001  0.000000E+000  0.630000E+001  0.000000E+000  0.176126E+002  0.660984E+001  0.100000E+001
  0.640000E+001  0.000000E+000  0.640000E+001  0.444089E-015  0.173540E+002  0.670522E+001  0.100000E+001
  0.650000E+001  0.000000E+000  0.650000E+001  0.000000E+000  0.171027E+002  0.680074E+001  0.100000E+001
  0.660000E+001  0.000000E+000  0.660000E+001 -0.222045E-015  0.168584E+002  0.689638E+001  0.100000E+001
  0.670000E+001  0.000000E+000  0.670000E+001 -0.444089E-015  0.166208E+002  0.699214E+001  0.100000E+001
  0.680000E+001  0.000000E+000  0.680000E+001 -0.222045E-015  0.163895E+002  0.708802E+001  0.100000E+001
  0.690000E+001  0.000000E+000  0.690000E+001  0.000000E+000  0.161645E+002  0.718401E+001  0.100000E+001
  0.700000E+001  0.000000E+000  0.700000E+001  0.000000E+000  0.159454E+002  0.728011E+001  0.100000E+001
  0.710000E+001  0.000000E+000  0.710000E+001  0.000000E+000  0.157320E+002  0.737631E+001  0.100000E+001
  0.720000E+001  0.000000E+000  0.720000E+001  0.000000E+000  0.155241E+002  0.747262E+001  0.100000E+001
  0.730000E+001  0.000000E+000  0.730000E+001  0.000000E+000  0.153215E+002  0.756902E+001  0.100000E+001
  0.740000E+001  0.000000E+000  0.740000E+001  0.000000E+000  0.151240E+002  0.766551E+001  0.100000E+001
  0.750000E+001  0.000000E+000  0.750000E+001  0.000000E+000  0.149314E+002  0.776209E+001  0.100000E+001
  0.760000E+001  0.000000E+000  0.760000E+001  0.444089E-015  0.147436E+002  0.785875E+001  0.100000E+001
  0.770000E+001  0.000000E+000  0.770000E+001 -0.444089E-015  0.145603E+002  0.795550E+001  0.100000E+001
  0.780000E+001  0.000000E+000  0.780000E+001 -0.222045E-015  0.143814E+002  0.805233E+001  0.100000E+001
  0.790000E+001  0.000000E+000  0.790000E+001 -0.222045E-015  0.142068E+002  0.814923E+001  0.100000E+001
  0.800000E+001  0.000000E+000  0.800000E+001 -0.222045E-015  0.140362E+002  0.824621E+001  0.100000E+001
  0.810000E+001  0.000000E+000  0.810000E+001 -0.222045E-015  0.138697E+002  0.834326E+001  0.100000E+001
  0.820000E+001  0.000000E+000  0.820000E+001  0.000000E+000  0.137070E+002  0.844038E+001  0.100000E+001
  0.830000E+001  0.000000E+000  0.830000E+001  0.000000E+000  0.135479E+002  0.853756E+001  0.100000E+001
  0.840000E+001  0.000000E+000  0.840000E+001 -0.222045E-015  0.133925E+002  0.863481E+001  0.100000E+001
  0.850000E+001  0.000000E+000  0.850000E+001  0.000000E+000  0.132405E+002  0.873212E+001  0.100000E+001
  0.860000E+001  0.000000E+000  0.860000E+001 -0.444089E-015  0.130919E+002  0.882950E+001  0.100000E+001
  0.870000E+001  0.000000E+000  0.870000E+001  0.000000E+000  0.129465E+002  0.892693E+001  0.100000E+001
  0.880000E+001  0.000000E+000  0.880000E+001 -0.222045E-015  0.128043E+002  0.902441E+001  0.100000E+001
  0.890000E+001  0.000000E+000  0.890000E+001  0.000000E+000  0.126651E+002  0.912195E+001  0.100000E+001
  0.900000E+001  0.000000E+000  0.900000E+001  0.000000E+000  0.125288E+002  0.921954E+001  0.100000E+001
  0.910000E+001  0.000000E+000  0.910000E+001  0.000000E+000  0.123954E+002  0.931719E+001  0.100000E+001
  0.920000E+001  0.000000E+000  0.920000E+001  0.000000E+000  0.122648E+002  0.941488E+001  0.100000E+001
  0.930000E+001  0.000000E+000  0.930000E+001  0.000000E+000  0.121368E+002  0.951262E+001  0.100000E+001
  0.940000E+001  0.000000E+000  0.940000E+001  0.444089E-015  0.120115E+002  0.961041E+001  0.100000E+001
  0.950000E+001  0.000000E+000  0.950000E+001 -0.222045E-015  0.118887E+002  0.970824E+001  0.100000E+001
  0.960000E+001  0.000000E+000  0.960000E+001 -0.444089E-015  0.117683E+002  0.980612E+001  0.100000E+001
  0.970000E+001  0.000000E+000  0.970000E+001  0.444089E-015  0.116503E+002  0.990404E+001  0.100000E+001
  0.980000E+001  0.000000E+000  0.980000E+001  0.000000E+000  0.115346E+002  0.100020E+002  0.100000E+001
  0.990000E+001  0.000000E+000  0.990000E+001 -0.222045E-015  0.114212E+002  0.101000E+002  0.100000E+001
  0.100000E+002  0.000000E+000  0.100000E+002  0.000000E+000  0.113099E+002  0.101980E+002  0.100000E+001
  0.101000E+002  0.000000E+000  0.101000E+002  0.000000E+000  0.112008E+002  0.102961E+002  0.100000E+001
  0.102000E+002  0.000000E+000  0.102000E+002 -0.222045E-015  0.110937E+002  0.103942E+002  0.100000E+001
  0.103000E+002  0.000000E+000  0.103000E+002  0.000000E+000  0.109887E+002  0.104924E+002  0.100000E+001
  0.104000E+002  0.000000E+000  0.104000E+002  0.000000E+000  0.108855E+002  0.105906E+002  0.100000E+001
  0.105000E+002  0.000000E+000  0.105000E+002 -0.444089E-015  0.107843E+002  0.106888E+002  0.100000E+001
  0.106000E+002  0.000000E+000  0.106000E+002  0.000000E+000  0.106849E+002  0.107870E+002  0.100000E+001
  0.107000E+002  0.000000E+000  0.107000E+002  0.444089E-015  0.105873E+002  0.108853E+002  0.100000E+001
  0.108000E+002  0.000000E+000  0.108000E+002  0.444089E-015  0.104915E+002  0.109836E+002  0.100000E+001
  0.109000E+002  0.000000E+000  0.109000E+002  0.000000E+000  0.103973E+002  0.110820E+002  0.100000E+001
  0.110000E+002  0.000000E+000  0.110000E+002  0.444089E-015  0.103048E+002  0.111803E+002  0.100000E+001
  0.111000E+002  0.000000E+000  0.111000E+002 -0.222045E-015  0.102140E+002  0.112787E+002  0.100000E+001
  0.112000E+002  0.000000E+000  0.112000E+002  0.000000E+000  0.101247E+002  0.113772E+002  0.100000E+001
  0.113000E+002  0.000000E+000  0.113000E+002  0.444089E-015  0.100369E+002  0.114756E+002  0.100000E+001
  0.114000E+002  0.000000E+000  0.114000E+002 -0.222045E-015  0.995063E+001  0.115741E+002  0.100000E+001
  0.115000E+002  0.000000E+000  0.115000E+002 -0.444089E-015  0.986581E+001  0.116726E+002  0.100000E+001
  0.116000E+002  0.000000E+000  0.116000E+002  0.000000E+000  0.978241E+001  0.117712E+002  0.100000E+001
  0.117000E+002  0.000000E+000  0.117000E+002  0.000000E+000  0.970039E+001  0.118697E+002  0.100000E+001
  0.118000E+002  0.000000E+000  0.118000E+002 -0.222045E-015  0.961973E+001  0.119683E+002  0.100000E+001
  0.119000E+002  0.000000E+000  0.119000E+002 -0.222045E-015  0.954038E+001  0.120669E+002  0.100000E+001
  0.120000E+002  0.000000E+000  0.120000E+002 -0.444089E-015  0.946232E+001  0.121655E+002  0.100000E+001
  0.121000E+002  0.000000E+000  0.121000E+002  0.000000E+000  0.938552E+001  0.122642E+002  0.100000E+001
  0.122000E+002  0.000000E+000  0.122000E+002 -0.444089E-015  0.930994E+001  0.123628E+002  0.100000E+001
  0.123000E+002  0.000000E+000  0.123000E+002 -0.222045E-015  0.923556E+001  0.124615E+002  0.100000E+001
  0.124000E+002  0.000000E+000  0.124000E+002  0.444089E-015  0.916235E+001  0.125603E+002  0.100000E+001
  0.125000E+002  0.000000E+000  0.125000E+002  0.444089E-015  0.909028E+001  0.126590E+002  0.100000E+001
  0.126000E+002  0.000000E+000  0.126000E+002  0.888178E-015  0.901932E+001  0.127577E+002  0.100000E+001
  0.127000E+002  0.000000E+000  0.127000E+002  0.444089E-015  0.894946E+001  0.128565E+002  0.100000E+001
  0.128000E+002  0.000000E+000  0.128000E+002  0.444089E-015  0.888066E+001  0.129553E+002  0.100000E+001
  0.129000E+002  0.000000E+000  0.129000E+002 -0.222045E-015  0.881290E+001  0.130541E+002  0.100000E+001
  0.130000E+002  0.000000E+000  0.130000E+002  0.000000E+000  0.874616E+001  0.131529E+002  0.100000E+001
  0.131000E+002  0.000000E+000  0.131000E+002 -0.444089E-015  0.868042E+001  0.132518E+002  0.100000E+001
  0.132000E+002  0.000000E+000  0.132000E+002 -0.222045E-015  0.861565E+001  0.133507E+002  0.100000E+001
  0.133000E+002  0.000000E+000  0.133000E+002  0.000000E+000  0.855183E+001  0.134495E+002  0.100000E+001
  0.134000E+002  0.000000E+000  0.134000E+002 -0.222045E-015  0.848894E+001  0.135484E+002  0.100000E+001
  0.135000E+002  0.000000E+000  0.135000E+002 -0.222045E-015  0.842697E+001  0.136473E+002  0.100000E+001
  0.136000E+002  0.000000E+000  0.136000E+002 -0.222045E-015  0.836589E+001  0.137463E+002  0.100000E+001
  0.137000E+002  0.000000E+000  0.137000E+002  0.000000E+000  0.830568E+001  0.138452E+002  0.100000E+001
  0.138000E+002  0.000000E+000  0.138000E+002  0.000000E+000  0.824632E+001  0.139442E+002  0.100000E+001
  0.139000E+002  0.000000E+000  0.139000E+002 -0.222045E-015  0.818780E+001  0.140431E+002  0.100000E+001
  0.140000E+002  0.000000E+000  0.140000E+002  0.000000E+000  0.813010E+001  0.141421E+002  0.100000E+001
  0.141000E+002  0.000000E+000  0.141000E+002 -0.666134E-015  0.807320E+001  0.142411E+002  0.100000E+001
  0.142000E+002  0.000000E+000  0.142000E+002  0.000000E+000  0.801709E+001  0.143402E+002  0.100000E+001
  0.143000E+002  0.000000E+000  0.143000E+002  0.000000E+000  0.796175E+001  0.144392E+002  0.100000E+001
  0.144000E+002  0.000000E+000  0.144000E+002  0.444089E-015  0.790716E+001  0.145382E+002  0.100000E+001
  0.145000E+002  0.000000E+000  0.145000E+002  0.444089E-015  0.785331E+001  0.146373E+002  0.100000E+001
  0.146000E+002  0.000000E+000  0.146000E+002 -0.222045E-015  0.780019E+001  0.147363E+002  0.100000E+001
  0.147000E+002  0.000000E+000  0.147000E+002 -0.222045E-015  0.774777E+001  0.148354E+002  0.100000E+001
  0.148000E+002  0.000000E+000  0.148000E+002  0.000000E+000  0.769605E+001  0.149345E+002  0.100000E+001
  0.149000E+002  0.000000E+000  0.149000E+002  0.000000E+000  0.764501E+001  0.150336E+002  0.100000E+001
  0.150000E+002  0.000000E+000  0.150000E+002  0.000000E+000  0.759464E+001  0.151327E+002  0.100000E+001
  0.151000E+002  0.000000E+000  0.151000E+002 -0.666134E-015  0.754493E+001  0.152319E+002  0.100000E+001
  0.152000E+002  0.000000E+000  0.152000E+002 -0.222045E-015  0.749586E+001  0.153310E+002  0.100000E+001
  0.153000E+002  0.000000E+000  0.153000E+002  0.000000E+000  0.744742E+001  0.154302E+002  0.100000E+001
  0.154000E+002  0.000000E+000  0.154000E+002  0.444089E-015  0.739959E+001  0.155293E+002  0.100000E+001
  0.155000E+002  0.000000E+000  0.155000E+002  0.444089E-015  0.735238E+001  0.156285E+002  0.100000E+001
  0.156000E+002  0.000000E+000  0.156000E+002 -0.444089E-015  0.730576E+001  0.157277E+002  0.100000E+001
  0.157000E+002  0.000000E+000  0.157000E+002  0.000000E+000  0.725972E+001  0.158269E+002  0.100000E+001
  0.158000E+002  0.000000E+000  0.158000E+002 -0.222045E-015  0.721426E+001  0.159261E+002  0.100000E+001
  0.159000E+002  0.000000E+000  0.159000E+002 -0.222045E-015  0.716936E+001  0.160253E+002  0.100000E+001
  0.160000E+002  0.000000E+000  0.160000E+002 -0.222045E-015  0.712502E+001  0.161245E+002  0.100000E+001
  0.161000E+002  0.000000E+000  0.161000E+002  0.000000E+000  0.708121E+001  0.162237E+002  0.100000E+001
  0.162000E+002  0.000000E+000  0.162000E+002  0.000000E+000  0.703794E+001  0.163230E+002  0.100000E+001
  0.163000E+002  0.000000E+000  0.163000E+002  0.000000E+000  0.699519E+001  0.164222E+002  0.100000E+001
  0.164000E+002  0.000000E+000  0.164000E+002  0.000000E+000  0.695296E+001  0.165215E+002  0.100000E+001
  0.165000E+002  0.000000E+000  0.165000E+002  0.000000E+000  0.691123E+001  0.166208E+002  0.100000E+001
  0.166000E+002  0.000000E+000  0.166000E+002  0.000000E+000  0.686999E+001  0.167200E+002  0.100000E+001
  0.167000E+002  0.000000E+000  0.167000E+002  0.444089E-015  0.682924E+001  0.168193E+002  0.100000E+001
  0.168000E+002  0.000000E+000  0.168000E+002  0.000000E+000  0.678897E+001  0.169186E+002  0.100000E+001
  0.169000E+002  0.000000E+000  0.169000E+002  0.000000E+000  0.674917E+001  0.170179E+002  0.100000E+001
  0.170000E+002  0.000000E+000  0.170000E+002  0.000000E+000  0.670984E+001  0.171172E+002  0.100000E+001
  0.171000E+002  0.000000E+000  0.171000E+002  0.444089E-015  0.667095E+001  0.172166E+002  0.100000E+001
  0.172000E+002  0.000000E+000  0.172000E+002  0.000000E+000  0.663251E+001  0.173159E+002  0.100000E+001
  0.173000E+002  0.000000E+000  0.173000E+002 -0.222045E-015  0.659452E+001  0.174152E+002  0.100000E+001
  0.174000E+002  0.000000E+000  0.174000E+002 -0.222045E-015  0.655695E+001  0.175146E+002  0.100000E+001
  0.175000E+002  0.000000E+000  0.175000E+002 -0.222045E-015  0.651980E+001  0.176139E+002  0.100000E+001
  0.176000E+002  0.000000E+000  0.176000E+002  0.000000E+000  0.648307E+001  0.177133E+002  0.100000E+001
  0.177000E+002  0.000000E+000  0.177000E+002 -0.222045E-015  0.644676E+001  0.178126E+002  0.100000E+001
  0.178000E+002  0.000000E+000  0.178000E+002  0.000000E+000  0.641084E+001  0.179120E+002  0.100000E+001
  0.179000E+002  0.000000E+000  0.179000E+002  0.000000E+000  0.637532E+001  0.180114E+002  0.100000E+001
  0.180000E+002  0.000000E+000  0.180000E+002  0.000000E+000  0.634019E+001  0.181108E+002  0.100000E+001
  0.181000E+002  0.000000E+000  0.181000E+002  0.444089E-015  0.630545E+001  0.182102E+002  0.100000E+001
  0.182000E+002  0.000000E+000  0.182000E+002  0.444089E-015  0.627108E+001  0.183096E+002  0.100000E+001
  0.183000E+002  0.000000E+000  0.183000E+002 -0.222045E-015  0.623708E+001  0.184090E+002  0.100000E+001
  0.184000E+002  0.000000E+000  0.184000E+002 -0.222045E-015  0.620345E+001  0.185084E+002  0.100000E+001
  0.185000E+002  0.000000E+000  0.185000E+002  0.000000E+000  0.617018E+001  0.186078E+002  0.100000E+001
  0.186000E+002  0.000000E+000  0.186000E+002  0.000000E+000  0.613726E+001  0.187072E+002  0.100000E+001
  0.187000E+002  0.000000E+000  0.187000E+002  0.444089E-015  0.610468E+001  0.188066E+002  0.100000E+001
  0.188000E+002  0.000000E+000  0.188000E+002  0.444089E-015  0.607246E+001  0.189061E+002  0.100000E+001
  0.189000E+002  0.000000E+000  0.189000E+002  0.444089E-015  0.604057E+001  0.190055E+002  0.100000E+001
  0.190000E+002  0.000000E+000  0.190000E+002 -0.222045E-015  0.600901E+001  0.191050E+002  0.100000E+001
  0.191000E+002  0.000000E+000  0.191000E+002 -0.222045E-015  0.597777E+001  0.192044E+002  0.100000E+001
  0.192000E+002  0.000000E+000  0.192000E+002  0.000000E+000  0.594686E+001  0.193039E+002  0.100000E+001
  0.193000E+002  0.000000E+000  0.193000E+002  0.000000E+000  0.591627E+001  0.194034E+002  0.100000E+001
  0.194000E+002  0.000000E+000  0.194000E+002  0.000000E+000  0.588599E+001  0.195028E+002  0.100000E+001
  0.195000E+002  0.000000E+000  0.195000E+002  0.000000E+000  0.585601E+001  0.196023E+002  0.100000E+001
  0.196000E+002  0.000000E+000  0.196000E+002  0.444089E-015  0.582634E+001  0.197018E+002  0.100000E+001
  0.197000E+002  0.000000E+000  0.197000E+002  0.444089E-015  0.579697E+001  0.198013E+002  0.100000E+001
  0.198000E+002  0.000000E+000  0.198000E+002  0.000000E+000  0.576789E+001  0.199008E+002  0.100000E+001
  0.199000E+002  0.000000E+000  0.199000E+002  0.000000E+000  0.573910E+001  0.200002E+002  0.100000E+001
  0.200000E+002  0.000000E+000  0.200000E+002  0.444089E-015  0.571059E+001  0.200998E+002  0.100000E+001
  0.201000E+002  0.000000E+000  0.201000E+002  0.000000E+000  0.568237E+001  0.201993E+002  0.100000E+001
  0.202000E+002  0.000000E+000  0.202000E+002  0.000000E+000  0.565442E+001  0.202988E+002  0.100000E+001
  0.203000E+002  0.000000E+000  0.203000E+002  0.000000E+000  0.562675E+001  0.203983E+002  0.100000E+001
  0.204000E+002  0.000000E+000  0.204000E+002  0.000000E+000  0.559934E+001  0.204978E+002  0.100000E+001
  0.205000E+002  0.000000E+000  0.205000E+002  0.000000E+000  0.557220E+001  0.205973E+002  0.100000E+001
  0.206000E+002  0.000000E+000  0.206000E+002  0.444089E-015  0.554532E+001  0.206969E+002  0.100000E+001
  0.207000E+002  0.000000E+000  0.207000E+002  0.000000E+000  0.551869E+001  0.207964E+002  0.100000E+001
  0.208000E+002  0.000000E+000  0.208000E+002  0.000000E+000  0.549232E+001  0.208959E+002  0.100000E+001
  0.209000E+002  0.000000E+000  0.209000E+002  0.000000E+000  0.546621E+001  0.209955E+002  0.100000E+001
  0.210000E+002  0.000000E+000  0.210000E+002  0.000000E+000  0.544033E+001  0.210950E+002  0.100000E+001
  0.211000E+002  0.000000E+000  0.211000E+002 -0.222045E-015  0.541470E+001  0.211946E+002  0.100000E+001
  0.212000E+002  0.000000E+000  0.212000E+002  0.000000E+000  0.538931E+001  0.212941E+002  0.100000E+001
  0.213000E+002  0.000000E+000  0.213000E+002 -0.222045E-015  0.536416E+001  0.213937E+002  0.100000E+001
  0.214000E+002  0.000000E+000  0.214000E+002  0.000000E+000  0.533924E+001  0.214933E+002  0.100000E+001
  0.215000E+002  0.000000E+000  0.215000E+002  0.000000E+000  0.531455E+001  0.215928E+002  0.100000E+001
  0.216000E+002  0.000000E+000  0.216000E+002  0.444089E-015  0.529008E+001  0.216924E+002  0.100000E+001
  0.217000E+002  0.000000E+000  0.217000E+002  0.444089E-015  0.526584E+001  0.217920E+002  0.100000E+001
  0.218000E+002  0.000000E+000  0.218000E+002  0.000000E+000  0.524182E+001  0.218916E+002  0.100000E+001
  0.219000E+002  0.000000E+000  0.219000E+002  0.000000E+000  0.521802E+001  0.219911E+002  0.100000E+001
  0.220000E+002  0.000000E+000  0.220000E+002  0.000000E+000  0.519443E+001  0.220907E+002  0.100000E+001
  0.221000E+002  0.000000E+000  0.221000E+002  0.444089E-015  0.517105E+001  0.221903E+002  0.100000E+001
  0.222000E+002  0.000000E+000  0.222000E+002 -0.222045E-015  0.514788E+001  0.222899E+002  0.100000E+001
  0.223000E+002  0.000000E+000  0.223000E+002  0.000000E+000  0.512492E+001  0.223895E+002  0.100000E+001
  0.224000E+002  0.000000E+000  0.224000E+002  0.000000E+000  0.510217E+001  0.224891E+002  0.100000E+001
  0.225000E+002  0.000000E+000  0.225000E+002  0.444089E-015  0.507961E+001  0.225887E+002  0.100000E+001
  0.226000E+002  0.000000E+000  0.226000E+002  0.000000E+000  0.505725E+001  0.226883E+002  0.100000E+001
  0.227000E+002  0.000000E+000  0.227000E+002 -0.222045E-015  0.503508E+001  0.227879E+002  0.100000E+001
  0.228000E+002  0.000000E+000  0.228000E+002 -0.444089E-015  0.501311E+001  0.228876E+002  0.100000E+001
  0.229000E+002  0.000000E+000  0.229000E+002  0.000000E+000  0.499133E+001  0.229872E+002  0.100000E+001
  0.230000E+002  0.000000E+000  0.230000E+002  0.444089E-015  0.496974E+001  0.230868E+002  0.100000E+001
  0.231000E+002  0.000000E+000  0.231000E+002  0.000000E+000  0.494833E+001  0.231864E+002  0.100000E+001
  0.232000E+002  0.000000E+000  0.232000E+002  0.000000E+000  0.492711E+001  0.232860E+002  0.100000E+001
  0.233000E+002  0.000000E+000  0.233000E+002 -0.444089E-015  0.490607E+001  0.233857E+002  0.100000E+001
  0.234000E+002  0.000000E+000  0.234000E+002 -0.222045E-015  0.488520E+001  0.234853E+002  0.100000E+001
  0.235000E+002  0.000000E+000  0.235000E+002 -0.222045E-015  0.486451E+001  0.235850E+002  0.100000E+001
  0.236000E+002  0.000000E+000  0.236000E+002 -0.222045E-015  0.484400E+001  0.236846E+002  0.100000E+001
  0.237000E+002  0.000000E+000  0.237000E+002  0.000000E+000  0.482366E+001  0.237842E+002  0.100000E+001
  0.238000E+002  0.000000E+000  0.238000E+002 -0.222045E-015  0.480349E+001  0.238839E+002  0.100000E+001
  0.239000E+002  0.000000E+000  0.239000E+002  0.000000E+000  0.478348E+001  0.239835E+002  0.100000E+001
  0.240000E+002  0.000000E+000  0.240000E+002 -0.222045E-015  0.476364E+001  0.240832E+002  0.100000E+001
  0.241000E+002  0.000000E+000  0.241000E+002  0.000000E+000  0.474397E+001  0.241828E+002  0.100000E+001
  0.242000E+002  0.000000E+000  0.242000E+002  0.000000E+000  0.472445E+001  0.242825E+002  0.100000E+001
  0.243000E+002  0.000000E+000  0.243000E+002  0.000000E+000  0.470510E+001  0.243822E+002  0.100000E+001
  0.244000E+002  0.000000E+000  0.244000E+002  0.000000E+000  0.468590E+001  0.244818E+002  0.100000E+001
  0.245000E+002  0.000000E+000  0.245000E+002 -0.222045E-015  0.466686E+001  0.245815E+002  0.100000E+001
  0.246000E+002  0.000000E+000  0.246000E+002  0.444089E-015  0.464797E+001  0.246812E+002  0.100000E+001
  0.247000E+002  0.000000E+000  0.247000E+002 -0.222045E-015  0.462923E+001  0.247808E+002  0.100000E+001
  0.248000E+002  0.000000E+000  0.248000E+002  0.444089E-015  0.461065E+001  0.248805E+002  0.100000E+001
  0.249000E+002  0.000000E+000  0.249000E+002  0.444089E-015  0.459221E+001  0.249802E+002  0.100000E+001
  0.250000E+002  0.000000E+000  0.250000E+002  0.000000E+000  0.457392E+001  0.250799E+002  0.100000E+001
  0.251000E+002  0.000000E+000  0.251000E+002  0.444089E-015  0.455578E+001  0.251796E+002  0.100000E+001
  0.252000E+002  0.000000E+000  0.252000E+002 -0.222045E-015  0.453777E+001  0.252792E+002  0.100000E+001
  0.253000E+002  0.000000E+000  0.253000E+002  0.000000E+000  0.451991E+001  0.253789E+002  0.100000E+001
  0.254000E+002  0.000000E+000  0.254000E+002 -0.222045E-015  0.450219E+001  0.254786E+002  0.100000E+001
  0.255000E+002  0.000000E+000  0.255000E+002 -0.222045E-015  0.448461E+001  0.255783E+002  0.100000E+001
  0.256000E+002  0.000000E+000  0.256000E+002  0.444089E-015  0.446716E+001  0.256780E+002  0.100000E+001
  0.257000E+002  0.000000E+000  0.257000E+002  0.000000E+000  0.444985E+001  0.257777E+002  0.100000E+001
  0.258000E+002  0.000000E+000  0.258000E+002  0.000000E+000  0.443267E+001  0.258774E+002  0.100000E+001
  0.259000E+002  0.000000E+000  0.259000E+002  0.000000E+000  0.441562E+001  0.259771E+002  0.100000E+001
  0.260000E+002  0.000000E+000  0.260000E+002  0.444089E-015  0.439871E+001  0.260768E+002  0.100000E+001
  0.261000E+002  0.000000E+000  0.261000E+002  0.000000E+000  0.438192E+001  0.261765E+002  0.100000E+001
  0.262000E+002  0.000000E+000  0.262000E+002  0.000000E+000  0.436526E+001  0.262762E+002  0.100000E+001
  0.263000E+002  0.000000E+000  0.263000E+002  0.000000E+000  0.434872E+001  0.263759E+002  0.100000E+001
  0.264000E+002  0.000000E+000  0.264000E+002  0.000000E+000  0.433231E+001  0.264756E+002  0.100000E+001
  0.265000E+002  0.000000E+000  0.265000E+002 -0.222045E-015  0.431603E+001  0.265754E+002  0.100000E+001
  0.266000E+002  0.000000E+000  0.266000E+002 -0.222045E-015  0.429986E+001  0.266751E+002  0.100000E+001
  0.267000E+002  0.000000E+000  0.267000E+002  0.000000E+000  0.428382E+001  0.267748E+002  0.100000E+001
  0.268000E+002  0.000000E+000  0.268000E+002 -0.222045E-015  0.426789E+001  0.268745E+002  0.100000E+001
  0.269000E+002  0.000000E+000  0.269000E+002  0.000000E+000  0.425209E+001  0.269742E+002  0.100000E+001
  0.270000E+002  0.000000E+000  0.270000E+002  0.444089E-015  0.423639E+001  0.270740E+002  0.100000E+001
  0.271000E+002  0.000000E+000  0.271000E+002  0.444089E-015  0.422082E+001  0.271737E+002  0.100000E+001
  0.272000E+002  0.000000E+000  0.272000E+002  0.000000E+000  0.420536E+001  0.272734E+002  0.100000E+001
  0.273000E+002  0.000000E+000  0.273000E+002  0.000000E+000  0.419001E+001  0.273732E+002  0.100000E+001
  0.274000E+002  0.000000E+000  0.274000E+002  0.444089E-015  0.417477E+001  0.274729E+002  0.100000E+001
  0.275000E+002  0.000000E+000  0.275000E+002  0.000000E+000  0.415964E+001  0.275726E+002  0.100000E+001
  0.276000E+002  0.000000E+000  0.276000E+002  0.000000E+000  0.414462E+001  0.276724E+002  0.100000E+001
  0.277000E+002  0.000000E+000  0.277000E+002  0.444089E-015  0.412971E+001  0.277721E+002  0.100000E+001
  0.278000E+002  0.000000E+000  0.278000E+002  0.000000E+000  0.411491E+001  0.278718E+002  0.100000E+001
  0.279000E+002  0.000000E+000  0.279000E+002  0.000000E+000  0.410021E+001  0.279716E+002  0.100000E+001
  0.280000E+002  0.000000E+000  0.280000E+002  0.000000E+000  0.408562E+001  0.280713E+002  0.100000E+001
  0.281000E+002  0.000000E+000  0.281000E+002  0.000000E+000  0.407113E+001  0.281711E+002  0.100000E+001
  0.282000E+002  0.000000E+000  0.282000E+002  0.000000E+000  0.405674E+001  0.282708E+002  0.100000E+001
  0.283000E+002  0.000000E+000  0.283000E+002  0.444089E-015  0.404245E+001  0.283706E+002  0.100000E+001
  0.284000E+002  0.000000E+000  0.284000E+002  0.444089E-015  0.402826E+001  0.284703E+002  0.100000E+001
  0.285000E+002  0.000000E+000  0.285000E+002  0.000000E+000  0.401418E+001  0.285701E+002  0.100000E+001
  0.286000E+002  0.000000E+000  0.286000E+002 -0.222045E-015  0.400019E+001  0.286698E+002  0.100000E+001
  0.287000E+002  0.000000E+000  0.287000E+002  0.444089E-015  0.398629E+001  0.287696E+002  0.100000E+001
  0.288000E+002  0.000000E+000  0.288000E+002  0.000000E+000  0.397250E+001  0.288694E+002  0.100000E+001
  0.289000E+002  0.000000E+000  0.289000E+002 -0.222045E-015  0.395879E+001  0.289691E+002  0.100000E+001
  0.290000E+002  0.000000E+000  0.290000E+002  0.000000E+000  0.394519E+001  0.290689E+002  0.100000E+001
  0.291000E+002  0.000000E+000  0.291000E+002 -0.222045E-015  0.393167E+001  0.291686E+002  0.100000E+001
  0.292000E+002  0.000000E+000  0.292000E+002 -0.444089E-015  0.391825E+001  0.292684E+002  0.100000E+001
  0.293000E+002  0.000000E+000  0.293000E+002 -0.444089E-015  0.390492E+001  0.293682E+002  0.100000E+001
  0.294000E+002  0.000000E+000  0.294000E+002  0.000000E+000  0.389168E+001  0.294679E+002  0.100000E+001
  0.295000E+002  0.000000E+000  0.295000E+002  0.000000E+000  0.387852E+001  0.295677E+002  0.100000E+001
  0.296000E+002  0.000000E+000  0.296000E+002  0.000000E+000  0.386546E+001  0.296675E+002  0.100000E+001
  0.297000E+002  0.000000E+000  0.297000E+002  0.444089E-015  0.385249E+001  0.297673E+002  0.100000E+001
  0.298000E+002  0.000000E+000  0.298000E+002  0.444089E-015  0.383960E+001  0.298670E+002  0.100000E+001
  0.299000E+002  0.000000E+000  0.299000E+002  0.000000E+000  0.382679E+001  0.299668E+002  0.100000E+001
  0.300000E+002  0.000000E+000  0.300000E+002  0.444089E-015  0.381407E+001  0.300666E+002  0.100000E+001
  0.301000E+002  0.000000E+000  0.301000E+002  0.000000E+000  0.380144E+001  0.301664E+002  0.100000E+001
  0.302000E+002  0.000000E+000  0.302000E+002  0.000000E+000  0.378889E+001  0.302662E+002  0.100000E+001
  0.303000E+002  0.000000E+000  0.303000E+002 -0.222045E-015  0.377642E+001  0.303659E+002  0.100000E+001
  0.304000E+002  0.000000E+000  0.304000E+002  0.000000E+000  0.376403E+001  0.304657E+002  0.100000E+001
  0.305000E+002  0.000000E+000  0.305000E+002  0.000000E+000  0.375173E+001  0.305655E+002  0.100000E+001
  0.306000E+002  0.000000E+000  0.306000E+002  0.000000E+000  0.373950E+001  0.306653E+002  0.100000E+001
  0.307000E+002  0.000000E+000  0.307000E+002 -0.444089E-015  0.372736E+001  0.307651E+002  0.100000E+001
  0.308000E+002  0.000000E+000  0.308000E+002  0.000000E+000  0.371529E+001  0.308649E+002  0.100000E+001
  0.309000E+002  0.000000E+000  0.309000E+002 -0.222045E-015  0.370330E+001  0.309647E+002  0.100000E+001
  0.310000E+002  0.000000E+000  0.310000E+002  0.000000E+000  0.369139E+001  0.310644E+002  0.100000E+001
  0.311000E+002  0.000000E+000  0.311000E+002 -0.222045E-015  0.367955E+001  0.311642E+002  0.100000E+001
  0.312000E+002  0.000000E+000  0.312000E+002  0.000000E+000  0.366779E+001  0.312640E+002  0.100000E+001
  0.313000E+002  0.000000E+000  0.313000E+002  0.444089E-015  0.365610E+001  0.313638E+002  0.100000E+001
  0.314000E+002  0.000000E+000  0.314000E+002  0.000000E+000  0.364449E+001  0.314636E+002  0.100000E+001
  0.315000E+002  0.000000E+000  0.315000E+002 -0.222045E-015  0.363295E+001  0.315634E+002  0.100000E+001
  0.316000E+002  0.000000E+000  0.316000E+002  0.000000E+000  0.362148E+001  0.316632E+002  0.100000E+001
  0.317000E+002  0.000000E+000  0.317000E+002  0.444089E-015  0.361009E+001  0.317630E+002  0.100000E+001
  0.318000E+002  0.000000E+000  0.318000E+002  0.444089E-015  0.359877E+001  0.318628E+002  0.100000E+001
  0.319000E+002  0.000000E+000  0.319000E+002  0.000000E+000  0.358752E+001  0.319626E+002  0.100000E+001
  0.320000E+002  0.000000E+000  0.320000E+002  0.444089E-015  0.357633E+001  0.320624E+002  0.100000E+001
  0.321000E+002  0.000000E+000  0.321000E+002  0.000000E+000  0.356522E+001  0.321622E+002  0.100000E+001
  0.322000E+002  0.000000E+000  0.322000E+002 -0.222045E-015  0.355418E+001  0.322621E+002  0.100000E+001
  0.323000E+002  0.000000E+000  0.323000E+002  0.444089E-015  0.354320E+001  0.323619E+002  0.100000E+001
  0.324000E+002  0.000000E+000  0.324000E+002  0.000000E+000  0.353229E+001  0.324617E+002  0.100000E+001
  0.325000E+002  0.000000E+000  0.325000E+002  0.000000E+000  0.352145E+001  0.325615E+002  0.100000E+001
  0.326000E+002  0.000000E+000  0.326000E+002  0.000000E+000  0.351068E+001  0.326613E+002  0.100000E+001
  0.327000E+002  0.000000E+000  0.327000E+002  0.000000E+000  0.349997E+001  0.327611E+002  0.100000E+001
  0.328000E+002  0.000000E+000  0.328000E+002  0.444089E-015  0.348932E+001  0.328609E+002  0.100000E+001
  0.329000E+002  0.000000E+000  0.329000E+002  0.000000E+000  0.347875E+001  0.329607E+002  0.100000E+001
  0.330000E+002  0.000000E+000  0.330000E+002  0.444089E-015  0.346823E+001  0.330606E+002  0.100000E+001
  0.331000E+002  0.000000E+000  0.331000E+002  0.000000E+000  0.345778E+001  0.331604E+002  0.100000E+001
  0.332000E+002  0.000000E+000  0.332000E+002  0.444089E-015  0.344739E+001  0.332602E+002  0.100000E+001
  0.333000E+002  0.000000E+000  0.333000E+002 -0.222045E-015  0.343706E+001  0.333600E+002  0.100000E+001
  0.334000E+002  0.000000E+000  0.334000E+002  0.000000E+000  0.342679E+001  0.334598E+002  0.100000E+001
  0.335000E+002  0.000000E+000  0.335000E+002  0.444089E-015  0.341659E+001  0.335596E+002  0.100000E+001
  0.336000E+002  0.000000E+000  0.336000E+002  0.000000E+000  0.340644E+001  0.336595E+002  0.100000E+001
  0.337000E+002  0.000000E+000  0.337000E+002  0.000000E+000  0.339636E+001  0.337593E+002  0.100000E+001
  0.338000E+002  0.000000E+000  0.338000E+002  0.000000E+000  0.338633E+001  0.338591E+002  0.100000E+001
  0.339000E+002  0.000000E+000  0.339000E+002  0.000000E+000  0.337637E+001  0.339589E+002  0.100000E+001
  0.340000E+002  0.000000E+000  0.340000E+002  0.444089E-015  0.336646E+001  0.340588E+002  0.100000E+001
  0.341000E+002  0.000000E+000  0.341000E+002  0.000000E+000  0.335661E+001  0.341586E+002  0.100000E+001
  0.342000E+002  0.000000E+000  0.342000E+002  0.000000E+000  0.334682E+001  0.342584E+002  0.100000E+001
  0.343000E+002  0.000000E+000  0.343000E+002 -0.222045E-015  0.333708E+001  0.343583E+002  0.100000E+001
  0.344000E+002  0.000000E+000  0.344000E+002  0.000000E+000  0.332740E+001  0.344581E+002  0.100000E+001
  0.345000E+002  0.000000E+000  0.345000E+002  0.000000E+000  0.331778E+001  0.345579E+002  0.100000E+001
  0.346000E+002  0.000000E+000  0.346000E+002  0.000000E+000  0.330821E+001  0.346578E+002  0.100000E+001
  0.347000E+002  0.000000E+000  0.347000E+002  0.000000E+000  0.329870E+001  0.347576E+002  0.100000E+001
  0.348000E+002  0.000000E+000  0.348000E+002  0.000000E+000  0.328924E+001  0.348574E+002  0.100000E+001
  0.349000E+002  0.000000E+000  0.349000E+002  0.000000E+000  0.327984E+001  0.349573E+002  0.100000E+001
  0.350000E+002  0.000000E+000  0.350000E+002  0.444089E-015  0.327049E+001  0.350571E+002  0.100000E+001
  0.351000E+002  0.000000E+000  0.351000E+002  0.444089E-015  0.326119E+001  0.351569E+002  0.100000E+001
  0.352000E+002  0.000000E+000  0.352000E+002  0.000000E+000  0.325195E+001  0.352568E+002  0.100000E+001
  0.353000E+002  0.000000E+000  0.353000E+002  0.444089E-015  0.324275E+001  0.353566E+002  0.100000E+001
  0.354000E+002  0.000000E+000  0.354000E+002  0.000000E+000  0.323361E+001  0.354565E+002  0.100000E+001
  0.355000E+002  0.000000E+000  0.355000E+002  0.444089E-015  0.322452E+001  0.355563E+002  0.100000E+001
  0.356000E+002  0.000000E+000  0.356000E+002  0.444089E-015  0.321548E+001  0.356561E+002  0.100000E+001
  0.357000E+002  0.000000E+000  0.357000E+002  0.000000E+000  0.320650E+001  0.357560E+002  0.100000E+001
  0.358000E+002  0.000000E+000  0.358000E+002  0.000000E+000  0.319756E+001  0.358558E+002  0.100000E+001
  0.359000E+002  0.000000E+000  0.359000E+002  0.444089E-015  0.318867E+001  0.359557E+002  0.100000E+001
  0.360000E+002  0.000000E+000  0.360000E+002 -0.444089E-015  0.317983E+001  0.360555E+002  0.100000E+001
  0.361000E+002  0.000000E+000  0.361000E+002  0.444089E-015  0.317104E+001  0.361554E+002  0.100000E+001
  0.362000E+002  0.000000E+000  0.362000E+002  0.444089E-015  0.316230E+001  0.362552E+002  0.100000E+001
  0.363000E+002  0.000000E+000  0.363000E+002 -0.222045E-015  0.315360E+001  0.363551E+002  0.100000E+001
  0.364000E+002  0.000000E+000  0.364000E+002 -0.222045E-015  0.314496E+001  0.364549E+002  0.100000E+001
  0.365000E+002  0.000000E+000  0.365000E+002  0.000000E+000  0.313636E+001  0.365548E+002  0.100000E+001
  0.366000E+002  0.000000E+000  0.366000E+002  0.000000E+000  0.312781E+001  0.366546E+002  0.100000E+001
  0.367000E+002  0.000000E+000  0.367000E+002  0.000000E+000  0.311930E+001  0.367545E+002  0.100000E+001
  0.368000E+002  0.000000E+000  0.368000E+002  0.000000E+000  0.311084E+001  0.368543E+002  0.100000E+001
  0.369000E+002  0.000000E+000  0.369000E+002  0.444089E-015  0.310243E+001  0.369542E+002  0.100000E+001
  0.370000E+002  0.000000E+000  0.370000E+002  0.000000E+000  0.309406E+001  0.370540E+002  0.100000E+001
  0.371000E+002  0.000000E+000  0.371000E+002  0.000000E+000  0.308573E+001  0.371539E+002  0.100000E+001
  0.372000E+002  0.000000E+000  0.372000E+002 -0.222045E-015  0.307746E+001  0.372537E+002  0.100000E+001
  0.373000E+002  0.000000E+000  0.373000E+002  0.000000E+000  0.306922E+001  0.373536E+002  0.100000E+001
  0.374000E+002  0.000000E+000  0.374000E+002  0.000000E+000  0.306103E+001  0.374534E+002  0.100000E+001
  0.375000E+002  0.000000E+000  0.375000E+002  0.444089E-015  0.305288E+001  0.375533E+002  0.100000E+001
  0.376000E+002  0.000000E+000  0.376000E+002  0.444089E-015  0.304478E+001  0.376532E+002  0.100000E+001
  0.377000E+002  0.000000E+000  0.377000E+002  0.000000E+000  0.303672E+001  0.377530E+002  0.100000E+001
  0.378000E+002  0.000000E+000  0.378000E+002  0.000000E+000  0.302870E+001  0.378529E+002  0.100000E+001
  0.379000E+002  0.000000E+000  0.379000E+002  0.000000E+000  0.302072E+001  0.379527E+002  0.100000E+001
  0.380000E+002  0.000000E+000  0.380000E+002 -0.222045E-015  0.301279E+001  0.380526E+002  0.100000E+001
  0.381000E+002  0.000000E+000  0.381000E+002  0.444089E-015  0.300489E+001  0.381525E+002  0.100000E+001
  0.382000E+002  0.000000E+000  0.382000E+002  0.000000E+000  0.299704E+001  0.382523E+002  0.100000E+001
  0.383000E+002  0.000000E+000  0.383000E+002  0.444089E-015  0.298923E+001  0.383522E+002  0.100000E+001
  0.384000E+002  0.000000E+000  0.384000E+002  0.000000E+000  0.298146E+001  0.384520E+002  0.100000E+001
  0.385000E+002  0.000000E+000  0.385000E+002  0.444089E-015  0.297373E+001  0.385519E+002  0.100000E+001
  0.386000E+002  0.000000E+000  0.386000E+002 -0.222045E-015  0.296604E+001  0.386518E+002  0.100000E+001
  0.387000E+002  0.000000E+000  0.387000E+002  0.000000E+000  0.295839E+001  0.387516E+002  0.100000E+001
  0.388000E+002  0.000000E+000  0.388000E+002  0.444089E-015  0.295078E+001  0.388515E+002  0.100000E+001
  0.389000E+002  0.000000E+000  0.389000E+002  0.000000E+000  0.294321E+001  0.389514E+002  0.100000E+001
  0.390000E+002  0.000000E+000  0.390000E+002  0.000000E+000  0.293567E+001  0.390512E+002  0.100000E+001
  0.391000E+002  0.000000E+000  0.391000E+002  0.000000E+000  0.292818E+001  0.391511E+002  0.100000E+001
  0.392000E+002  0.000000E+000  0.392000E+002 -0.222045E-015  0.292072E+001  0.392510E+002  0.100000E+001
  0.393000E+002  0.000000E+000  0.393000E+002 -0.222045E-015  0.291330E+001  0.393509E+002  0.100000E+001
  0.394000E+002  0.000000E+000  0.394000E+002  0.000000E+000  0.290592E+001  0.394507E+002  0.100000E+001
  0.395000E+002  0.000000E+000  0.395000E+002  0.000000E+000  0.289858E+001  0.395506E+002  0.100000E+001
  0.396000E+002  0.000000E+000  0.396000E+002  0.444089E-015  0.289127E+001  0.396505E+002  0.100000E+001
  0.397000E+002  0.000000E+000  0.397000E+002  0.000000E+000  0.288400E+001  0.397503E+002  0.100000E+001
  0.398000E+002  0.000000E+000  0.398000E+002  0.000000E+000  0.287677E+001  0.398502E+002  0.100000E+001
  0.399000E+002  0.000000E+000  0.399000E+002  0.444089E-015  0.286957E+001  0.399501E+002  0.100000E+001
