 % the field is uss
% Dinn5 settings , t1, t2, t3, t4, tm, tp, eps, step, IntLimit
%   0.250000E+001  0.250000E+001  0.250000E+001  0.290000E+002  0.200000E-001  0.000000E+000  0.100000E-005  0.100000E-001  0.100000E+006
%psi, R, x, z, re(u), im(u), abs(u), re(w), im(w), abs(w), fieldCode, cp(1), cp(2), cs(1), cs(2), rho(1), rho(2), h, w
  0.500000E+001  0.500000E+002  0.498097E+002  0.235779E+001 -0.249690E-003  0.214046E-003  0.328878E-003  0.285397E-002 -0.244656E-002  0.375910E-002  0.220000E+002  0.200000E+001  0.100000E+001  0.500000E+000  0.300000E+000  0.200000E+001  0.100000E+001  0.100000E+001  0.100000E+002
  0.550000E+001  0.500000E+002  0.497698E+002  0.279229E+001 -0.274535E-003  0.279718E-003  0.391933E-003  0.285115E-002 -0.290498E-002  0.407038E-002  0.220000E+002  0.200000E+001  0.100000E+001  0.500000E+000  0.300000E+000  0.200000E+001  0.100000E+001  0.100000E+001  0.100000E+002
  0.600000E+001  0.500000E+002  0.497261E+002  0.322642E+001 -0.292646E-003  0.353889E-003  0.459215E-003  0.278434E-002 -0.336703E-002  0.436914E-002  0.220000E+002  0.200000E+001  0.100000E+001  0.500000E+000  0.300000E+000  0.200000E+001  0.100000E+001  0.100000E+001  0.100000E+002
  0.650000E+001  0.500000E+002  0.496786E+002  0.366016E+001 -0.302510E-003  0.435698E-003  0.530420E-003  0.265510E-002 -0.382407E-002  0.465543E-002  0.220000E+002  0.200000E+001  0.100000E+001  0.500000E+000  0.300000E+000  0.200000E+001  0.100000E+001  0.100000E+001  0.100000E+002
  0.700000E+001  0.500000E+002  0.496273E+002  0.409347E+001 -0.302798E-003  0.524062E-003  0.605250E-003  0.246609E-002 -0.426814E-002  0.492937E-002  0.220000E+002  0.200000E+001  0.100000E+001  0.500000E+000  0.300000E+000  0.200000E+001  0.100000E+001  0.100000E+001  0.100000E+002
  0.750000E+001  0.500000E+002  0.495722E+002  0.452631E+001 -0.292393E-003  0.617713E-003  0.683421E-003  0.222095E-002 -0.469200E-002  0.519109E-002  0.220000E+002  0.200000E+001  0.100000E+001  0.500000E+000  0.300000E+000  0.200000E+001  0.100000E+001  0.100000E+001  0.100000E+002
  0.800000E+001  0.500000E+002  0.495134E+002  0.495866E+001 -0.270410E-003  0.715248E-003  0.764658E-003  0.192407E-002 -0.508925E-002  0.544082E-002  0.220000E+002  0.200000E+001  0.100000E+001  0.500000E+000  0.300000E+000  0.200000E+001  0.100000E+001  0.100000E+001  0.100000E+002
  0.850000E+001  0.500000E+002  0.494508E+002  0.539047E+001 -0.236202E-003  0.815169E-003  0.848701E-003  0.158047E-002 -0.545443E-002  0.567879E-002  0.220000E+002  0.200000E+001  0.100000E+001  0.500000E+000  0.300000E+000  0.200000E+001  0.100000E+001  0.100000E+001  0.100000E+002
  0.900000E+001  0.500000E+002  0.493844E+002  0.582172E+001 -0.189364E-003  0.915931E-003  0.935301E-003  0.119559E-002 -0.578296E-002  0.590526E-002  0.220000E+002  0.200000E+001  0.100000E+001  0.500000E+000  0.300000E+000  0.200000E+001  0.100000E+001  0.100000E+001  0.100000E+002
  0.950000E+001  0.500000E+002  0.493143E+002  0.625238E+001 -0.129722E-003  0.101598E-002  0.102422E-002  0.775191E-003 -0.607123E-002  0.612052E-002  0.220000E+002  0.200000E+001  0.100000E+001  0.500000E+000  0.300000E+000  0.200000E+001  0.100000E+001  0.100000E+001  0.100000E+002
  0.100000E+002  0.500000E+002  0.492404E+002  0.668241E+001 -0.573304E-004  0.111377E-002  0.111525E-002  0.325137E-003 -0.631652E-002  0.632489E-002  0.220000E+002  0.200000E+001  0.100000E+001  0.500000E+000  0.300000E+000  0.200000E+001  0.100000E+001  0.100000E+001  0.100000E+002
  0.105000E+002  0.500000E+002  0.491627E+002  0.711178E+001  0.275555E-004  0.120785E-002  0.120816E-002 -0.148676E-003 -0.651697E-002  0.651867E-002  0.220000E+002  0.200000E+001  0.100000E+001  0.500000E+000  0.300000E+000  0.200000E+001  0.100000E+001  0.100000E+001  0.100000E+002
  0.110000E+002  0.500000E+002  0.490814E+002  0.754045E+001  0.124492E-003  0.129681E-002  0.130278E-002 -0.640457E-003 -0.667153E-002  0.670220E-002  0.220000E+002  0.200000E+001  0.100000E+001  0.500000E+000  0.300000E+000  0.200000E+001  0.100000E+001  0.100000E+001  0.100000E+002
  0.115000E+002  0.500000E+002  0.489962E+002  0.796840E+001  0.232874E-003  0.137938E-002  0.139890E-002 -0.114461E-002 -0.677986E-002  0.687580E-002  0.220000E+002  0.200000E+001  0.100000E+001  0.500000E+000  0.300000E+000  0.200000E+001  0.100000E+001  0.100000E+001  0.100000E+002
  0.120000E+002  0.500000E+002  0.489074E+002  0.839558E+001  0.351954E-003  0.145438E-002  0.149636E-002 -0.165581E-002 -0.684230E-002  0.703980E-002  0.220000E+002  0.200000E+001  0.100000E+001  0.500000E+000  0.300000E+000  0.200000E+001  0.100000E+001  0.100000E+001  0.100000E+002
  0.125000E+002  0.500000E+002  0.488148E+002  0.882198E+001  0.480872E-003  0.152078E-002  0.159499E-002 -0.216908E-002 -0.685978E-002  0.719454E-002  0.220000E+002  0.200000E+001  0.100000E+001  0.500000E+000  0.300000E+000  0.200000E+001  0.100000E+001  0.100000E+001  0.100000E+002
  0.130000E+002  0.500000E+002  0.487185E+002  0.924755E+001  0.618677E-003  0.157768E-002  0.169465E-002 -0.267978E-002 -0.683368E-002  0.734033E-002  0.220000E+002  0.200000E+001  0.100000E+001  0.500000E+000  0.300000E+000  0.200000E+001  0.100000E+001  0.100000E+001  0.100000E+002
  0.135000E+002  0.500000E+002  0.486185E+002  0.967227E+001  0.764346E-003  0.162433E-002  0.179518E-002 -0.318373E-002 -0.676584E-002  0.747748E-002  0.220000E+002  0.200000E+001  0.100000E+001  0.500000E+000  0.300000E+000  0.200000E+001  0.100000E+001  0.100000E+001  0.100000E+002
  0.140000E+002  0.500000E+002  0.485148E+002  0.100961E+002  0.916813E-003  0.166013E-002  0.189646E-002 -0.367714E-002 -0.665841E-002  0.760630E-002  0.220000E+002  0.200000E+001  0.100000E+001  0.500000E+000  0.300000E+000  0.200000E+001  0.100000E+001  0.100000E+001  0.100000E+002
  0.145000E+002  0.500000E+002  0.484074E+002  0.105190E+002  0.107498E-002  0.168459E-002  0.199836E-002 -0.415665E-002 -0.651384E-002  0.772709E-002  0.220000E+002  0.200000E+001  0.100000E+001  0.500000E+000  0.300000E+000  0.200000E+001  0.100000E+001  0.100000E+001  0.100000E+002
  0.150000E+002  0.500000E+002  0.482963E+002  0.109410E+002  0.123775E-002  0.169739E-002  0.210075E-002 -0.461936E-002 -0.633475E-002  0.784012E-002  0.220000E+002  0.200000E+001  0.100000E+001  0.500000E+000  0.300000E+000  0.200000E+001  0.100000E+001  0.100000E+001  0.100000E+002
  0.155000E+002  0.500000E+002  0.481815E+002  0.113619E+002  0.140402E-002  0.169831E-002  0.220353E-002 -0.506275E-002 -0.612392E-002  0.794568E-002  0.220000E+002  0.200000E+001  0.100000E+001  0.500000E+000  0.300000E+000  0.200000E+001  0.100000E+001  0.100000E+001  0.100000E+002
  0.160000E+002  0.500000E+002  0.480631E+002  0.117819E+002  0.157272E-002  0.168727E-002  0.230658E-002 -0.548473E-002 -0.588421E-002  0.804402E-002  0.220000E+002  0.200000E+001  0.100000E+001  0.500000E+000  0.300000E+000  0.200000E+001  0.100000E+001  0.100000E+001  0.100000E+002
  0.165000E+002  0.500000E+002  0.479410E+002  0.122008E+002  0.174280E-002  0.166429E-002  0.240981E-002 -0.588358E-002 -0.561854E-002  0.813539E-002  0.220000E+002  0.200000E+001  0.100000E+001  0.500000E+000  0.300000E+000  0.200000E+001  0.100000E+001  0.100000E+001  0.100000E+002
  0.170000E+002  0.500000E+002  0.478152E+002  0.126186E+002  0.191325E-002  0.162948E-002  0.251311E-002 -0.625796E-002 -0.532980E-002  0.822003E-002  0.220000E+002  0.200000E+001  0.100000E+001  0.500000E+000  0.300000E+000  0.200000E+001  0.100000E+001  0.100000E+001  0.100000E+002
  0.175000E+002  0.500000E+002  0.476858E+002  0.130353E+002  0.208313E-002  0.158307E-002  0.261640E-002 -0.660684E-002 -0.502086E-002  0.829816E-002  0.220000E+002  0.200000E+001  0.100000E+001  0.500000E+000  0.300000E+000  0.200000E+001  0.100000E+001  0.100000E+001  0.100000E+002
  0.180000E+002  0.500000E+002  0.475528E+002  0.134508E+002  0.225153E-002  0.152535E-002  0.271958E-002 -0.692950E-002 -0.469455E-002  0.836999E-002  0.220000E+002  0.200000E+001  0.100000E+001  0.500000E+000  0.300000E+000  0.200000E+001  0.100000E+001  0.100000E+001  0.100000E+002
  0.185000E+002  0.500000E+002  0.474162E+002  0.138652E+002  0.241762E-002  0.145668E-002  0.282256E-002 -0.722551E-002 -0.435357E-002  0.843574E-002  0.220000E+002  0.200000E+001  0.100000E+001  0.500000E+000  0.300000E+000  0.200000E+001  0.100000E+001  0.100000E+001  0.100000E+002
  0.190000E+002  0.500000E+002  0.472759E+002  0.142784E+002  0.258063E-002  0.137750E-002  0.292526E-002 -0.749469E-002 -0.400055E-002  0.849557E-002  0.220000E+002  0.200000E+001  0.100000E+001  0.500000E+000  0.300000E+000  0.200000E+001  0.100000E+001  0.100000E+001  0.100000E+002
  0.195000E+002  0.500000E+002  0.471321E+002  0.146903E+002  0.273984E-002  0.128828E-002  0.302760E-002 -0.773707E-002 -0.363798E-002  0.854969E-002  0.220000E+002  0.200000E+001  0.100000E+001  0.500000E+000  0.300000E+000  0.200000E+001  0.100000E+001  0.100000E+001  0.100000E+002
  0.200000E+002  0.500000E+002  0.469846E+002  0.151010E+002  0.289461E-002  0.118954E-002  0.312950E-002 -0.795289E-002 -0.326823E-002  0.859824E-002  0.220000E+002  0.200000E+001  0.100000E+001  0.500000E+000  0.300000E+000  0.200000E+001  0.100000E+001  0.100000E+001  0.100000E+002
  0.205000E+002  0.500000E+002  0.468336E+002  0.155104E+002  0.304438E-002  0.108185E-002  0.323089E-002 -0.814256E-002 -0.289353E-002  0.864140E-002  0.220000E+002  0.200000E+001  0.100000E+001  0.500000E+000  0.300000E+000  0.200000E+001  0.100000E+001  0.100000E+001  0.100000E+002
  0.210000E+002  0.500000E+002  0.466790E+002  0.159184E+002  0.318862E-002  0.965785E-003  0.333167E-002 -0.830664E-002 -0.251596E-002  0.867931E-002  0.220000E+002  0.200000E+001  0.100000E+001  0.500000E+000  0.300000E+000  0.200000E+001  0.100000E+001  0.100000E+001  0.100000E+002
  0.215000E+002  0.500000E+002  0.465209E+002  0.163251E+002  0.332690E-002  0.841967E-003  0.343179E-002 -0.844583E-002 -0.213746E-002  0.871210E-002  0.220000E+002  0.200000E+001  0.100000E+001  0.500000E+000  0.300000E+000  0.200000E+001  0.100000E+001  0.100000E+001  0.100000E+002
  0.220000E+002  0.500000E+002  0.463592E+002  0.167303E+002  0.345883E-002  0.711015E-003  0.353116E-002 -0.856091E-002 -0.175982E-002  0.873992E-002  0.220000E+002  0.200000E+001  0.100000E+001  0.500000E+000  0.300000E+000  0.200000E+001  0.100000E+001  0.100000E+001  0.100000E+002
  0.225000E+002  0.500000E+002  0.461940E+002  0.171342E+002  0.358410E-002  0.573565E-003  0.362970E-002 -0.865278E-002 -0.138471E-002  0.876287E-002  0.220000E+002  0.200000E+001  0.100000E+001  0.500000E+000  0.300000E+000  0.200000E+001  0.100000E+001  0.100000E+001  0.100000E+002
  0.230000E+002  0.500000E+002  0.460252E+002  0.175366E+002  0.370243E-002  0.430256E-003  0.372735E-002 -0.872238E-002 -0.101362E-002  0.878108E-002  0.220000E+002  0.200000E+001  0.100000E+001  0.500000E+000  0.300000E+000  0.200000E+001  0.100000E+001  0.100000E+001  0.100000E+002
  0.235000E+002  0.500000E+002  0.458530E+002  0.179375E+002  0.381363E-002  0.281730E-003  0.382402E-002 -0.877075E-002 -0.647935E-003  0.879465E-002  0.220000E+002  0.200000E+001  0.100000E+001  0.500000E+000  0.300000E+000  0.200000E+001  0.100000E+001  0.100000E+001  0.100000E+002
  0.240000E+002  0.500000E+002  0.456773E+002  0.183368E+002  0.391754E-002  0.128625E-003  0.391965E-002 -0.879893E-002 -0.288895E-003  0.880367E-002  0.220000E+002  0.200000E+001  0.100000E+001  0.500000E+000  0.300000E+000  0.200000E+001  0.100000E+001  0.100000E+001  0.100000E+002
  0.245000E+002  0.500000E+002  0.454981E+002  0.187347E+002  0.401405E-002 -0.284296E-004  0.401415E-002 -0.880802E-002  0.623831E-004  0.880824E-002  0.220000E+002  0.200000E+001  0.100000E+001  0.500000E+000  0.300000E+000  0.200000E+001  0.100000E+001  0.100000E+001  0.100000E+002
  0.250000E+002  0.500000E+002  0.453154E+002  0.191309E+002  0.410310E-002 -0.188810E-003  0.410745E-002 -0.879913E-002  0.404904E-003  0.880844E-002  0.220000E+002  0.200000E+001  0.100000E+001  0.500000E+000  0.300000E+000  0.200000E+001  0.100000E+001  0.100000E+001  0.100000E+002
  0.255000E+002  0.500000E+002  0.451293E+002  0.195256E+002  0.418469E-002 -0.351905E-003  0.419946E-002 -0.877339E-002  0.737785E-003  0.880436E-002  0.220000E+002  0.200000E+001  0.100000E+001  0.500000E+000  0.300000E+000  0.200000E+001  0.100000E+001  0.100000E+001  0.100000E+002
  0.260000E+002  0.500000E+002  0.449397E+002  0.199186E+002  0.425884E-002 -0.517119E-003  0.429012E-002 -0.873192E-002  0.106025E-002  0.879605E-002  0.220000E+002  0.200000E+001  0.100000E+001  0.500000E+000  0.300000E+000  0.200000E+001  0.100000E+001  0.100000E+001  0.100000E+002
  0.265000E+002  0.500000E+002  0.447467E+002  0.203099E+002  0.432561E-002 -0.683868E-003  0.437934E-002 -0.867583E-002  0.137163E-002  0.878359E-002  0.220000E+002  0.200000E+001  0.100000E+001  0.500000E+000  0.300000E+000  0.200000E+001  0.100000E+001  0.100000E+001  0.100000E+002
  0.270000E+002  0.500000E+002  0.445503E+002  0.206995E+002  0.438510E-002 -0.851588E-003  0.446703E-002 -0.860625E-002  0.167133E-002  0.876703E-002  0.220000E+002  0.200000E+001  0.100000E+001  0.500000E+000  0.300000E+000  0.200000E+001  0.100000E+001  0.100000E+001  0.100000E+002
  0.275000E+002  0.500000E+002  0.443505E+002  0.210874E+002  0.443745E-002 -0.101973E-002  0.455311E-002 -0.852426E-002  0.195888E-002  0.874644E-002  0.220000E+002  0.200000E+001  0.100000E+001  0.500000E+000  0.300000E+000  0.200000E+001  0.100000E+001  0.100000E+001  0.100000E+002
  0.280000E+002  0.500000E+002  0.441474E+002  0.214736E+002  0.448281E-002 -0.118776E-002  0.463749E-002 -0.843093E-002  0.223385E-002  0.872185E-002  0.220000E+002  0.200000E+001  0.100000E+001  0.500000E+000  0.300000E+000  0.200000E+001  0.100000E+001  0.100000E+001  0.100000E+002
  0.285000E+002  0.500000E+002  0.439409E+002  0.218579E+002  0.452137E-002 -0.135517E-002  0.472009E-002 -0.832732E-002  0.249591E-002  0.869332E-002  0.220000E+002  0.200000E+001  0.100000E+001  0.500000E+000  0.300000E+000  0.200000E+001  0.100000E+001  0.100000E+001  0.100000E+002
  0.290000E+002  0.500000E+002  0.437310E+002  0.222405E+002  0.455334E-002 -0.152146E-002  0.480081E-002 -0.821444E-002  0.274479E-002  0.866088E-002  0.220000E+002  0.200000E+001  0.100000E+001  0.500000E+000  0.300000E+000  0.200000E+001  0.100000E+001  0.100000E+001  0.100000E+002
  0.295000E+002  0.500000E+002  0.435178E+002  0.226212E+002  0.457896E-002 -0.168617E-002  0.487955E-002 -0.809328E-002  0.298030E-002  0.862458E-002  0.220000E+002  0.200000E+001  0.100000E+001  0.500000E+000  0.300000E+000  0.200000E+001  0.100000E+001  0.100000E+001  0.100000E+002
  0.300000E+002  0.500000E+002  0.433013E+002  0.230000E+002  0.459848E-002 -0.184883E-002  0.495622E-002 -0.796479E-002  0.320227E-002  0.858443E-002  0.220000E+002  0.200000E+001  0.100000E+001  0.500000E+000  0.300000E+000  0.200000E+001  0.100000E+001  0.100000E+001  0.100000E+002
  0.305000E+002  0.500000E+002  0.430815E+002  0.233769E+002  0.461216E-002 -0.200901E-002  0.503072E-002 -0.782990E-002  0.341063E-002  0.854048E-002  0.220000E+002  0.200000E+001  0.100000E+001  0.500000E+000  0.300000E+000  0.200000E+001  0.100000E+001  0.100000E+001  0.100000E+002
  0.310000E+002  0.500000E+002  0.428584E+002  0.237519E+002  0.462031E-002 -0.216629E-002  0.510295E-002 -0.768948E-002  0.360532E-002  0.849273E-002  0.220000E+002  0.200000E+001  0.100000E+001  0.500000E+000  0.300000E+000  0.200000E+001  0.100000E+001  0.100000E+001  0.100000E+002
  0.315000E+002  0.500000E+002  0.426320E+002  0.241249E+002  0.462321E-002 -0.232027E-002  0.517278E-002 -0.754439E-002  0.378634E-002  0.844122E-002  0.220000E+002  0.200000E+001  0.100000E+001  0.500000E+000  0.300000E+000  0.200000E+001  0.100000E+001  0.100000E+001  0.100000E+002
  0.320000E+002  0.500000E+002  0.424024E+002  0.244960E+002  0.462117E-002 -0.247056E-002  0.524013E-002 -0.739542E-002  0.395372E-002  0.838595E-002  0.220000E+002  0.200000E+001  0.100000E+001  0.500000E+000  0.300000E+000  0.200000E+001  0.100000E+001  0.100000E+001  0.100000E+002
  0.325000E+002  0.500000E+002  0.421696E+002  0.248650E+002  0.461453E-002 -0.261679E-002  0.530485E-002 -0.724336E-002  0.410754E-002  0.832695E-002  0.220000E+002  0.200000E+001  0.100000E+001  0.500000E+000  0.300000E+000  0.200000E+001  0.100000E+001  0.100000E+001  0.100000E+002
  0.330000E+002  0.500000E+002  0.419335E+002  0.252320E+002  0.460359E-002 -0.275862E-002  0.536685E-002 -0.708891E-002  0.424790E-002  0.826422E-002  0.220000E+002  0.200000E+001  0.100000E+001  0.500000E+000  0.300000E+000  0.200000E+001  0.100000E+001  0.100000E+001  0.100000E+002
  0.335000E+002  0.500000E+002  0.416943E+002  0.255968E+002  0.458871E-002 -0.289570E-002  0.542599E-002 -0.693278E-002  0.437493E-002  0.819777E-002  0.220000E+002  0.200000E+001  0.100000E+001  0.500000E+000  0.300000E+000  0.200000E+001  0.100000E+001  0.100000E+001  0.100000E+002
  0.340000E+002  0.500000E+002  0.414519E+002  0.259596E+002  0.457021E-002 -0.302771E-002  0.548214E-002 -0.677562E-002  0.448877E-002  0.812761E-002  0.220000E+002  0.200000E+001  0.100000E+001  0.500000E+000  0.300000E+000  0.200000E+001  0.100000E+001  0.100000E+001  0.100000E+002
  0.345000E+002  0.500000E+002  0.412063E+002  0.263203E+002  0.454845E-002 -0.315434E-002  0.553518E-002 -0.661803E-002  0.458959E-002  0.805374E-002  0.220000E+002  0.200000E+001  0.100000E+001  0.500000E+000  0.300000E+000  0.200000E+001  0.100000E+001  0.100000E+001  0.100000E+002
  0.350000E+002  0.500000E+002  0.409576E+002  0.266788E+002  0.452376E-002 -0.327528E-002  0.558497E-002 -0.646059E-002  0.467759E-002  0.797616E-002  0.220000E+002  0.200000E+001  0.100000E+001  0.500000E+000  0.300000E+000  0.200000E+001  0.100000E+001  0.100000E+001  0.100000E+002
  0.355000E+002  0.500000E+002  0.407058E+002  0.270351E+002  0.449648E-002 -0.339026E-002  0.563136E-002 -0.630383E-002  0.475297E-002  0.789487E-002  0.220000E+002  0.200000E+001  0.100000E+001  0.500000E+000  0.300000E+000  0.200000E+001  0.100000E+001  0.100000E+001  0.100000E+002
  0.360000E+002  0.500000E+002  0.404508E+002  0.273893E+002  0.446696E-002 -0.349898E-002  0.567421E-002 -0.614824E-002  0.481593E-002  0.780987E-002  0.220000E+002  0.200000E+001  0.100000E+001  0.500000E+000  0.300000E+000  0.200000E+001  0.100000E+001  0.100000E+001  0.100000E+002
  0.365000E+002  0.500000E+002  0.401928E+002  0.277411E+002  0.443554E-002 -0.360118E-002  0.571336E-002 -0.599428E-002  0.486671E-002  0.772116E-002  0.220000E+002  0.200000E+001  0.100000E+001  0.500000E+000  0.300000E+000  0.200000E+001  0.100000E+001  0.100000E+001  0.100000E+002
  0.370000E+002  0.500000E+002  0.399318E+002  0.280908E+002  0.440254E-002 -0.369659E-002  0.574867E-002 -0.584237E-002  0.490554E-002  0.762874E-002  0.220000E+002  0.200000E+001  0.100000E+001  0.500000E+000  0.300000E+000  0.200000E+001  0.100000E+001  0.100000E+001  0.100000E+002
  0.375000E+002  0.500000E+002  0.396677E+002  0.284381E+002  0.436830E-002 -0.378496E-002  0.577996E-002 -0.569288E-002  0.493266E-002  0.753259E-002  0.220000E+002  0.200000E+001  0.100000E+001  0.500000E+000  0.300000E+000  0.200000E+001  0.100000E+001  0.100000E+001  0.100000E+002
  0.380000E+002  0.500000E+002  0.394005E+002  0.287831E+002  0.433313E-002 -0.386603E-002  0.580708E-002 -0.554615E-002  0.494829E-002  0.743273E-002  0.220000E+002  0.200000E+001  0.100000E+001  0.500000E+000  0.300000E+000  0.200000E+001  0.100000E+001  0.100000E+001  0.100000E+002
  0.385000E+002  0.500000E+002  0.391304E+002  0.291257E+002  0.429734E-002 -0.393956E-002  0.582985E-002 -0.540249E-002  0.495270E-002  0.732913E-002  0.220000E+002  0.200000E+001  0.100000E+001  0.500000E+000  0.300000E+000  0.200000E+001  0.100000E+001  0.100000E+001  0.100000E+002
  0.390000E+002  0.500000E+002  0.388573E+002  0.294660E+002  0.426122E-002 -0.400529E-002  0.584811E-002 -0.526217E-002  0.494612E-002  0.722181E-002  0.220000E+002  0.200000E+001  0.100000E+001  0.500000E+000  0.300000E+000  0.200000E+001  0.100000E+001  0.100000E+001  0.100000E+002
  0.395000E+002  0.500000E+002  0.385812E+002  0.298039E+002  0.422507E-002 -0.406298E-002  0.586166E-002 -0.512542E-002  0.492879E-002  0.711076E-002  0.220000E+002  0.200000E+001  0.100000E+001  0.500000E+000  0.300000E+000  0.200000E+001  0.100000E+001  0.100000E+001  0.100000E+002
  0.400000E+002  0.500000E+002  0.383022E+002  0.301394E+002  0.418914E-002 -0.411239E-002  0.587032E-002 -0.499242E-002  0.490096E-002  0.699598E-002  0.220000E+002  0.200000E+001  0.100000E+001  0.500000E+000  0.300000E+000  0.200000E+001  0.100000E+001  0.100000E+001  0.100000E+002
  0.405000E+002  0.500000E+002  0.380203E+002  0.304724E+002  0.415369E-002 -0.415328E-002  0.587391E-002 -0.486334E-002  0.486287E-002  0.687747E-002  0.220000E+002  0.200000E+001  0.100000E+001  0.500000E+000  0.300000E+000  0.200000E+001  0.100000E+001  0.100000E+001  0.100000E+002
  0.410000E+002  0.500000E+002  0.377355E+002  0.308030E+002  0.411894E-002 -0.418539E-002  0.587224E-002 -0.473830E-002  0.481474E-002  0.675524E-002  0.220000E+002  0.200000E+001  0.100000E+001  0.500000E+000  0.300000E+000  0.200000E+001  0.100000E+001  0.100000E+001  0.100000E+002
  0.415000E+002  0.500000E+002  0.374478E+002  0.311310E+002  0.408510E-002 -0.420848E-002  0.586510E-002 -0.461737E-002  0.475682E-002  0.662929E-002  0.220000E+002  0.200000E+001  0.100000E+001  0.500000E+000  0.300000E+000  0.200000E+001  0.100000E+001  0.100000E+001  0.100000E+002
  0.420000E+002  0.500000E+002  0.371572E+002  0.314565E+002  0.405236E-002 -0.422229E-002  0.585230E-002 -0.450060E-002  0.468933E-002  0.649963E-002  0.220000E+002  0.200000E+001  0.100000E+001  0.500000E+000  0.300000E+000  0.200000E+001  0.100000E+001  0.100000E+001  0.100000E+002
  0.425000E+002  0.500000E+002  0.368639E+002  0.317795E+002  0.402086E-002 -0.422657E-002  0.583363E-002 -0.438800E-002  0.461249E-002  0.636629E-002  0.220000E+002  0.200000E+001  0.100000E+001  0.500000E+000  0.300000E+000  0.200000E+001  0.100000E+001  0.100000E+001  0.100000E+002
  0.430000E+002  0.500000E+002  0.365677E+002  0.320999E+002  0.399074E-002 -0.422105E-002  0.580890E-002 -0.427954E-002  0.452652E-002  0.622928E-002  0.220000E+002  0.200000E+001  0.100000E+001  0.500000E+000  0.300000E+000  0.200000E+001  0.100000E+001  0.100000E+001  0.100000E+002
  0.435000E+002  0.500000E+002  0.362687E+002  0.324177E+002  0.396207E-002 -0.420547E-002  0.577788E-002 -0.417515E-002  0.443164E-002  0.608862E-002  0.220000E+002  0.200000E+001  0.100000E+001  0.500000E+000  0.300000E+000  0.200000E+001  0.100000E+001  0.100000E+001  0.100000E+002
  0.440000E+002  0.500000E+002  0.359670E+002  0.327329E+002  0.393491E-002 -0.417954E-002  0.574039E-002 -0.407472E-002  0.432804E-002  0.594435E-002  0.220000E+002  0.200000E+001  0.100000E+001  0.500000E+000  0.300000E+000  0.200000E+001  0.100000E+001  0.100000E+001  0.100000E+002
  0.445000E+002  0.500000E+002  0.356625E+002  0.330455E+002  0.390926E-002 -0.414299E-002  0.569620E-002 -0.397810E-002  0.421594E-002  0.579650E-002  0.220000E+002  0.200000E+001  0.100000E+001  0.500000E+000  0.300000E+000  0.200000E+001  0.100000E+001  0.100000E+001  0.100000E+002
  0.450000E+002  0.500000E+002  0.353553E+002  0.333553E+002  0.388509E-002 -0.409553E-002  0.564511E-002 -0.388509E-002  0.409553E-002  0.564511E-002  0.220000E+002  0.200000E+001  0.100000E+001  0.500000E+000  0.300000E+000  0.200000E+001  0.100000E+001  0.100000E+001  0.100000E+002
  0.455000E+002  0.500000E+002  0.350455E+002  0.336625E+002  0.386230E-002 -0.403686E-002  0.558691E-002 -0.379547E-002  0.396701E-002  0.549025E-002  0.220000E+002  0.200000E+001  0.100000E+001  0.500000E+000  0.300000E+000  0.200000E+001  0.100000E+001  0.100000E+001  0.100000E+002
  0.460000E+002  0.500000E+002  0.347329E+002  0.339670E+002  0.384074E-002 -0.396670E-002  0.552141E-002 -0.370896E-002  0.383059E-002  0.533196E-002  0.220000E+002  0.200000E+001  0.100000E+001  0.500000E+000  0.300000E+000  0.200000E+001  0.100000E+001  0.100000E+001  0.100000E+002
  0.465000E+002  0.500000E+002  0.344177E+002  0.342687E+002  0.382019E-002 -0.388473E-002  0.544839E-002 -0.362522E-002  0.368647E-002  0.517033E-002  0.220000E+002  0.200000E+001  0.100000E+001  0.500000E+000  0.300000E+000  0.200000E+001  0.100000E+001  0.100000E+001  0.100000E+002
  0.470000E+002  0.500000E+002  0.340999E+002  0.345677E+002  0.380036E-002 -0.379065E-002  0.536766E-002 -0.354389E-002  0.353484E-002  0.500542E-002  0.220000E+002  0.200000E+001  0.100000E+001  0.500000E+000  0.300000E+000  0.200000E+001  0.100000E+001  0.100000E+001  0.100000E+002
  0.475000E+002  0.500000E+002  0.337795E+002  0.348639E+002  0.378088E-002 -0.368418E-002  0.527904E-002 -0.346454E-002  0.337593E-002  0.483734E-002  0.220000E+002  0.200000E+001  0.100000E+001  0.500000E+000  0.300000E+000  0.200000E+001  0.100000E+001  0.100000E+001  0.100000E+002
  0.480000E+002  0.500000E+002  0.334565E+002  0.351572E+002  0.376129E-002 -0.356502E-002  0.518234E-002 -0.338668E-002  0.320995E-002  0.466620E-002  0.220000E+002  0.200000E+001  0.100000E+001  0.500000E+000  0.300000E+000  0.200000E+001  0.100000E+001  0.100000E+001  0.100000E+002
  0.485000E+002  0.500000E+002  0.331310E+002  0.354478E+002  0.374104E-002 -0.343288E-002  0.507740E-002 -0.330979E-002  0.303716E-002  0.449211E-002  0.220000E+002  0.200000E+001  0.100000E+001  0.500000E+000  0.300000E+000  0.200000E+001  0.100000E+001  0.100000E+001  0.100000E+002
  0.490000E+002  0.500000E+002  0.328030E+002  0.357355E+002  0.371944E-002 -0.328753E-002  0.496408E-002 -0.323326E-002  0.285780E-002  0.431521E-002  0.220000E+002  0.200000E+001  0.100000E+001  0.500000E+000  0.300000E+000  0.200000E+001  0.100000E+001  0.100000E+001  0.100000E+002
  0.495000E+002  0.500000E+002  0.324724E+002  0.360203E+002  0.369572E-002 -0.312873E-002  0.484224E-002 -0.315644E-002  0.267219E-002  0.413567E-002  0.220000E+002  0.200000E+001  0.100000E+001  0.500000E+000  0.300000E+000  0.200000E+001  0.100000E+001  0.100000E+001  0.100000E+002
  0.500000E+002  0.500000E+002  0.321394E+002  0.363022E+002  0.366894E-002 -0.295633E-002  0.471179E-002 -0.307860E-002  0.248065E-002  0.395366E-002  0.220000E+002  0.200000E+001  0.100000E+001  0.500000E+000  0.300000E+000  0.200000E+001  0.100000E+001  0.100000E+001  0.100000E+002
  0.505000E+002  0.500000E+002  0.318039E+002  0.365812E+002  0.363801E-002 -0.277020E-002  0.457265E-002 -0.299894E-002  0.228358E-002  0.376940E-002  0.220000E+002  0.200000E+001  0.100000E+001  0.500000E+000  0.300000E+000  0.200000E+001  0.100000E+001  0.100000E+001  0.100000E+002
  0.510000E+002  0.500000E+002  0.314660E+002  0.368573E+002  0.360170E-002 -0.257035E-002  0.442481E-002 -0.291660E-002  0.208143E-002  0.358314E-002  0.220000E+002  0.200000E+001  0.100000E+001  0.500000E+000  0.300000E+000  0.200000E+001  0.100000E+001  0.100000E+001  0.100000E+002
  0.515000E+002  0.500000E+002  0.311257E+002  0.371304E+002  0.355858E-002 -0.235687E-002  0.426829E-002 -0.283062E-002  0.187474E-002  0.339515E-002  0.220000E+002  0.200000E+001  0.100000E+001  0.500000E+000  0.300000E+000  0.200000E+001  0.100000E+001  0.100000E+001  0.100000E+002
  0.520000E+002  0.500000E+002  0.307831E+002  0.374005E+002  0.350703E-002 -0.213004E-002  0.410321E-002 -0.274000E-002  0.166417E-002  0.320578E-002  0.220000E+002  0.200000E+001  0.100000E+001  0.500000E+000  0.300000E+000  0.200000E+001  0.100000E+001  0.100000E+001  0.100000E+002
  0.525000E+002  0.500000E+002  0.304381E+002  0.376677E+002  0.344526E-002 -0.189032E-002  0.392977E-002 -0.264364E-002  0.145049E-002  0.301542E-002  0.220000E+002  0.200000E+001  0.100000E+001  0.500000E+000  0.300000E+000  0.200000E+001  0.100000E+001  0.100000E+001  0.100000E+002
  0.530000E+002  0.500000E+002  0.300908E+002  0.379318E+002  0.337123E-002 -0.163844E-002  0.374829E-002 -0.254040E-002  0.123465E-002  0.282454E-002  0.220000E+002  0.200000E+001  0.100000E+001  0.500000E+000  0.300000E+000  0.200000E+001  0.100000E+001  0.100000E+001  0.100000E+002
  0.535000E+002  0.500000E+002  0.297411E+002  0.381928E+002  0.328272E-002 -0.137549E-002  0.355924E-002 -0.242909E-002  0.101781E-002  0.263370E-002  0.220000E+002  0.200000E+001  0.100000E+001  0.500000E+000  0.300000E+000  0.200000E+001  0.100000E+001  0.100000E+001  0.100000E+002
  0.540000E+002  0.500000E+002  0.293893E+002  0.384508E+002  0.317733E-002 -0.110293E-002  0.336331E-002 -0.230846E-002  0.801325E-003  0.244359E-002  0.220000E+002  0.200000E+001  0.100000E+001  0.500000E+000  0.300000E+000  0.200000E+001  0.100000E+001  0.100000E+001  0.100000E+002
  0.545000E+002  0.500000E+002  0.290351E+002  0.387058E+002  0.305248E-002 -0.822778E-003  0.316142E-002 -0.217731E-002  0.586882E-003  0.225502E-002  0.220000E+002  0.200000E+001  0.100000E+001  0.500000E+000  0.300000E+000  0.200000E+001  0.100000E+001  0.100000E+001  0.100000E+002
  0.550000E+002  0.500000E+002  0.286788E+002  0.389576E+002  0.290549E-002 -0.537660E-003  0.295482E-002 -0.203445E-002  0.376474E-003  0.206899E-002  0.220000E+002  0.200000E+001  0.100000E+001  0.500000E+000  0.300000E+000  0.200000E+001  0.100000E+001  0.100000E+001  0.100000E+002
  0.555000E+002  0.500000E+002  0.283203E+002  0.392063E+002  0.273365E-002 -0.250965E-003  0.274515E-002 -0.187879E-002  0.172484E-003  0.188669E-002  0.220000E+002  0.200000E+001  0.100000E+001  0.500000E+000  0.300000E+000  0.200000E+001  0.100000E+001  0.100000E+001  0.100000E+002
  0.560000E+002  0.500000E+002  0.279596E+002  0.394519E+002  0.253430E-002  0.330180E-004  0.253452E-002 -0.170941E-002 -0.222710E-004  0.170955E-002  0.220000E+002  0.200000E+001  0.100000E+001  0.500000E+000  0.300000E+000  0.200000E+001  0.100000E+001  0.100000E+001  0.100000E+002
  0.565000E+002  0.500000E+002  0.275968E+002  0.396943E+002  0.230498E-002  0.308937E-003  0.232559E-002 -0.152563E-002 -0.204481E-003  0.153927E-002  0.220000E+002  0.200000E+001  0.100000E+001  0.500000E+000  0.300000E+000  0.200000E+001  0.100000E+001  0.100000E+001  0.100000E+002
  0.570000E+002  0.500000E+002  0.272320E+002  0.399335E+002  0.204352E-002  0.570179E-003  0.212157E-002 -0.132708E-002 -0.370278E-003  0.137777E-002  0.220000E+002  0.200000E+001  0.100000E+001  0.500000E+000  0.300000E+000  0.200000E+001  0.100000E+001  0.100000E+001  0.100000E+002
  0.575000E+002  0.500000E+002  0.268650E+002  0.401696E+002  0.174817E-002  0.808580E-003  0.192611E-002 -0.111371E-002 -0.515122E-003  0.122707E-002  0.220000E+002  0.200000E+001  0.100000E+001  0.500000E+000  0.300000E+000  0.200000E+001  0.100000E+001  0.100000E+001  0.100000E+002
  0.580000E+002  0.500000E+002  0.264960E+002  0.404024E+002  0.141751E-002  0.101391E-002  0.174279E-002 -0.885756E-003 -0.633559E-003  0.108902E-002  0.220000E+002  0.200000E+001  0.100000E+001  0.500000E+000  0.300000E+000  0.200000E+001  0.100000E+001  0.100000E+001  0.100000E+002
  0.585000E+002  0.500000E+002  0.261249E+002  0.406320E+002  0.104988E-002  0.117259E-002  0.157392E-002 -0.643367E-003 -0.718566E-003  0.964499E-003  0.220000E+002  0.200000E+001  0.100000E+001  0.500000E+000  0.300000E+000  0.200000E+001  0.100000E+001  0.100000E+001  0.100000E+002
  0.590000E+002  0.500000E+002  0.257519E+002  0.408584E+002  0.641229E-003  0.126400E-002  0.141735E-002 -0.385289E-003 -0.759487E-003  0.851627E-003  0.220000E+002  0.200000E+001  0.100000E+001  0.500000E+000  0.300000E+000  0.200000E+001  0.100000E+001  0.100000E+001  0.100000E+002
  0.595000E+002  0.500000E+002  0.253769E+002  0.410815E+002  0.175054E-003  0.124462E-002  0.125687E-002 -0.103115E-003 -0.733136E-003  0.740352E-003  0.220000E+002  0.200000E+001  0.100000E+001  0.500000E+000  0.300000E+000  0.200000E+001  0.100000E+001  0.100000E+001  0.100000E+002
  0.600000E+002  0.500000E+002  0.250000E+002  0.413013E+002 -0.617308E-003  0.704981E-003  0.937053E-003  0.356403E-003 -0.407021E-003  0.541008E-003  0.220000E+002  0.200000E+001  0.100000E+001  0.500000E+000  0.300000E+000  0.200000E+001  0.100000E+001  0.100000E+001  0.100000E+002
  0.605000E+002  0.500000E+002  0.246212E+002  0.415178E+002  0.753476E-004  0.430210E-003  0.436758E-003 -0.426296E-004 -0.243401E-003  0.247106E-003  0.220000E+002  0.200000E+001  0.100000E+001  0.500000E+000  0.300000E+000  0.200000E+001  0.100000E+001  0.100000E+001  0.100000E+002
  0.610000E+002  0.500000E+002  0.242405E+002  0.417310E+002  0.255587E-003  0.551932E-003  0.608238E-003 -0.141674E-003 -0.305941E-003  0.337152E-003  0.220000E+002  0.200000E+001  0.100000E+001  0.500000E+000  0.300000E+000  0.200000E+001  0.100000E+001  0.100000E+001  0.100000E+002
  0.615000E+002  0.500000E+002  0.238579E+002  0.419409E+002  0.317475E-003  0.747917E-003  0.812509E-003 -0.172375E-003 -0.406086E-003  0.441156E-003  0.220000E+002  0.200000E+001  0.100000E+001  0.500000E+000  0.300000E+000  0.200000E+001  0.100000E+001  0.100000E+001  0.100000E+002
  0.620000E+002  0.500000E+002  0.234736E+002  0.421474E+002  0.295159E-003  0.973110E-003  0.101689E-002 -0.156939E-003 -0.517412E-003  0.540689E-003  0.220000E+002  0.200000E+001  0.100000E+001  0.500000E+000  0.300000E+000  0.200000E+001  0.100000E+001  0.100000E+001  0.100000E+002
  0.625000E+002  0.500000E+002  0.230874E+002  0.423505E+002  0.203635E-003  0.120168E-002  0.121881E-002 -0.106006E-003 -0.625555E-003  0.634473E-003  0.220000E+002  0.200000E+001  0.100000E+001  0.500000E+000  0.300000E+000  0.200000E+001  0.100000E+001  0.100000E+001  0.100000E+002
  0.630000E+002  0.500000E+002  0.226995E+002  0.425503E+002  0.545160E-004  0.141478E-002  0.141583E-002 -0.277773E-004 -0.720865E-003  0.721400E-003  0.220000E+002  0.200000E+001  0.100000E+001  0.500000E+000  0.300000E+000  0.200000E+001  0.100000E+001  0.100000E+001  0.100000E+002
  0.635000E+002  0.500000E+002  0.223099E+002  0.427467E+002 -0.140393E-003  0.159804E-002  0.160419E-002  0.699976E-004 -0.796752E-003  0.799821E-003  0.220000E+002  0.200000E+001  0.100000E+001  0.500000E+000  0.300000E+000  0.200000E+001  0.100000E+001  0.100000E+001  0.100000E+002
  0.640000E+002  0.500000E+002  0.219186E+002  0.429397E+002 -0.368380E-003  0.174108E-002  0.177962E-002  0.179671E-003 -0.849179E-003  0.867978E-003  0.220000E+002  0.200000E+001  0.100000E+001  0.500000E+000  0.300000E+000  0.200000E+001  0.100000E+001  0.100000E+001  0.100000E+002
  0.645000E+002  0.500000E+002  0.215256E+002  0.431293E+002 -0.616109E-003  0.183741E-002  0.193795E-002  0.293869E-003 -0.876398E-003  0.924355E-003  0.220000E+002  0.200000E+001  0.100000E+001  0.500000E+000  0.300000E+000  0.200000E+001  0.100000E+001  0.100000E+001  0.100000E+002
  0.650000E+002  0.500000E+002  0.211309E+002  0.433154E+002 -0.870309E-003  0.188430E-002  0.207557E-002  0.405832E-003 -0.878662E-003  0.967857E-003  0.220000E+002  0.200000E+001  0.100000E+001  0.500000E+000  0.300000E+000  0.200000E+001  0.100000E+001  0.100000E+001  0.100000E+002
  0.655000E+002  0.500000E+002  0.207347E+002  0.434981E+002 -0.111854E-002  0.188243E-002  0.218967E-002  0.509748E-003 -0.857871E-003  0.997891E-003  0.220000E+002  0.200000E+001  0.100000E+001  0.500000E+000  0.300000E+000  0.200000E+001  0.100000E+001  0.100000E+001  0.100000E+002
  0.660000E+002  0.500000E+002  0.203368E+002  0.436773E+002 -0.134987E-002  0.183536E-002  0.227831E-002  0.601002E-003 -0.817154E-003  0.101437E-002  0.220000E+002  0.200000E+001  0.100000E+001  0.500000E+000  0.300000E+000  0.200000E+001  0.100000E+001  0.100000E+001  0.100000E+002
  0.665000E+002  0.500000E+002  0.199375E+002  0.438530E+002 -0.155539E-002  0.174885E-002  0.234046E-002  0.676304E-003 -0.760423E-003  0.101766E-002  0.220000E+002  0.200000E+001  0.100000E+001  0.500000E+000  0.300000E+000  0.200000E+001  0.100000E+001  0.100000E+001  0.100000E+002
  0.670000E+002  0.500000E+002  0.195366E+002  0.440252E+002 -0.172848E-002  0.163015E-002  0.237593E-002  0.733697E-003 -0.691956E-003  0.100852E-002  0.220000E+002  0.200000E+001  0.100000E+001  0.500000E+000  0.300000E+000  0.200000E+001  0.100000E+001  0.100000E+001  0.100000E+002
  0.675000E+002  0.500000E+002  0.191342E+002  0.441940E+002 -0.186487E-002  0.148722E-002  0.238528E-002  0.772453E-003 -0.616025E-003  0.988013E-003  0.220000E+002  0.200000E+001  0.100000E+001  0.500000E+000  0.300000E+000  0.200000E+001  0.100000E+001  0.100000E+001  0.100000E+002
  0.680000E+002  0.500000E+002  0.187303E+002  0.443592E+002 -0.196250E-002  0.132815E-002  0.236968E-002  0.792903E-003 -0.536607E-003  0.957414E-003  0.220000E+002  0.200000E+001  0.100000E+001  0.500000E+000  0.300000E+000  0.200000E+001  0.100000E+001  0.100000E+001  0.100000E+002
  0.685000E+002  0.500000E+002  0.183251E+002  0.445209E+002 -0.202131E-002  0.116060E-002  0.233081E-002  0.796214E-003 -0.457173E-003  0.918130E-003  0.220000E+002  0.200000E+001  0.100000E+001  0.500000E+000  0.300000E+000  0.200000E+001  0.100000E+001  0.100000E+001  0.100000E+002
  0.690000E+002  0.500000E+002  0.179184E+002  0.446790E+002 -0.204277E-002  0.991429E-003  0.227065E-002  0.784147E-003 -0.380574E-003  0.871621E-003  0.220000E+002  0.200000E+001  0.100000E+001  0.500000E+000  0.300000E+000  0.200000E+001  0.100000E+001  0.100000E+001  0.100000E+002
  0.695000E+002  0.500000E+002  0.175104E+002  0.448336E+002 -0.202960E-002  0.826427E-003  0.219140E-002  0.758836E-003 -0.308988E-003  0.819332E-003  0.220000E+002  0.200000E+001  0.100000E+001  0.500000E+000  0.300000E+000  0.200000E+001  0.100000E+001  0.100000E+001  0.100000E+002
  0.700000E+002  0.500000E+002  0.171010E+002  0.449846E+002 -0.198526E-002  0.670225E-003  0.209534E-002  0.722574E-003 -0.243942E-003  0.762641E-003  0.220000E+002  0.200000E+001  0.100000E+001  0.500000E+000  0.300000E+000  0.200000E+001  0.100000E+001  0.100000E+001  0.100000E+002
  0.705000E+002  0.500000E+002  0.166903E+002  0.451321E+002 -0.191363E-002  0.526279E-003  0.198468E-002  0.677652E-003 -0.186365E-003  0.702812E-003  0.220000E+002  0.200000E+001  0.100000E+001  0.500000E+000  0.300000E+000  0.200000E+001  0.100000E+001  0.100000E+001  0.100000E+002
  0.710000E+002  0.500000E+002  0.162784E+002  0.452759E+002 -0.181869E-002  0.396948E-003  0.186151E-002  0.626225E-003 -0.136680E-003  0.640968E-003  0.220000E+002  0.200000E+001  0.100000E+001  0.500000E+000  0.300000E+000  0.200000E+001  0.100000E+001  0.100000E+001  0.100000E+002
  0.715000E+002  0.500000E+002  0.158652E+002  0.454162E+002 -0.170421E-002  0.283629E-003  0.172765E-002  0.570222E-003 -0.949010E-004  0.578065E-003  0.220000E+002  0.200000E+001  0.100000E+001  0.500000E+000  0.300000E+000  0.200000E+001  0.100000E+001  0.100000E+001  0.100000E+002
  0.720000E+002  0.500000E+002  0.154508E+002  0.455528E+002 -0.157356E-002  0.186927E-003  0.158462E-002  0.511280E-003 -0.607363E-004  0.514875E-003  0.220000E+002  0.200000E+001  0.100000E+001  0.500000E+000  0.300000E+000  0.200000E+001  0.100000E+001  0.100000E+001  0.100000E+002
  0.725000E+002  0.500000E+002  0.150353E+002  0.456858E+002 -0.142946E-002  0.106836E-003  0.143345E-002  0.450707E-003 -0.336851E-004  0.451964E-003  0.220000E+002  0.200000E+001  0.100000E+001  0.500000E+000  0.300000E+000  0.200000E+001  0.100000E+001  0.100000E+001  0.100000E+002
  0.730000E+002  0.500000E+002  0.146186E+002  0.458152E+002 -0.127381E-002  0.429323E-004  0.127453E-002  0.389443E-003 -0.131257E-004  0.389664E-003  0.220000E+002  0.200000E+001  0.100000E+001  0.500000E+000  0.300000E+000  0.200000E+001  0.100000E+001  0.100000E+001  0.100000E+002
  0.735000E+002  0.500000E+002  0.142008E+002  0.459410E+002 -0.110730E-002 -0.541345E-005  0.110731E-002  0.327997E-003  0.160354E-005  0.328001E-003  0.220000E+002  0.200000E+001  0.100000E+001  0.500000E+000  0.300000E+000  0.200000E+001  0.100000E+001  0.100000E+001  0.100000E+002
  0.740000E+002  0.500000E+002  0.137819E+002  0.460631E+002 -0.928686E-003 -0.387738E-004  0.929495E-003  0.266296E-003  0.111182E-004  0.266528E-003  0.220000E+002  0.200000E+001  0.100000E+001  0.500000E+000  0.300000E+000  0.200000E+001  0.100000E+001  0.100000E+001  0.100000E+002
  0.745000E+002  0.500000E+002  0.133619E+002  0.461815E+002 -0.732754E-003 -0.571673E-004  0.734981E-003  0.203211E-003  0.158539E-004  0.203828E-003  0.220000E+002  0.200000E+001  0.100000E+001  0.500000E+000  0.300000E+000  0.200000E+001  0.100000E+001  0.100000E+001  0.100000E+002
  0.750000E+002  0.500000E+002  0.129410E+002  0.462963E+002 -0.502278E-003 -0.584399E-004  0.505667E-003  0.134585E-003  0.156589E-004  0.135493E-003  0.220000E+002  0.200000E+001  0.100000E+001  0.500000E+000  0.300000E+000  0.200000E+001  0.100000E+001  0.100000E+001  0.100000E+002
  0.755000E+002  0.500000E+002  0.125190E+002  0.464074E+002 -0.991965E-004 -0.174781E-004  0.100725E-003  0.256540E-004  0.452016E-005  0.260491E-004  0.220000E+002  0.200000E+001  0.100000E+001  0.500000E+000  0.300000E+000  0.200000E+001  0.100000E+001  0.100000E+001  0.100000E+002
  0.760000E+002  0.500000E+002  0.120961E+002  0.465148E+002 -0.784877E-004  0.412248E-003  0.419653E-003  0.195692E-004 -0.102785E-003  0.104631E-003  0.220000E+002  0.200000E+001  0.100000E+001  0.500000E+000  0.300000E+000  0.200000E+001  0.100000E+001  0.100000E+001  0.100000E+002
  0.765000E+002  0.500000E+002  0.116723E+002  0.466185E+002 -0.105465E-003  0.553945E-003  0.563895E-003  0.253200E-004 -0.132990E-003  0.135379E-003  0.220000E+002  0.200000E+001  0.100000E+001  0.500000E+000  0.300000E+000  0.200000E+001  0.100000E+001  0.100000E+001  0.100000E+002
  0.770000E+002  0.500000E+002  0.112476E+002  0.467185E+002 -0.122568E-003  0.643773E-003  0.655337E-003  0.282970E-004 -0.148627E-003  0.151296E-003  0.220000E+002  0.200000E+001  0.100000E+001  0.500000E+000  0.300000E+000  0.200000E+001  0.100000E+001  0.100000E+001  0.100000E+002
  0.775000E+002  0.500000E+002  0.108220E+002  0.468148E+002 -0.134382E-003  0.705824E-003  0.718503E-003  0.297917E-004 -0.156477E-003  0.159288E-003  0.220000E+002  0.200000E+001  0.100000E+001  0.500000E+000  0.300000E+000  0.200000E+001  0.100000E+001  0.100000E+001  0.100000E+002
  0.780000E+002  0.500000E+002  0.103956E+002  0.469074E+002 -0.142668E-003  0.749349E-003  0.762810E-003  0.303251E-004 -0.159279E-003  0.162140E-003  0.220000E+002  0.200000E+001  0.100000E+001  0.500000E+000  0.300000E+000  0.200000E+001  0.100000E+001  0.100000E+001  0.100000E+002
  0.785000E+002  0.500000E+002  0.996840E+001  0.469962E+002 -0.148328E-003  0.779076E-003  0.793071E-003  0.301777E-004 -0.158505E-003  0.161352E-003  0.220000E+002  0.200000E+001  0.100000E+001  0.500000E+000  0.300000E+000  0.200000E+001  0.100000E+001  0.100000E+001  0.100000E+002
  0.790000E+002  0.500000E+002  0.954045E+001  0.470814E+002 -0.151896E-003  0.797816E-003  0.812147E-003  0.295256E-004 -0.155080E-003  0.157865E-003  0.220000E+002  0.200000E+001  0.100000E+001  0.500000E+000  0.300000E+000  0.200000E+001  0.100000E+001  0.100000E+001  0.100000E+002
  0.795000E+002  0.500000E+002  0.911178E+001  0.471627E+002 -0.153723E-003  0.807411E-003  0.821914E-003  0.284908E-004 -0.149645E-003  0.152333E-003  0.220000E+002  0.200000E+001  0.100000E+001  0.500000E+000  0.300000E+000  0.200000E+001  0.100000E+001  0.100000E+001  0.100000E+002
  0.800000E+002  0.500000E+002  0.868241E+001  0.472404E+002 -0.154055E-003  0.809154E-003  0.823689E-003  0.271640E-004 -0.142676E-003  0.145239E-003  0.220000E+002  0.200000E+001  0.100000E+001  0.500000E+000  0.300000E+000  0.200000E+001  0.100000E+001  0.100000E+001  0.100000E+002
  0.805000E+002  0.500000E+002  0.825238E+001  0.473143E+002 -0.153075E-003  0.804010E-003  0.818452E-003  0.256160E-004 -0.134545E-003  0.136962E-003  0.220000E+002  0.200000E+001  0.100000E+001  0.500000E+000  0.300000E+000  0.200000E+001  0.100000E+001  0.100000E+001  0.100000E+002
  0.810000E+002  0.500000E+002  0.782172E+001  0.473844E+002 -0.150927E-003  0.792729E-003  0.806968E-003  0.239045E-004 -0.125556E-003  0.127811E-003  0.220000E+002  0.200000E+001  0.100000E+001  0.500000E+000  0.300000E+000  0.200000E+001  0.100000E+001  0.100000E+001  0.100000E+002
  0.815000E+002  0.500000E+002  0.739047E+001  0.474508E+002 -0.147727E-003  0.775918E-003  0.789856E-003  0.220779E-004 -0.115962E-003  0.118045E-003  0.220000E+002  0.200000E+001  0.100000E+001  0.500000E+000  0.300000E+000  0.200000E+001  0.100000E+001  0.100000E+001  0.100000E+002
  0.820000E+002  0.500000E+002  0.695866E+001  0.475134E+002 -0.143571E-003  0.754089E-003  0.767635E-003  0.201776E-004 -0.105980E-003  0.107884E-003  0.220000E+002  0.200000E+001  0.100000E+001  0.500000E+000  0.300000E+000  0.200000E+001  0.100000E+001  0.100000E+001  0.100000E+002
  0.825000E+002  0.500000E+002  0.652631E+001  0.475722E+002 -0.138543E-003  0.727683E-003  0.740755E-003  0.182396E-004 -0.958013E-004  0.975222E-004  0.220000E+002  0.200000E+001  0.100000E+001  0.500000E+000  0.300000E+000  0.200000E+001  0.100000E+001  0.100000E+001  0.100000E+002
  0.830000E+002  0.500000E+002  0.609347E+001  0.476273E+002 -0.132719E-003  0.697092E-003  0.709614E-003  0.162959E-004 -0.855922E-004  0.871296E-004  0.220000E+002  0.200000E+001  0.100000E+001  0.500000E+000  0.300000E+000  0.200000E+001  0.100000E+001  0.100000E+001  0.100000E+002
  0.835000E+002  0.500000E+002  0.566016E+001  0.476786E+002 -0.126166E-003  0.662672E-003  0.674575E-003  0.143748E-004 -0.755019E-004  0.768581E-004  0.220000E+002  0.200000E+001  0.100000E+001  0.500000E+000  0.300000E+000  0.200000E+001  0.100000E+001  0.100000E+001  0.100000E+002
  0.840000E+002  0.500000E+002  0.522642E+001  0.477261E+002 -0.118946E-003  0.624751E-003  0.635973E-003  0.125017E-004 -0.656640E-004  0.668435E-004  0.220000E+002  0.200000E+001  0.100000E+001  0.500000E+000  0.300000E+000  0.200000E+001  0.100000E+001  0.100000E+001  0.100000E+002
  0.845000E+002  0.500000E+002  0.479229E+001  0.477698E+002 -0.111119E-003  0.583640E-003  0.594123E-003  0.106995E-004 -0.561981E-004  0.572076E-004  0.220000E+002  0.200000E+001  0.100000E+001  0.500000E+000  0.300000E+000  0.200000E+001  0.100000E+001  0.100000E+001  0.100000E+002
  0.850000E+002  0.500000E+002  0.435779E+001  0.478097E+002 -0.102740E-003  0.539633E-003  0.549326E-003  0.898863E-005 -0.472117E-004  0.480598E-004  0.220000E+002  0.200000E+001  0.100000E+001  0.500000E+000  0.300000E+000  0.200000E+001  0.100000E+001  0.100000E+001  0.100000E+002
  0.855000E+002  0.500000E+002  0.392295E+001  0.478459E+002 -0.938648E-004  0.493014E-003  0.501870E-003  0.738732E-005 -0.388011E-004  0.394980E-004  0.220000E+002  0.200000E+001  0.100000E+001  0.500000E+000  0.300000E+000  0.200000E+001  0.100000E+001  0.100000E+001  0.100000E+002
  0.860000E+002  0.500000E+002  0.348782E+001  0.478782E+002 -0.845444E-004  0.444060E-003  0.452036E-003  0.591192E-005 -0.310517E-004  0.316095E-004  0.220000E+002  0.200000E+001  0.100000E+001  0.500000E+000  0.300000E+000  0.200000E+001  0.100000E+001  0.100000E+001  0.100000E+002
  0.865000E+002  0.500000E+002  0.305243E+001  0.479067E+002 -0.748307E-004  0.393040E-003  0.400100E-003  0.457684E-005 -0.240393E-004  0.244711E-004  0.220000E+002  0.200000E+001  0.100000E+001  0.500000E+000  0.300000E+000  0.200000E+001  0.100000E+001  0.100000E+001  0.100000E+002
  0.870000E+002  0.500000E+002  0.261680E+001  0.479315E+002 -0.647740E-004  0.340218E-003  0.346330E-003  0.339466E-005 -0.178301E-004  0.181504E-004  0.220000E+002  0.200000E+001  0.100000E+001  0.500000E+000  0.300000E+000  0.200000E+001  0.100000E+001  0.100000E+001  0.100000E+002
  0.875000E+002  0.500000E+002  0.218097E+001  0.479524E+002 -0.544244E-004  0.285858E-003  0.290993E-003  0.237622E-005 -0.124808E-004  0.127050E-004  0.220000E+002  0.200000E+001  0.100000E+001  0.500000E+000  0.300000E+000  0.200000E+001  0.100000E+001  0.100000E+001  0.100000E+002
  0.880000E+002  0.500000E+002  0.174497E+001  0.479695E+002 -0.438312E-004  0.230218E-003  0.234354E-003  0.153062E-005 -0.803940E-005  0.818381E-005  0.220000E+002  0.200000E+001  0.100000E+001  0.500000E+000  0.300000E+000  0.200000E+001  0.100000E+001  0.100000E+001  0.100000E+002
  0.885000E+002  0.500000E+002  0.130885E+001  0.479829E+002 -0.330434E-004  0.173556E-003  0.176674E-003  0.865271E-006 -0.454474E-005  0.462637E-005  0.220000E+002  0.200000E+001  0.100000E+001  0.500000E+000  0.300000E+000  0.200000E+001  0.100000E+001  0.100000E+001  0.100000E+002
  0.890000E+002  0.500000E+002  0.872620E+000  0.479924E+002 -0.221098E-004  0.116129E-003  0.118215E-003  0.385928E-006 -0.202704E-005  0.206345E-005  0.220000E+002  0.200000E+001  0.100000E+001  0.500000E+000  0.300000E+000  0.200000E+001  0.100000E+001  0.100000E+001  0.100000E+002
  0.895000E+002  0.500000E+002  0.436327E+000  0.479981E+002 -0.110792E-004  0.581920E-004  0.592373E-004  0.966863E-007 -0.507834E-006  0.516956E-006  0.220000E+002  0.200000E+001  0.100000E+001  0.500000E+000  0.300000E+000  0.200000E+001  0.100000E+001  0.100000E+001  0.100000E+002
  0.900000E+002  0.500000E+002  0.000000E+000  0.480000E+002  0.000000E+000  0.000000E+000  0.000000E+000  0.000000E+000  0.000000E+000  0.000000E+000  0.220000E+002  0.200000E+001  0.100000E+001  0.500000E+000  0.300000E+000  0.200000E+001  0.100000E+001  0.100000E+001  0.100000E+002
  0.905000E+002  0.500000E+002 -0.436327E+000  0.479981E+002  0.110792E-004 -0.581920E-004  0.592373E-004  0.966863E-007 -0.507834E-006  0.516956E-006  0.220000E+002  0.200000E+001  0.100000E+001  0.500000E+000  0.300000E+000  0.200000E+001  0.100000E+001  0.100000E+001  0.100000E+002
  0.910000E+002  0.500000E+002 -0.872620E+000  0.479924E+002  0.221098E-004 -0.116129E-003  0.118215E-003  0.385928E-006 -0.202704E-005  0.206345E-005  0.220000E+002  0.200000E+001  0.100000E+001  0.500000E+000  0.300000E+000  0.200000E+001  0.100000E+001  0.100000E+001  0.100000E+002
  0.915000E+002  0.500000E+002 -0.130885E+001  0.479829E+002  0.330434E-004 -0.173556E-003  0.176674E-003  0.865271E-006 -0.454474E-005  0.462637E-005  0.220000E+002  0.200000E+001  0.100000E+001  0.500000E+000  0.300000E+000  0.200000E+001  0.100000E+001  0.100000E+001  0.100000E+002
  0.920000E+002  0.500000E+002 -0.174497E+001  0.479695E+002  0.438312E-004 -0.230218E-003  0.234354E-003  0.153062E-005 -0.803940E-005  0.818381E-005  0.220000E+002  0.200000E+001  0.100000E+001  0.500000E+000  0.300000E+000  0.200000E+001  0.100000E+001  0.100000E+001  0.100000E+002
  0.925000E+002  0.500000E+002 -0.218097E+001  0.479524E+002  0.544244E-004 -0.285858E-003  0.290993E-003  0.237622E-005 -0.124808E-004  0.127050E-004  0.220000E+002  0.200000E+001  0.100000E+001  0.500000E+000  0.300000E+000  0.200000E+001  0.100000E+001  0.100000E+001  0.100000E+002
  0.930000E+002  0.500000E+002 -0.261680E+001  0.479315E+002  0.647740E-004 -0.340218E-003  0.346330E-003  0.339466E-005 -0.178301E-004  0.181504E-004  0.220000E+002  0.200000E+001  0.100000E+001  0.500000E+000  0.300000E+000  0.200000E+001  0.100000E+001  0.100000E+001  0.100000E+002
  0.935000E+002  0.500000E+002 -0.305243E+001  0.479067E+002  0.748307E-004 -0.393040E-003  0.400100E-003  0.457684E-005 -0.240393E-004  0.244711E-004  0.220000E+002  0.200000E+001  0.100000E+001  0.500000E+000  0.300000E+000  0.200000E+001  0.100000E+001  0.100000E+001  0.100000E+002
  0.940000E+002  0.500000E+002 -0.348782E+001  0.478782E+002  0.845444E-004 -0.444060E-003  0.452036E-003  0.591192E-005 -0.310517E-004  0.316095E-004  0.220000E+002  0.200000E+001  0.100000E+001  0.500000E+000  0.300000E+000  0.200000E+001  0.100000E+001  0.100000E+001  0.100000E+002
  0.945000E+002  0.500000E+002 -0.392295E+001  0.478459E+002  0.938648E-004 -0.493014E-003  0.501870E-003  0.738732E-005 -0.388011E-004  0.394980E-004  0.220000E+002  0.200000E+001  0.100000E+001  0.500000E+000  0.300000E+000  0.200000E+001  0.100000E+001  0.100000E+001  0.100000E+002
  0.950000E+002  0.500000E+002 -0.435779E+001  0.478097E+002  0.102740E-003 -0.539633E-003  0.549326E-003  0.898863E-005 -0.472117E-004  0.480598E-004  0.220000E+002  0.200000E+001  0.100000E+001  0.500000E+000  0.300000E+000  0.200000E+001  0.100000E+001  0.100000E+001  0.100000E+002
  0.955000E+002  0.500000E+002 -0.479229E+001  0.477698E+002  0.111119E-003 -0.583640E-003  0.594123E-003  0.106995E-004 -0.561981E-004  0.572076E-004  0.220000E+002  0.200000E+001  0.100000E+001  0.500000E+000  0.300000E+000  0.200000E+001  0.100000E+001  0.100000E+001  0.100000E+002
  0.960000E+002  0.500000E+002 -0.522642E+001  0.477261E+002  0.118946E-003 -0.624751E-003  0.635973E-003  0.125017E-004 -0.656640E-004  0.668435E-004  0.220000E+002  0.200000E+001  0.100000E+001  0.500000E+000  0.300000E+000  0.200000E+001  0.100000E+001  0.100000E+001  0.100000E+002
  0.965000E+002  0.500000E+002 -0.566016E+001  0.476786E+002  0.126166E-003 -0.662672E-003  0.674575E-003  0.143748E-004 -0.755019E-004  0.768581E-004  0.220000E+002  0.200000E+001  0.100000E+001  0.500000E+000  0.300000E+000  0.200000E+001  0.100000E+001  0.100000E+001  0.100000E+002
  0.970000E+002  0.500000E+002 -0.609347E+001  0.476273E+002  0.132719E-003 -0.697092E-003  0.709614E-003  0.162959E-004 -0.855922E-004  0.871296E-004  0.220000E+002  0.200000E+001  0.100000E+001  0.500000E+000  0.300000E+000  0.200000E+001  0.100000E+001  0.100000E+001  0.100000E+002
  0.975000E+002  0.500000E+002 -0.652631E+001  0.475722E+002  0.138543E-003 -0.727683E-003  0.740755E-003  0.182396E-004 -0.958013E-004  0.975222E-004  0.220000E+002  0.200000E+001  0.100000E+001  0.500000E+000  0.300000E+000  0.200000E+001  0.100000E+001  0.100000E+001  0.100000E+002
  0.980000E+002  0.500000E+002 -0.695866E+001  0.475134E+002  0.143571E-003 -0.754089E-003  0.767635E-003  0.201776E-004 -0.105980E-003  0.107884E-003  0.220000E+002  0.200000E+001  0.100000E+001  0.500000E+000  0.300000E+000  0.200000E+001  0.100000E+001  0.100000E+001  0.100000E+002
  0.985000E+002  0.500000E+002 -0.739047E+001  0.474508E+002  0.147727E-003 -0.775918E-003  0.789856E-003  0.220779E-004 -0.115962E-003  0.118045E-003  0.220000E+002  0.200000E+001  0.100000E+001  0.500000E+000  0.300000E+000  0.200000E+001  0.100000E+001  0.100000E+001  0.100000E+002
  0.990000E+002  0.500000E+002 -0.782172E+001  0.473844E+002  0.150927E-003 -0.792729E-003  0.806968E-003  0.239045E-004 -0.125556E-003  0.127811E-003  0.220000E+002  0.200000E+001  0.100000E+001  0.500000E+000  0.300000E+000  0.200000E+001  0.100000E+001  0.100000E+001  0.100000E+002
  0.995000E+002  0.500000E+002 -0.825238E+001  0.473143E+002  0.153075E-003 -0.804010E-003  0.818452E-003  0.256160E-004 -0.134545E-003  0.136962E-003  0.220000E+002  0.200000E+001  0.100000E+001  0.500000E+000  0.300000E+000  0.200000E+001  0.100000E+001  0.100000E+001  0.100000E+002
  0.100000E+003  0.500000E+002 -0.868241E+001  0.472404E+002  0.154055E-003 -0.809154E-003  0.823689E-003  0.271640E-004 -0.142676E-003  0.145239E-003  0.220000E+002  0.200000E+001  0.100000E+001  0.500000E+000  0.300000E+000  0.200000E+001  0.100000E+001  0.100000E+001  0.100000E+002
  0.100500E+003  0.500000E+002 -0.911178E+001  0.471627E+002  0.153723E-003 -0.807411E-003  0.821914E-003  0.284908E-004 -0.149645E-003  0.152333E-003  0.220000E+002  0.200000E+001  0.100000E+001  0.500000E+000  0.300000E+000  0.200000E+001  0.100000E+001  0.100000E+001  0.100000E+002
  0.101000E+003  0.500000E+002 -0.954045E+001  0.470814E+002  0.151896E-003 -0.797816E-003  0.812147E-003  0.295256E-004 -0.155080E-003  0.157865E-003  0.220000E+002  0.200000E+001  0.100000E+001  0.500000E+000  0.300000E+000  0.200000E+001  0.100000E+001  0.100000E+001  0.100000E+002
  0.101500E+003  0.500000E+002 -0.996840E+001  0.469962E+002  0.148328E-003 -0.779076E-003  0.793071E-003  0.301777E-004 -0.158505E-003  0.161352E-003  0.220000E+002  0.200000E+001  0.100000E+001  0.500000E+000  0.300000E+000  0.200000E+001  0.100000E+001  0.100000E+001  0.100000E+002
  0.102000E+003  0.500000E+002 -0.103956E+002  0.469074E+002  0.142668E-003 -0.749349E-003  0.762810E-003  0.303251E-004 -0.159279E-003  0.162140E-003  0.220000E+002  0.200000E+001  0.100000E+001  0.500000E+000  0.300000E+000  0.200000E+001  0.100000E+001  0.100000E+001  0.100000E+002
  0.102500E+003  0.500000E+002 -0.108220E+002  0.468148E+002  0.134382E-003 -0.705824E-003  0.718503E-003  0.297917E-004 -0.156477E-003  0.159288E-003  0.220000E+002  0.200000E+001  0.100000E+001  0.500000E+000  0.300000E+000  0.200000E+001  0.100000E+001  0.100000E+001  0.100000E+002
  0.103000E+003  0.500000E+002 -0.112476E+002  0.467185E+002  0.122568E-003 -0.643773E-003  0.655337E-003  0.282970E-004 -0.148627E-003  0.151296E-003  0.220000E+002  0.200000E+001  0.100000E+001  0.500000E+000  0.300000E+000  0.200000E+001  0.100000E+001  0.100000E+001  0.100000E+002
  0.103500E+003  0.500000E+002 -0.116723E+002  0.466185E+002  0.105465E-003 -0.553945E-003  0.563895E-003  0.253200E-004 -0.132990E-003  0.135379E-003  0.220000E+002  0.200000E+001  0.100000E+001  0.500000E+000  0.300000E+000  0.200000E+001  0.100000E+001  0.100000E+001  0.100000E+002
  0.104000E+003  0.500000E+002 -0.120961E+002  0.465148E+002  0.784877E-004 -0.412248E-003  0.419653E-003  0.195692E-004 -0.102785E-003  0.104631E-003  0.220000E+002  0.200000E+001  0.100000E+001  0.500000E+000  0.300000E+000  0.200000E+001  0.100000E+001  0.100000E+001  0.100000E+002
  0.104500E+003  0.500000E+002 -0.125190E+002  0.464074E+002  0.991965E-004  0.174781E-004  0.100725E-003  0.256540E-004  0.452016E-005  0.260491E-004  0.220000E+002  0.200000E+001  0.100000E+001  0.500000E+000  0.300000E+000  0.200000E+001  0.100000E+001  0.100000E+001  0.100000E+002
  0.105000E+003  0.500000E+002 -0.129410E+002  0.462963E+002  0.502278E-003  0.584399E-004  0.505667E-003  0.134585E-003  0.156589E-004  0.135493E-003  0.220000E+002  0.200000E+001  0.100000E+001  0.500000E+000  0.300000E+000  0.200000E+001  0.100000E+001  0.100000E+001  0.100000E+002
  0.105500E+003  0.500000E+002 -0.133619E+002  0.461815E+002  0.732754E-003  0.571673E-004  0.734981E-003  0.203211E-003  0.158539E-004  0.203828E-003  0.220000E+002  0.200000E+001  0.100000E+001  0.500000E+000  0.300000E+000  0.200000E+001  0.100000E+001  0.100000E+001  0.100000E+002
  0.106000E+003  0.500000E+002 -0.137819E+002  0.460631E+002  0.928686E-003  0.387738E-004  0.929495E-003  0.266296E-003  0.111182E-004  0.266528E-003  0.220000E+002  0.200000E+001  0.100000E+001  0.500000E+000  0.300000E+000  0.200000E+001  0.100000E+001  0.100000E+001  0.100000E+002
  0.106500E+003  0.500000E+002 -0.142008E+002  0.459410E+002  0.110730E-002  0.541345E-005  0.110731E-002  0.327997E-003  0.160354E-005  0.328001E-003  0.220000E+002  0.200000E+001  0.100000E+001  0.500000E+000  0.300000E+000  0.200000E+001  0.100000E+001  0.100000E+001  0.100000E+002
  0.107000E+003  0.500000E+002 -0.146186E+002  0.458152E+002  0.127381E-002 -0.429323E-004  0.127453E-002  0.389443E-003 -0.131257E-004  0.389664E-003  0.220000E+002  0.200000E+001  0.100000E+001  0.500000E+000  0.300000E+000  0.200000E+001  0.100000E+001  0.100000E+001  0.100000E+002
  0.107500E+003  0.500000E+002 -0.150353E+002  0.456858E+002  0.142946E-002 -0.106836E-003  0.143345E-002  0.450707E-003 -0.336851E-004  0.451964E-003  0.220000E+002  0.200000E+001  0.100000E+001  0.500000E+000  0.300000E+000  0.200000E+001  0.100000E+001  0.100000E+001  0.100000E+002
  0.108000E+003  0.500000E+002 -0.154508E+002  0.455528E+002  0.157356E-002 -0.186927E-003  0.158462E-002  0.511280E-003 -0.607363E-004  0.514875E-003  0.220000E+002  0.200000E+001  0.100000E+001  0.500000E+000  0.300000E+000  0.200000E+001  0.100000E+001  0.100000E+001  0.100000E+002
  0.108500E+003  0.500000E+002 -0.158652E+002  0.454162E+002  0.170421E-002 -0.283629E-003  0.172765E-002  0.570222E-003 -0.949010E-004  0.578065E-003  0.220000E+002  0.200000E+001  0.100000E+001  0.500000E+000  0.300000E+000  0.200000E+001  0.100000E+001  0.100000E+001  0.100000E+002
  0.109000E+003  0.500000E+002 -0.162784E+002  0.452759E+002  0.181869E-002 -0.396948E-003  0.186151E-002  0.626225E-003 -0.136680E-003  0.640968E-003  0.220000E+002  0.200000E+001  0.100000E+001  0.500000E+000  0.300000E+000  0.200000E+001  0.100000E+001  0.100000E+001  0.100000E+002
  0.109500E+003  0.500000E+002 -0.166903E+002  0.451321E+002  0.191363E-002 -0.526279E-003  0.198468E-002  0.677652E-003 -0.186365E-003  0.702812E-003  0.220000E+002  0.200000E+001  0.100000E+001  0.500000E+000  0.300000E+000  0.200000E+001  0.100000E+001  0.100000E+001  0.100000E+002
  0.110000E+003  0.500000E+002 -0.171010E+002  0.449846E+002  0.198526E-002 -0.670225E-003  0.209534E-002  0.722574E-003 -0.243942E-003  0.762641E-003  0.220000E+002  0.200000E+001  0.100000E+001  0.500000E+000  0.300000E+000  0.200000E+001  0.100000E+001  0.100000E+001  0.100000E+002
  0.110500E+003  0.500000E+002 -0.175104E+002  0.448336E+002  0.202960E-002 -0.826427E-003  0.219140E-002  0.758836E-003 -0.308988E-003  0.819332E-003  0.220000E+002  0.200000E+001  0.100000E+001  0.500000E+000  0.300000E+000  0.200000E+001  0.100000E+001  0.100000E+001  0.100000E+002
  0.111000E+003  0.500000E+002 -0.179184E+002  0.446790E+002  0.204277E-002 -0.991429E-003  0.227065E-002  0.784147E-003 -0.380574E-003  0.871621E-003  0.220000E+002  0.200000E+001  0.100000E+001  0.500000E+000  0.300000E+000  0.200000E+001  0.100000E+001  0.100000E+001  0.100000E+002
  0.111500E+003  0.500000E+002 -0.183251E+002  0.445209E+002  0.202131E-002 -0.116060E-002  0.233081E-002  0.796214E-003 -0.457173E-003  0.918130E-003  0.220000E+002  0.200000E+001  0.100000E+001  0.500000E+000  0.300000E+000  0.200000E+001  0.100000E+001  0.100000E+001  0.100000E+002
  0.112000E+003  0.500000E+002 -0.187303E+002  0.443592E+002  0.196250E-002 -0.132815E-002  0.236968E-002  0.792903E-003 -0.536607E-003  0.957414E-003  0.220000E+002  0.200000E+001  0.100000E+001  0.500000E+000  0.300000E+000  0.200000E+001  0.100000E+001  0.100000E+001  0.100000E+002
  0.112500E+003  0.500000E+002 -0.191342E+002  0.441940E+002  0.186487E-002 -0.148722E-002  0.238528E-002  0.772453E-003 -0.616025E-003  0.988013E-003  0.220000E+002  0.200000E+001  0.100000E+001  0.500000E+000  0.300000E+000  0.200000E+001  0.100000E+001  0.100000E+001  0.100000E+002
  0.113000E+003  0.500000E+002 -0.195366E+002  0.440252E+002  0.172848E-002 -0.163015E-002  0.237593E-002  0.733697E-003 -0.691956E-003  0.100852E-002  0.220000E+002  0.200000E+001  0.100000E+001  0.500000E+000  0.300000E+000  0.200000E+001  0.100000E+001  0.100000E+001  0.100000E+002
  0.113500E+003  0.500000E+002 -0.199375E+002  0.438530E+002  0.155539E-002 -0.174885E-002  0.234046E-002  0.676304E-003 -0.760423E-003  0.101766E-002  0.220000E+002  0.200000E+001  0.100000E+001  0.500000E+000  0.300000E+000  0.200000E+001  0.100000E+001  0.100000E+001  0.100000E+002
  0.114000E+003  0.500000E+002 -0.203368E+002  0.436773E+002  0.134987E-002 -0.183536E-002  0.227831E-002  0.601002E-003 -0.817154E-003  0.101437E-002  0.220000E+002  0.200000E+001  0.100000E+001  0.500000E+000  0.300000E+000  0.200000E+001  0.100000E+001  0.100000E+001  0.100000E+002
  0.114500E+003  0.500000E+002 -0.207347E+002  0.434981E+002  0.111854E-002 -0.188243E-002  0.218967E-002  0.509748E-003 -0.857871E-003  0.997891E-003  0.220000E+002  0.200000E+001  0.100000E+001  0.500000E+000  0.300000E+000  0.200000E+001  0.100000E+001  0.100000E+001  0.100000E+002
  0.115000E+003  0.500000E+002 -0.211309E+002  0.433154E+002  0.870309E-003 -0.188430E-002  0.207557E-002  0.405832E-003 -0.878662E-003  0.967857E-003  0.220000E+002  0.200000E+001  0.100000E+001  0.500000E+000  0.300000E+000  0.200000E+001  0.100000E+001  0.100000E+001  0.100000E+002
  0.115500E+003  0.500000E+002 -0.215256E+002  0.431293E+002  0.616109E-003 -0.183741E-002  0.193795E-002  0.293869E-003 -0.876398E-003  0.924355E-003  0.220000E+002  0.200000E+001  0.100000E+001  0.500000E+000  0.300000E+000  0.200000E+001  0.100000E+001  0.100000E+001  0.100000E+002
  0.116000E+003  0.500000E+002 -0.219186E+002  0.429397E+002  0.368380E-003 -0.174108E-002  0.177962E-002  0.179671E-003 -0.849179E-003  0.867978E-003  0.220000E+002  0.200000E+001  0.100000E+001  0.500000E+000  0.300000E+000  0.200000E+001  0.100000E+001  0.100000E+001  0.100000E+002
  0.116500E+003  0.500000E+002 -0.223099E+002  0.427467E+002  0.140393E-003 -0.159804E-002  0.160419E-002  0.699976E-004 -0.796752E-003  0.799821E-003  0.220000E+002  0.200000E+001  0.100000E+001  0.500000E+000  0.300000E+000  0.200000E+001  0.100000E+001  0.100000E+001  0.100000E+002
  0.117000E+003  0.500000E+002 -0.226995E+002  0.425503E+002 -0.545160E-004 -0.141478E-002  0.141583E-002 -0.277773E-004 -0.720865E-003  0.721400E-003  0.220000E+002  0.200000E+001  0.100000E+001  0.500000E+000  0.300000E+000  0.200000E+001  0.100000E+001  0.100000E+001  0.100000E+002
  0.117500E+003  0.500000E+002 -0.230874E+002  0.423505E+002 -0.203635E-003 -0.120168E-002  0.121881E-002 -0.106006E-003 -0.625555E-003  0.634473E-003  0.220000E+002  0.200000E+001  0.100000E+001  0.500000E+000  0.300000E+000  0.200000E+001  0.100000E+001  0.100000E+001  0.100000E+002
  0.118000E+003  0.500000E+002 -0.234736E+002  0.421474E+002 -0.295159E-003 -0.973110E-003  0.101689E-002 -0.156939E-003 -0.517412E-003  0.540689E-003  0.220000E+002  0.200000E+001  0.100000E+001  0.500000E+000  0.300000E+000  0.200000E+001  0.100000E+001  0.100000E+001  0.100000E+002
  0.118500E+003  0.500000E+002 -0.238579E+002  0.419409E+002 -0.317475E-003 -0.747917E-003  0.812509E-003 -0.172375E-003 -0.406086E-003  0.441156E-003  0.220000E+002  0.200000E+001  0.100000E+001  0.500000E+000  0.300000E+000  0.200000E+001  0.100000E+001  0.100000E+001  0.100000E+002
  0.119000E+003  0.500000E+002 -0.242405E+002  0.417310E+002 -0.255587E-003 -0.551932E-003  0.608238E-003 -0.141674E-003 -0.305941E-003  0.337152E-003  0.220000E+002  0.200000E+001  0.100000E+001  0.500000E+000  0.300000E+000  0.200000E+001  0.100000E+001  0.100000E+001  0.100000E+002
  0.119500E+003  0.500000E+002 -0.246212E+002  0.415178E+002 -0.753476E-004 -0.430210E-003  0.436758E-003 -0.426296E-004 -0.243401E-003  0.247106E-003  0.220000E+002  0.200000E+001  0.100000E+001  0.500000E+000  0.300000E+000  0.200000E+001  0.100000E+001  0.100000E+001  0.100000E+002
  0.120000E+003  0.500000E+002 -0.250000E+002  0.413013E+002  0.617308E-003 -0.704981E-003  0.937053E-003  0.356403E-003 -0.407021E-003  0.541008E-003  0.220000E+002  0.200000E+001  0.100000E+001  0.500000E+000  0.300000E+000  0.200000E+001  0.100000E+001  0.100000E+001  0.100000E+002
  0.120500E+003  0.500000E+002 -0.253769E+002  0.410815E+002 -0.175054E-003 -0.124462E-002  0.125687E-002 -0.103115E-003 -0.733136E-003  0.740352E-003  0.220000E+002  0.200000E+001  0.100000E+001  0.500000E+000  0.300000E+000  0.200000E+001  0.100000E+001  0.100000E+001  0.100000E+002
  0.121000E+003  0.500000E+002 -0.257519E+002  0.408584E+002 -0.641229E-003 -0.126400E-002  0.141735E-002 -0.385289E-003 -0.759487E-003  0.851627E-003  0.220000E+002  0.200000E+001  0.100000E+001  0.500000E+000  0.300000E+000  0.200000E+001  0.100000E+001  0.100000E+001  0.100000E+002
  0.121500E+003  0.500000E+002 -0.261249E+002  0.406320E+002 -0.104988E-002 -0.117259E-002  0.157392E-002 -0.643367E-003 -0.718566E-003  0.964499E-003  0.220000E+002  0.200000E+001  0.100000E+001  0.500000E+000  0.300000E+000  0.200000E+001  0.100000E+001  0.100000E+001  0.100000E+002
  0.122000E+003  0.500000E+002 -0.264960E+002  0.404024E+002 -0.141751E-002 -0.101391E-002  0.174279E-002 -0.885756E-003 -0.633559E-003  0.108902E-002  0.220000E+002  0.200000E+001  0.100000E+001  0.500000E+000  0.300000E+000  0.200000E+001  0.100000E+001  0.100000E+001  0.100000E+002
  0.122500E+003  0.500000E+002 -0.268650E+002  0.401696E+002 -0.174817E-002 -0.808580E-003  0.192611E-002 -0.111371E-002 -0.515122E-003  0.122707E-002  0.220000E+002  0.200000E+001  0.100000E+001  0.500000E+000  0.300000E+000  0.200000E+001  0.100000E+001  0.100000E+001  0.100000E+002
  0.123000E+003  0.500000E+002 -0.272320E+002  0.399335E+002 -0.204352E-002 -0.570179E-003  0.212157E-002 -0.132708E-002 -0.370278E-003  0.137777E-002  0.220000E+002  0.200000E+001  0.100000E+001  0.500000E+000  0.300000E+000  0.200000E+001  0.100000E+001  0.100000E+001  0.100000E+002
  0.123500E+003  0.500000E+002 -0.275968E+002  0.396943E+002 -0.230498E-002 -0.308937E-003  0.232559E-002 -0.152563E-002 -0.204481E-003  0.153927E-002  0.220000E+002  0.200000E+001  0.100000E+001  0.500000E+000  0.300000E+000  0.200000E+001  0.100000E+001  0.100000E+001  0.100000E+002
  0.124000E+003  0.500000E+002 -0.279596E+002  0.394519E+002 -0.253430E-002 -0.330180E-004  0.253452E-002 -0.170941E-002 -0.222710E-004  0.170955E-002  0.220000E+002  0.200000E+001  0.100000E+001  0.500000E+000  0.300000E+000  0.200000E+001  0.100000E+001  0.100000E+001  0.100000E+002
  0.124500E+003  0.500000E+002 -0.283203E+002  0.392063E+002 -0.273365E-002  0.250965E-003  0.274515E-002 -0.187879E-002  0.172484E-003  0.188669E-002  0.220000E+002  0.200000E+001  0.100000E+001  0.500000E+000  0.300000E+000  0.200000E+001  0.100000E+001  0.100000E+001  0.100000E+002
  0.125000E+003  0.500000E+002 -0.286788E+002  0.389576E+002 -0.290549E-002  0.537660E-003  0.295482E-002 -0.203445E-002  0.376474E-003  0.206899E-002  0.220000E+002  0.200000E+001  0.100000E+001  0.500000E+000  0.300000E+000  0.200000E+001  0.100000E+001  0.100000E+001  0.100000E+002
  0.125500E+003  0.500000E+002 -0.290351E+002  0.387058E+002 -0.305248E-002  0.822778E-003  0.316142E-002 -0.217731E-002  0.586882E-003  0.225502E-002  0.220000E+002  0.200000E+001  0.100000E+001  0.500000E+000  0.300000E+000  0.200000E+001  0.100000E+001  0.100000E+001  0.100000E+002
  0.126000E+003  0.500000E+002 -0.293893E+002  0.384508E+002 -0.317733E-002  0.110293E-002  0.336331E-002 -0.230846E-002  0.801325E-003  0.244359E-002  0.220000E+002  0.200000E+001  0.100000E+001  0.500000E+000  0.300000E+000  0.200000E+001  0.100000E+001  0.100000E+001  0.100000E+002
  0.126500E+003  0.500000E+002 -0.297411E+002  0.381928E+002 -0.328272E-002  0.137549E-002  0.355924E-002 -0.242909E-002  0.101781E-002  0.263370E-002  0.220000E+002  0.200000E+001  0.100000E+001  0.500000E+000  0.300000E+000  0.200000E+001  0.100000E+001  0.100000E+001  0.100000E+002
  0.127000E+003  0.500000E+002 -0.300908E+002  0.379318E+002 -0.337123E-002  0.163844E-002  0.374829E-002 -0.254040E-002  0.123465E-002  0.282454E-002  0.220000E+002  0.200000E+001  0.100000E+001  0.500000E+000  0.300000E+000  0.200000E+001  0.100000E+001  0.100000E+001  0.100000E+002
  0.127500E+003  0.500000E+002 -0.304381E+002  0.376677E+002 -0.344526E-002  0.189032E-002  0.392977E-002 -0.264364E-002  0.145049E-002  0.301542E-002  0.220000E+002  0.200000E+001  0.100000E+001  0.500000E+000  0.300000E+000  0.200000E+001  0.100000E+001  0.100000E+001  0.100000E+002
  0.128000E+003  0.500000E+002 -0.307831E+002  0.374005E+002 -0.350703E-002  0.213004E-002  0.410321E-002 -0.274000E-002  0.166417E-002  0.320578E-002  0.220000E+002  0.200000E+001  0.100000E+001  0.500000E+000  0.300000E+000  0.200000E+001  0.100000E+001  0.100000E+001  0.100000E+002
  0.128500E+003  0.500000E+002 -0.311257E+002  0.371304E+002 -0.355858E-002  0.235687E-002  0.426829E-002 -0.283062E-002  0.187474E-002  0.339515E-002  0.220000E+002  0.200000E+001  0.100000E+001  0.500000E+000  0.300000E+000  0.200000E+001  0.100000E+001  0.100000E+001  0.100000E+002
  0.129000E+003  0.500000E+002 -0.314660E+002  0.368573E+002 -0.360170E-002  0.257035E-002  0.442481E-002 -0.291660E-002  0.208143E-002  0.358314E-002  0.220000E+002  0.200000E+001  0.100000E+001  0.500000E+000  0.300000E+000  0.200000E+001  0.100000E+001  0.100000E+001  0.100000E+002
  0.129500E+003  0.500000E+002 -0.318039E+002  0.365812E+002 -0.363801E-002  0.277020E-002  0.457265E-002 -0.299894E-002  0.228358E-002  0.376940E-002  0.220000E+002  0.200000E+001  0.100000E+001  0.500000E+000  0.300000E+000  0.200000E+001  0.100000E+001  0.100000E+001  0.100000E+002
  0.130000E+003  0.500000E+002 -0.321394E+002  0.363022E+002 -0.366894E-002  0.295633E-002  0.471179E-002 -0.307860E-002  0.248065E-002  0.395366E-002  0.220000E+002  0.200000E+001  0.100000E+001  0.500000E+000  0.300000E+000  0.200000E+001  0.100000E+001  0.100000E+001  0.100000E+002
  0.130500E+003  0.500000E+002 -0.324724E+002  0.360203E+002 -0.369572E-002  0.312873E-002  0.484224E-002 -0.315644E-002  0.267219E-002  0.413567E-002  0.220000E+002  0.200000E+001  0.100000E+001  0.500000E+000  0.300000E+000  0.200000E+001  0.100000E+001  0.100000E+001  0.100000E+002
  0.131000E+003  0.500000E+002 -0.328030E+002  0.357355E+002 -0.371944E-002  0.328753E-002  0.496408E-002 -0.323326E-002  0.285780E-002  0.431521E-002  0.220000E+002  0.200000E+001  0.100000E+001  0.500000E+000  0.300000E+000  0.200000E+001  0.100000E+001  0.100000E+001  0.100000E+002
  0.131500E+003  0.500000E+002 -0.331310E+002  0.354478E+002 -0.374104E-002  0.343288E-002  0.507740E-002 -0.330979E-002  0.303716E-002  0.449211E-002  0.220000E+002  0.200000E+001  0.100000E+001  0.500000E+000  0.300000E+000  0.200000E+001  0.100000E+001  0.100000E+001  0.100000E+002
  0.132000E+003  0.500000E+002 -0.334565E+002  0.351572E+002 -0.376129E-002  0.356502E-002  0.518234E-002 -0.338668E-002  0.320995E-002  0.466620E-002  0.220000E+002  0.200000E+001  0.100000E+001  0.500000E+000  0.300000E+000  0.200000E+001  0.100000E+001  0.100000E+001  0.100000E+002
  0.132500E+003  0.500000E+002 -0.337795E+002  0.348639E+002 -0.378088E-002  0.368418E-002  0.527904E-002 -0.346454E-002  0.337593E-002  0.483734E-002  0.220000E+002  0.200000E+001  0.100000E+001  0.500000E+000  0.300000E+000  0.200000E+001  0.100000E+001  0.100000E+001  0.100000E+002
  0.133000E+003  0.500000E+002 -0.340999E+002  0.345677E+002 -0.380036E-002  0.379065E-002  0.536766E-002 -0.354389E-002  0.353484E-002  0.500542E-002  0.220000E+002  0.200000E+001  0.100000E+001  0.500000E+000  0.300000E+000  0.200000E+001  0.100000E+001  0.100000E+001  0.100000E+002
  0.133500E+003  0.500000E+002 -0.344177E+002  0.342687E+002 -0.382019E-002  0.388473E-002  0.544839E-002 -0.362522E-002  0.368647E-002  0.517033E-002  0.220000E+002  0.200000E+001  0.100000E+001  0.500000E+000  0.300000E+000  0.200000E+001  0.100000E+001  0.100000E+001  0.100000E+002
  0.134000E+003  0.500000E+002 -0.347329E+002  0.339670E+002 -0.384074E-002  0.396670E-002  0.552141E-002 -0.370896E-002  0.383059E-002  0.533196E-002  0.220000E+002  0.200000E+001  0.100000E+001  0.500000E+000  0.300000E+000  0.200000E+001  0.100000E+001  0.100000E+001  0.100000E+002
  0.134500E+003  0.500000E+002 -0.350455E+002  0.336625E+002 -0.386230E-002  0.403686E-002  0.558691E-002 -0.379547E-002  0.396701E-002  0.549025E-002  0.220000E+002  0.200000E+001  0.100000E+001  0.500000E+000  0.300000E+000  0.200000E+001  0.100000E+001  0.100000E+001  0.100000E+002
  0.135000E+003  0.500000E+002 -0.353553E+002  0.333553E+002 -0.388509E-002  0.409553E-002  0.564511E-002 -0.388509E-002  0.409553E-002  0.564511E-002  0.220000E+002  0.200000E+001  0.100000E+001  0.500000E+000  0.300000E+000  0.200000E+001  0.100000E+001  0.100000E+001  0.100000E+002
  0.135500E+003  0.500000E+002 -0.356625E+002  0.330455E+002 -0.390926E-002  0.414299E-002  0.569620E-002 -0.397810E-002  0.421594E-002  0.579650E-002  0.220000E+002  0.200000E+001  0.100000E+001  0.500000E+000  0.300000E+000  0.200000E+001  0.100000E+001  0.100000E+001  0.100000E+002
  0.136000E+003  0.500000E+002 -0.359670E+002  0.327329E+002 -0.393491E-002  0.417954E-002  0.574039E-002 -0.407472E-002  0.432804E-002  0.594435E-002  0.220000E+002  0.200000E+001  0.100000E+001  0.500000E+000  0.300000E+000  0.200000E+001  0.100000E+001  0.100000E+001  0.100000E+002
  0.136500E+003  0.500000E+002 -0.362687E+002  0.324177E+002 -0.396207E-002  0.420547E-002  0.577788E-002 -0.417515E-002  0.443164E-002  0.608862E-002  0.220000E+002  0.200000E+001  0.100000E+001  0.500000E+000  0.300000E+000  0.200000E+001  0.100000E+001  0.100000E+001  0.100000E+002
  0.137000E+003  0.500000E+002 -0.365677E+002  0.320999E+002 -0.399074E-002  0.422105E-002  0.580890E-002 -0.427954E-002  0.452652E-002  0.622928E-002  0.220000E+002  0.200000E+001  0.100000E+001  0.500000E+000  0.300000E+000  0.200000E+001  0.100000E+001  0.100000E+001  0.100000E+002
  0.137500E+003  0.500000E+002 -0.368639E+002  0.317795E+002 -0.402086E-002  0.422657E-002  0.583363E-002 -0.438800E-002  0.461249E-002  0.636629E-002  0.220000E+002  0.200000E+001  0.100000E+001  0.500000E+000  0.300000E+000  0.200000E+001  0.100000E+001  0.100000E+001  0.100000E+002
  0.138000E+003  0.500000E+002 -0.371572E+002  0.314565E+002 -0.405236E-002  0.422229E-002  0.585230E-002 -0.450060E-002  0.468933E-002  0.649963E-002  0.220000E+002  0.200000E+001  0.100000E+001  0.500000E+000  0.300000E+000  0.200000E+001  0.100000E+001  0.100000E+001  0.100000E+002
  0.138500E+003  0.500000E+002 -0.374478E+002  0.311310E+002 -0.408510E-002  0.420848E-002  0.586510E-002 -0.461737E-002  0.475682E-002  0.662929E-002  0.220000E+002  0.200000E+001  0.100000E+001  0.500000E+000  0.300000E+000  0.200000E+001  0.100000E+001  0.100000E+001  0.100000E+002
  0.139000E+003  0.500000E+002 -0.377355E+002  0.308030E+002 -0.411894E-002  0.418539E-002  0.587224E-002 -0.473830E-002  0.481474E-002  0.675524E-002  0.220000E+002  0.200000E+001  0.100000E+001  0.500000E+000  0.300000E+000  0.200000E+001  0.100000E+001  0.100000E+001  0.100000E+002
  0.139500E+003  0.500000E+002 -0.380203E+002  0.304724E+002 -0.415369E-002  0.415328E-002  0.587391E-002 -0.486334E-002  0.486287E-002  0.687747E-002  0.220000E+002  0.200000E+001  0.100000E+001  0.500000E+000  0.300000E+000  0.200000E+001  0.100000E+001  0.100000E+001  0.100000E+002
  0.140000E+003  0.500000E+002 -0.383022E+002  0.301394E+002 -0.418914E-002  0.411239E-002  0.587032E-002 -0.499242E-002  0.490096E-002  0.699598E-002  0.220000E+002  0.200000E+001  0.100000E+001  0.500000E+000  0.300000E+000  0.200000E+001  0.100000E+001  0.100000E+001  0.100000E+002
  0.140500E+003  0.500000E+002 -0.385812E+002  0.298039E+002 -0.422507E-002  0.406298E-002  0.586166E-002 -0.512542E-002  0.492879E-002  0.711076E-002  0.220000E+002  0.200000E+001  0.100000E+001  0.500000E+000  0.300000E+000  0.200000E+001  0.100000E+001  0.100000E+001  0.100000E+002
  0.141000E+003  0.500000E+002 -0.388573E+002  0.294660E+002 -0.426122E-002  0.400529E-002  0.584811E-002 -0.526217E-002  0.494612E-002  0.722181E-002  0.220000E+002  0.200000E+001  0.100000E+001  0.500000E+000  0.300000E+000  0.200000E+001  0.100000E+001  0.100000E+001  0.100000E+002
  0.141500E+003  0.500000E+002 -0.391304E+002  0.291257E+002 -0.429734E-002  0.393956E-002  0.582985E-002 -0.540249E-002  0.495270E-002  0.732913E-002  0.220000E+002  0.200000E+001  0.100000E+001  0.500000E+000  0.300000E+000  0.200000E+001  0.100000E+001  0.100000E+001  0.100000E+002
  0.142000E+003  0.500000E+002 -0.394005E+002  0.287831E+002 -0.433313E-002  0.386603E-002  0.580708E-002 -0.554615E-002  0.494829E-002  0.743273E-002  0.220000E+002  0.200000E+001  0.100000E+001  0.500000E+000  0.300000E+000  0.200000E+001  0.100000E+001  0.100000E+001  0.100000E+002
  0.142500E+003  0.500000E+002 -0.396677E+002  0.284381E+002 -0.436830E-002  0.378496E-002  0.577996E-002 -0.569288E-002  0.493266E-002  0.753259E-002  0.220000E+002  0.200000E+001  0.100000E+001  0.500000E+000  0.300000E+000  0.200000E+001  0.100000E+001  0.100000E+001  0.100000E+002
  0.143000E+003  0.500000E+002 -0.399318E+002  0.280908E+002 -0.440254E-002  0.369659E-002  0.574867E-002 -0.584237E-002  0.490554E-002  0.762874E-002  0.220000E+002  0.200000E+001  0.100000E+001  0.500000E+000  0.300000E+000  0.200000E+001  0.100000E+001  0.100000E+001  0.100000E+002
  0.143500E+003  0.500000E+002 -0.401928E+002  0.277411E+002 -0.443554E-002  0.360118E-002  0.571336E-002 -0.599428E-002  0.486671E-002  0.772116E-002  0.220000E+002  0.200000E+001  0.100000E+001  0.500000E+000  0.300000E+000  0.200000E+001  0.100000E+001  0.100000E+001  0.100000E+002
  0.144000E+003  0.500000E+002 -0.404508E+002  0.273893E+002 -0.446696E-002  0.349898E-002  0.567421E-002 -0.614824E-002  0.481593E-002  0.780987E-002  0.220000E+002  0.200000E+001  0.100000E+001  0.500000E+000  0.300000E+000  0.200000E+001  0.100000E+001  0.100000E+001  0.100000E+002
  0.144500E+003  0.500000E+002 -0.407058E+002  0.270351E+002 -0.449648E-002  0.339026E-002  0.563136E-002 -0.630383E-002  0.475297E-002  0.789487E-002  0.220000E+002  0.200000E+001  0.100000E+001  0.500000E+000  0.300000E+000  0.200000E+001  0.100000E+001  0.100000E+001  0.100000E+002
  0.145000E+003  0.500000E+002 -0.409576E+002  0.266788E+002 -0.452376E-002  0.327528E-002  0.558497E-002 -0.646059E-002  0.467759E-002  0.797616E-002  0.220000E+002  0.200000E+001  0.100000E+001  0.500000E+000  0.300000E+000  0.200000E+001  0.100000E+001  0.100000E+001  0.100000E+002
  0.145500E+003  0.500000E+002 -0.412063E+002  0.263203E+002 -0.454845E-002  0.315434E-002  0.553518E-002 -0.661803E-002  0.458959E-002  0.805374E-002  0.220000E+002  0.200000E+001  0.100000E+001  0.500000E+000  0.300000E+000  0.200000E+001  0.100000E+001  0.100000E+001  0.100000E+002
  0.146000E+003  0.500000E+002 -0.414519E+002  0.259596E+002 -0.457021E-002  0.302771E-002  0.548214E-002 -0.677562E-002  0.448877E-002  0.812761E-002  0.220000E+002  0.200000E+001  0.100000E+001  0.500000E+000  0.300000E+000  0.200000E+001  0.100000E+001  0.100000E+001  0.100000E+002
  0.146500E+003  0.500000E+002 -0.416943E+002  0.255968E+002 -0.458871E-002  0.289570E-002  0.542599E-002 -0.693278E-002  0.437493E-002  0.819777E-002  0.220000E+002  0.200000E+001  0.100000E+001  0.500000E+000  0.300000E+000  0.200000E+001  0.100000E+001  0.100000E+001  0.100000E+002
  0.147000E+003  0.500000E+002 -0.419335E+002  0.252320E+002 -0.460359E-002  0.275862E-002  0.536685E-002 -0.708891E-002  0.424790E-002  0.826422E-002  0.220000E+002  0.200000E+001  0.100000E+001  0.500000E+000  0.300000E+000  0.200000E+001  0.100000E+001  0.100000E+001  0.100000E+002
  0.147500E+003  0.500000E+002 -0.421696E+002  0.248650E+002 -0.461453E-002  0.261679E-002  0.530485E-002 -0.724336E-002  0.410754E-002  0.832695E-002  0.220000E+002  0.200000E+001  0.100000E+001  0.500000E+000  0.300000E+000  0.200000E+001  0.100000E+001  0.100000E+001  0.100000E+002
  0.148000E+003  0.500000E+002 -0.424024E+002  0.244960E+002 -0.462117E-002  0.247056E-002  0.524013E-002 -0.739542E-002  0.395372E-002  0.838595E-002  0.220000E+002  0.200000E+001  0.100000E+001  0.500000E+000  0.300000E+000  0.200000E+001  0.100000E+001  0.100000E+001  0.100000E+002
  0.148500E+003  0.500000E+002 -0.426320E+002  0.241249E+002 -0.462321E-002  0.232027E-002  0.517278E-002 -0.754439E-002  0.378634E-002  0.844122E-002  0.220000E+002  0.200000E+001  0.100000E+001  0.500000E+000  0.300000E+000  0.200000E+001  0.100000E+001  0.100000E+001  0.100000E+002
  0.149000E+003  0.500000E+002 -0.428584E+002  0.237519E+002 -0.462031E-002  0.216629E-002  0.510295E-002 -0.768948E-002  0.360532E-002  0.849273E-002  0.220000E+002  0.200000E+001  0.100000E+001  0.500000E+000  0.300000E+000  0.200000E+001  0.100000E+001  0.100000E+001  0.100000E+002
  0.149500E+003  0.500000E+002 -0.430815E+002  0.233769E+002 -0.461216E-002  0.200901E-002  0.503072E-002 -0.782990E-002  0.341063E-002  0.854048E-002  0.220000E+002  0.200000E+001  0.100000E+001  0.500000E+000  0.300000E+000  0.200000E+001  0.100000E+001  0.100000E+001  0.100000E+002
  0.150000E+003  0.500000E+002 -0.433013E+002  0.230000E+002 -0.459848E-002  0.184883E-002  0.495622E-002 -0.796479E-002  0.320227E-002  0.858443E-002  0.220000E+002  0.200000E+001  0.100000E+001  0.500000E+000  0.300000E+000  0.200000E+001  0.100000E+001  0.100000E+001  0.100000E+002
  0.150500E+003  0.500000E+002 -0.435178E+002  0.226212E+002 -0.457896E-002  0.168617E-002  0.487955E-002 -0.809328E-002  0.298030E-002  0.862458E-002  0.220000E+002  0.200000E+001  0.100000E+001  0.500000E+000  0.300000E+000  0.200000E+001  0.100000E+001  0.100000E+001  0.100000E+002
  0.151000E+003  0.500000E+002 -0.437310E+002  0.222405E+002 -0.455334E-002  0.152146E-002  0.480081E-002 -0.821444E-002  0.274479E-002  0.866088E-002  0.220000E+002  0.200000E+001  0.100000E+001  0.500000E+000  0.300000E+000  0.200000E+001  0.100000E+001  0.100000E+001  0.100000E+002
  0.151500E+003  0.500000E+002 -0.439409E+002  0.218579E+002 -0.452137E-002  0.135517E-002  0.472009E-002 -0.832732E-002  0.249591E-002  0.869332E-002  0.220000E+002  0.200000E+001  0.100000E+001  0.500000E+000  0.300000E+000  0.200000E+001  0.100000E+001  0.100000E+001  0.100000E+002
  0.152000E+003  0.500000E+002 -0.441474E+002  0.214736E+002 -0.448281E-002  0.118776E-002  0.463749E-002 -0.843093E-002  0.223385E-002  0.872185E-002  0.220000E+002  0.200000E+001  0.100000E+001  0.500000E+000  0.300000E+000  0.200000E+001  0.100000E+001  0.100000E+001  0.100000E+002
  0.152500E+003  0.500000E+002 -0.443505E+002  0.210874E+002 -0.443745E-002  0.101973E-002  0.455311E-002 -0.852426E-002  0.195888E-002  0.874644E-002  0.220000E+002  0.200000E+001  0.100000E+001  0.500000E+000  0.300000E+000  0.200000E+001  0.100000E+001  0.100000E+001  0.100000E+002
  0.153000E+003  0.500000E+002 -0.445503E+002  0.206995E+002 -0.438510E-002  0.851588E-003  0.446703E-002 -0.860625E-002  0.167133E-002  0.876703E-002  0.220000E+002  0.200000E+001  0.100000E+001  0.500000E+000  0.300000E+000  0.200000E+001  0.100000E+001  0.100000E+001  0.100000E+002
  0.153500E+003  0.500000E+002 -0.447467E+002  0.203099E+002 -0.432561E-002  0.683868E-003  0.437934E-002 -0.867583E-002  0.137163E-002  0.878359E-002  0.220000E+002  0.200000E+001  0.100000E+001  0.500000E+000  0.300000E+000  0.200000E+001  0.100000E+001  0.100000E+001  0.100000E+002
  0.154000E+003  0.500000E+002 -0.449397E+002  0.199186E+002 -0.425884E-002  0.517119E-003  0.429012E-002 -0.873192E-002  0.106025E-002  0.879605E-002  0.220000E+002  0.200000E+001  0.100000E+001  0.500000E+000  0.300000E+000  0.200000E+001  0.100000E+001  0.100000E+001  0.100000E+002
  0.154500E+003  0.500000E+002 -0.451293E+002  0.195256E+002 -0.418469E-002  0.351905E-003  0.419946E-002 -0.877339E-002  0.737785E-003  0.880436E-002  0.220000E+002  0.200000E+001  0.100000E+001  0.500000E+000  0.300000E+000  0.200000E+001  0.100000E+001  0.100000E+001  0.100000E+002
  0.155000E+003  0.500000E+002 -0.453154E+002  0.191309E+002 -0.410310E-002  0.188810E-003  0.410745E-002 -0.879913E-002  0.404904E-003  0.880844E-002  0.220000E+002  0.200000E+001  0.100000E+001  0.500000E+000  0.300000E+000  0.200000E+001  0.100000E+001  0.100000E+001  0.100000E+002
  0.155500E+003  0.500000E+002 -0.454981E+002  0.187347E+002 -0.401405E-002  0.284296E-004  0.401415E-002 -0.880802E-002  0.623831E-004  0.880824E-002  0.220000E+002  0.200000E+001  0.100000E+001  0.500000E+000  0.300000E+000  0.200000E+001  0.100000E+001  0.100000E+001  0.100000E+002
  0.156000E+003  0.500000E+002 -0.456773E+002  0.183368E+002 -0.391754E-002 -0.128625E-003  0.391965E-002 -0.879893E-002 -0.288895E-003  0.880367E-002  0.220000E+002  0.200000E+001  0.100000E+001  0.500000E+000  0.300000E+000  0.200000E+001  0.100000E+001  0.100000E+001  0.100000E+002
  0.156500E+003  0.500000E+002 -0.458530E+002  0.179375E+002 -0.381363E-002 -0.281730E-003  0.382402E-002 -0.877075E-002 -0.647935E-003  0.879465E-002  0.220000E+002  0.200000E+001  0.100000E+001  0.500000E+000  0.300000E+000  0.200000E+001  0.100000E+001  0.100000E+001  0.100000E+002
  0.157000E+003  0.500000E+002 -0.460252E+002  0.175366E+002 -0.370243E-002 -0.430256E-003  0.372735E-002 -0.872238E-002 -0.101362E-002  0.878108E-002  0.220000E+002  0.200000E+001  0.100000E+001  0.500000E+000  0.300000E+000  0.200000E+001  0.100000E+001  0.100000E+001  0.100000E+002
  0.157500E+003  0.500000E+002 -0.461940E+002  0.171342E+002 -0.358410E-002 -0.573565E-003  0.362970E-002 -0.865278E-002 -0.138471E-002  0.876287E-002  0.220000E+002  0.200000E+001  0.100000E+001  0.500000E+000  0.300000E+000  0.200000E+001  0.100000E+001  0.100000E+001  0.100000E+002
  0.158000E+003  0.500000E+002 -0.463592E+002  0.167303E+002 -0.345883E-002 -0.711015E-003  0.353116E-002 -0.856091E-002 -0.175982E-002  0.873992E-002  0.220000E+002  0.200000E+001  0.100000E+001  0.500000E+000  0.300000E+000  0.200000E+001  0.100000E+001  0.100000E+001  0.100000E+002
  0.158500E+003  0.500000E+002 -0.465209E+002  0.163251E+002 -0.332690E-002 -0.841967E-003  0.343179E-002 -0.844583E-002 -0.213746E-002  0.871210E-002  0.220000E+002  0.200000E+001  0.100000E+001  0.500000E+000  0.300000E+000  0.200000E+001  0.100000E+001  0.100000E+001  0.100000E+002
  0.159000E+003  0.500000E+002 -0.466790E+002  0.159184E+002 -0.318862E-002 -0.965785E-003  0.333167E-002 -0.830664E-002 -0.251596E-002  0.867931E-002  0.220000E+002  0.200000E+001  0.100000E+001  0.500000E+000  0.300000E+000  0.200000E+001  0.100000E+001  0.100000E+001  0.100000E+002
  0.159500E+003  0.500000E+002 -0.468336E+002  0.155104E+002 -0.304438E-002 -0.108185E-002  0.323089E-002 -0.814256E-002 -0.289353E-002  0.864140E-002  0.220000E+002  0.200000E+001  0.100000E+001  0.500000E+000  0.300000E+000  0.200000E+001  0.100000E+001  0.100000E+001  0.100000E+002
  0.160000E+003  0.500000E+002 -0.469846E+002  0.151010E+002 -0.289461E-002 -0.118954E-002  0.312950E-002 -0.795289E-002 -0.326823E-002  0.859824E-002  0.220000E+002  0.200000E+001  0.100000E+001  0.500000E+000  0.300000E+000  0.200000E+001  0.100000E+001  0.100000E+001  0.100000E+002
  0.160500E+003  0.500000E+002 -0.471321E+002  0.146903E+002 -0.273984E-002 -0.128828E-002  0.302760E-002 -0.773707E-002 -0.363798E-002  0.854969E-002  0.220000E+002  0.200000E+001  0.100000E+001  0.500000E+000  0.300000E+000  0.200000E+001  0.100000E+001  0.100000E+001  0.100000E+002
  0.161000E+003  0.500000E+002 -0.472759E+002  0.142784E+002 -0.258063E-002 -0.137750E-002  0.292526E-002 -0.749469E-002 -0.400055E-002  0.849557E-002  0.220000E+002  0.200000E+001  0.100000E+001  0.500000E+000  0.300000E+000  0.200000E+001  0.100000E+001  0.100000E+001  0.100000E+002
  0.161500E+003  0.500000E+002 -0.474162E+002  0.138652E+002 -0.241762E-002 -0.145668E-002  0.282256E-002 -0.722551E-002 -0.435357E-002  0.843574E-002  0.220000E+002  0.200000E+001  0.100000E+001  0.500000E+000  0.300000E+000  0.200000E+001  0.100000E+001  0.100000E+001  0.100000E+002
  0.162000E+003  0.500000E+002 -0.475528E+002  0.134508E+002 -0.225153E-002 -0.152535E-002  0.271958E-002 -0.692950E-002 -0.469455E-002  0.836999E-002  0.220000E+002  0.200000E+001  0.100000E+001  0.500000E+000  0.300000E+000  0.200000E+001  0.100000E+001  0.100000E+001  0.100000E+002
  0.162500E+003  0.500000E+002 -0.476858E+002  0.130353E+002 -0.208313E-002 -0.158307E-002  0.261640E-002 -0.660684E-002 -0.502086E-002  0.829816E-002  0.220000E+002  0.200000E+001  0.100000E+001  0.500000E+000  0.300000E+000  0.200000E+001  0.100000E+001  0.100000E+001  0.100000E+002
  0.163000E+003  0.500000E+002 -0.478152E+002  0.126186E+002 -0.191325E-002 -0.162948E-002  0.251311E-002 -0.625796E-002 -0.532980E-002  0.822003E-002  0.220000E+002  0.200000E+001  0.100000E+001  0.500000E+000  0.300000E+000  0.200000E+001  0.100000E+001  0.100000E+001  0.100000E+002
  0.163500E+003  0.500000E+002 -0.479410E+002  0.122008E+002 -0.174280E-002 -0.166429E-002  0.240981E-002 -0.588358E-002 -0.561854E-002  0.813539E-002  0.220000E+002  0.200000E+001  0.100000E+001  0.500000E+000  0.300000E+000  0.200000E+001  0.100000E+001  0.100000E+001  0.100000E+002
  0.164000E+003  0.500000E+002 -0.480631E+002  0.117819E+002 -0.157272E-002 -0.168727E-002  0.230658E-002 -0.548473E-002 -0.588421E-002  0.804402E-002  0.220000E+002  0.200000E+001  0.100000E+001  0.500000E+000  0.300000E+000  0.200000E+001  0.100000E+001  0.100000E+001  0.100000E+002
  0.164500E+003  0.500000E+002 -0.481815E+002  0.113619E+002 -0.140402E-002 -0.169831E-002  0.220353E-002 -0.506275E-002 -0.612392E-002  0.794568E-002  0.220000E+002  0.200000E+001  0.100000E+001  0.500000E+000  0.300000E+000  0.200000E+001  0.100000E+001  0.100000E+001  0.100000E+002
  0.165000E+003  0.500000E+002 -0.482963E+002  0.109410E+002 -0.123775E-002 -0.169739E-002  0.210075E-002 -0.461936E-002 -0.633475E-002  0.784012E-002  0.220000E+002  0.200000E+001  0.100000E+001  0.500000E+000  0.300000E+000  0.200000E+001  0.100000E+001  0.100000E+001  0.100000E+002
  0.165500E+003  0.500000E+002 -0.484074E+002  0.105190E+002 -0.107498E-002 -0.168459E-002  0.199836E-002 -0.415665E-002 -0.651384E-002  0.772709E-002  0.220000E+002  0.200000E+001  0.100000E+001  0.500000E+000  0.300000E+000  0.200000E+001  0.100000E+001  0.100000E+001  0.100000E+002
  0.166000E+003  0.500000E+002 -0.485148E+002  0.100961E+002 -0.916813E-003 -0.166013E-002  0.189646E-002 -0.367714E-002 -0.665841E-002  0.760630E-002  0.220000E+002  0.200000E+001  0.100000E+001  0.500000E+000  0.300000E+000  0.200000E+001  0.100000E+001  0.100000E+001  0.100000E+002
  0.166500E+003  0.500000E+002 -0.486185E+002  0.967227E+001 -0.764346E-003 -0.162433E-002  0.179518E-002 -0.318373E-002 -0.676584E-002  0.747748E-002  0.220000E+002  0.200000E+001  0.100000E+001  0.500000E+000  0.300000E+000  0.200000E+001  0.100000E+001  0.100000E+001  0.100000E+002
  0.167000E+003  0.500000E+002 -0.487185E+002  0.924755E+001 -0.618677E-003 -0.157768E-002  0.169465E-002 -0.267978E-002 -0.683368E-002  0.734033E-002  0.220000E+002  0.200000E+001  0.100000E+001  0.500000E+000  0.300000E+000  0.200000E+001  0.100000E+001  0.100000E+001  0.100000E+002
  0.167500E+003  0.500000E+002 -0.488148E+002  0.882198E+001 -0.480872E-003 -0.152078E-002  0.159499E-002 -0.216908E-002 -0.685978E-002  0.719454E-002  0.220000E+002  0.200000E+001  0.100000E+001  0.500000E+000  0.300000E+000  0.200000E+001  0.100000E+001  0.100000E+001  0.100000E+002
  0.168000E+003  0.500000E+002 -0.489074E+002  0.839558E+001 -0.351954E-003 -0.145438E-002  0.149636E-002 -0.165581E-002 -0.684230E-002  0.703980E-002  0.220000E+002  0.200000E+001  0.100000E+001  0.500000E+000  0.300000E+000  0.200000E+001  0.100000E+001  0.100000E+001  0.100000E+002
  0.168500E+003  0.500000E+002 -0.489962E+002  0.796840E+001 -0.232874E-003 -0.137938E-002  0.139890E-002 -0.114461E-002 -0.677986E-002  0.687580E-002  0.220000E+002  0.200000E+001  0.100000E+001  0.500000E+000  0.300000E+000  0.200000E+001  0.100000E+001  0.100000E+001  0.100000E+002
  0.169000E+003  0.500000E+002 -0.490814E+002  0.754045E+001 -0.124492E-003 -0.129681E-002  0.130278E-002 -0.640457E-003 -0.667153E-002  0.670220E-002  0.220000E+002  0.200000E+001  0.100000E+001  0.500000E+000  0.300000E+000  0.200000E+001  0.100000E+001  0.100000E+001  0.100000E+002
  0.169500E+003  0.500000E+002 -0.491627E+002  0.711178E+001 -0.275555E-004 -0.120785E-002  0.120816E-002 -0.148676E-003 -0.651697E-002  0.651867E-002  0.220000E+002  0.200000E+001  0.100000E+001  0.500000E+000  0.300000E+000  0.200000E+001  0.100000E+001  0.100000E+001  0.100000E+002
  0.170000E+003  0.500000E+002 -0.492404E+002  0.668241E+001  0.573304E-004 -0.111377E-002  0.111525E-002  0.325137E-003 -0.631652E-002  0.632489E-002  0.220000E+002  0.200000E+001  0.100000E+001  0.500000E+000  0.300000E+000  0.200000E+001  0.100000E+001  0.100000E+001  0.100000E+002
  0.170500E+003  0.500000E+002 -0.493143E+002  0.625238E+001  0.129722E-003 -0.101598E-002  0.102422E-002  0.775191E-003 -0.607123E-002  0.612052E-002  0.220000E+002  0.200000E+001  0.100000E+001  0.500000E+000  0.300000E+000  0.200000E+001  0.100000E+001  0.100000E+001  0.100000E+002
  0.171000E+003  0.500000E+002 -0.493844E+002  0.582172E+001  0.189364E-003 -0.915931E-003  0.935301E-003  0.119559E-002 -0.578296E-002  0.590526E-002  0.220000E+002  0.200000E+001  0.100000E+001  0.500000E+000  0.300000E+000  0.200000E+001  0.100000E+001  0.100000E+001  0.100000E+002
  0.171500E+003  0.500000E+002 -0.494508E+002  0.539047E+001  0.236202E-003 -0.815169E-003  0.848701E-003  0.158047E-002 -0.545443E-002  0.567879E-002  0.220000E+002  0.200000E+001  0.100000E+001  0.500000E+000  0.300000E+000  0.200000E+001  0.100000E+001  0.100000E+001  0.100000E+002
  0.172000E+003  0.500000E+002 -0.495134E+002  0.495866E+001  0.270410E-003 -0.715248E-003  0.764658E-003  0.192407E-002 -0.508925E-002  0.544082E-002  0.220000E+002  0.200000E+001  0.100000E+001  0.500000E+000  0.300000E+000  0.200000E+001  0.100000E+001  0.100000E+001  0.100000E+002
  0.172500E+003  0.500000E+002 -0.495722E+002  0.452631E+001  0.292393E-003 -0.617713E-003  0.683421E-003  0.222095E-002 -0.469200E-002  0.519109E-002  0.220000E+002  0.200000E+001  0.100000E+001  0.500000E+000  0.300000E+000  0.200000E+001  0.100000E+001  0.100000E+001  0.100000E+002
  0.173000E+003  0.500000E+002 -0.496273E+002  0.409347E+001  0.302798E-003 -0.524062E-003  0.605250E-003  0.246609E-002 -0.426814E-002  0.492937E-002  0.220000E+002  0.200000E+001  0.100000E+001  0.500000E+000  0.300000E+000  0.200000E+001  0.100000E+001  0.100000E+001  0.100000E+002
  0.173500E+003  0.500000E+002 -0.496786E+002  0.366016E+001  0.302510E-003 -0.435698E-003  0.530420E-003  0.265510E-002 -0.382407E-002  0.465543E-002  0.220000E+002  0.200000E+001  0.100000E+001  0.500000E+000  0.300000E+000  0.200000E+001  0.100000E+001  0.100000E+001  0.100000E+002
  0.174000E+003  0.500000E+002 -0.497261E+002  0.322642E+001  0.292646E-003 -0.353889E-003  0.459215E-003  0.278434E-002 -0.336703E-002  0.436914E-002  0.220000E+002  0.200000E+001  0.100000E+001  0.500000E+000  0.300000E+000  0.200000E+001  0.100000E+001  0.100000E+001  0.100000E+002
  0.174500E+003  0.500000E+002 -0.497698E+002  0.279229E+001  0.274535E-003 -0.279718E-003  0.391933E-003  0.285115E-002 -0.290498E-002  0.407038E-002  0.220000E+002  0.200000E+001  0.100000E+001  0.500000E+000  0.300000E+000  0.200000E+001  0.100000E+001  0.100000E+001  0.100000E+002
