 %psi, re(u), im(u), abs(u), re(w), im(w), abs(w)
   5.00  0.831838E-006  0.170494E-005  0.189704E-005  0.136911E-007  0.280613E-007  0.312231E-007
   5.50  0.247639E-005  0.376253E-005  0.450435E-005  0.633228E-007  0.962102E-007  0.115179E-006
   6.00  0.531436E-005  0.618849E-005  0.815720E-005  0.184381E-006  0.214709E-006  0.283012E-006
   6.50  0.950045E-005  0.857996E-005  0.128013E-004  0.416417E-006  0.376070E-006  0.561099E-006
   7.00  0.150834E-004  0.105099E-004  0.183839E-004  0.799117E-006  0.556816E-006  0.973977E-006
   7.50  0.220044E-004  0.115501E-004  0.248515E-004  0.136739E-005  0.717740E-006  0.154431E-005
   8.00  0.301053E-004  0.112955E-004  0.321545E-004  0.214710E-005  0.805590E-006  0.229325E-005
   8.50  0.391323E-004  0.938217E-005  0.402413E-004  0.315075E-005  0.755406E-006  0.324004E-005
   9.00  0.487526E-004  0.550713E-005  0.490626E-004  0.437456E-005  0.494154E-006  0.440238E-005
   9.50  0.585634E-004 -0.558174E-006  0.585661E-004  0.579555E-005 -0.552379E-007  0.579581E-005
  10.00  0.681214E-004 -0.895571E-005  0.687076E-004  0.737191E-005 -0.969162E-006  0.743534E-005
  10.50  0.769469E-004 -0.197350E-004  0.794373E-004  0.904083E-005 -0.231876E-005  0.933345E-005
  11.00  0.845544E-004 -0.328500E-004  0.907114E-004  0.107212E-004 -0.416526E-005  0.115019E-004
  11.50  0.904633E-004 -0.481582E-004  0.102483E-003  0.123142E-004 -0.655546E-005  0.139504E-004
  12.00  0.942232E-004 -0.654272E-004  0.114712E-003  0.137075E-004 -0.951826E-005  0.166881E-004
  12.50  0.954233E-004 -0.843395E-004  0.127353E-003  0.147775E-004 -0.130610E-004  0.197222E-004
  13.00  0.937116E-004 -0.104503E-003  0.140367E-003  0.153946E-004 -0.171674E-004  0.230589E-004
  13.50  0.888055E-004 -0.125466E-003  0.153715E-003  0.154275E-004 -0.217963E-004  0.267037E-004
  14.00  0.804999E-004 -0.146725E-003  0.167357E-003  0.147478E-004 -0.268803E-004  0.306602E-004
  14.50  0.686757E-004 -0.167744E-003  0.181258E-003  0.132350E-004 -0.323271E-004  0.349314E-004
  15.00  0.533040E-004 -0.187970E-003  0.195382E-003  0.107818E-004 -0.380206E-004  0.395198E-004
  15.50  0.344439E-004 -0.206846E-003  0.209694E-003  0.729727E-005 -0.438222E-004  0.444256E-004
  16.00  0.122448E-004 -0.223826E-003  0.224161E-003  0.271210E-005 -0.495752E-004  0.496494E-004
  16.50 -0.130599E-004 -0.238396E-003  0.238753E-003 -0.301896E-005 -0.551082E-004  0.551909E-004
  17.00 -0.411587E-004 -0.250073E-003  0.253437E-003 -0.991426E-005 -0.602372E-004  0.610477E-004
  17.50 -0.716702E-004 -0.258434E-003  0.268187E-003 -0.179635E-004 -0.647741E-004  0.672188E-004
  18.00 -0.104152E-003 -0.263108E-003  0.282973E-003 -0.271265E-004 -0.685266E-004  0.737004E-004
  18.50 -0.138113E-003 -0.263800E-003  0.297767E-003 -0.373332E-004 -0.713073E-004  0.804891E-004
  19.00 -0.173024E-003 -0.260284E-003  0.312546E-003 -0.484844E-004 -0.729363E-004  0.875811E-004
  19.50 -0.208330E-003 -0.252416E-003  0.327285E-003 -0.604534E-004 -0.732465E-004  0.949719E-004
  20.00 -0.243462E-003 -0.240129E-003  0.341958E-003 -0.730871E-004 -0.720865E-004  0.102656E-003
  20.50 -0.277850E-003 -0.223436E-003  0.356545E-003 -0.862099E-004 -0.693265E-004  0.110627E-003
  21.00 -0.310935E-003 -0.202428E-003  0.371023E-003 -0.996264E-004 -0.648598E-004  0.118879E-003
  21.50 -0.342181E-003 -0.177273E-003  0.385374E-003 -0.113126E-003 -0.586072E-004  0.127406E-003
  22.00 -0.371076E-003 -0.148203E-003  0.399576E-003 -0.126486E-003 -0.505168E-004  0.136201E-003
  22.50 -0.397155E-003 -0.115515E-003  0.413613E-003 -0.139476E-003 -0.405673E-004  0.145256E-003
  23.00 -0.419996E-003 -0.795616E-004  0.427466E-003 -0.151863E-003 -0.287680E-004  0.154564E-003
  23.50 -0.439233E-003 -0.407426E-004  0.441118E-003 -0.163414E-003 -0.151581E-004  0.164116E-003
  24.00 -0.454555E-003  0.504130E-006  0.454555E-003 -0.173904E-003  0.192870E-006  0.173904E-003
  24.50 -0.465715E-003  0.437109E-004  0.467762E-003 -0.183115E-003  0.171867E-004  0.183920E-003
  25.00 -0.472528E-003  0.883895E-004  0.480723E-003 -0.190844E-003  0.356987E-004  0.194154E-003
  25.50 -0.474873E-003  0.134040E-003  0.493428E-003 -0.196905E-003  0.555795E-004  0.204599E-003
  26.00 -0.472693E-003  0.180160E-003  0.505862E-003 -0.201131E-003  0.766579E-004  0.215244E-003
  26.50 -0.465994E-003  0.226251E-003  0.518015E-003 -0.203377E-003  0.987443E-004  0.226081E-003
  27.00 -0.454838E-003  0.271830E-003  0.529876E-003 -0.203523E-003  0.121633E-003  0.237099E-003
  27.50 -0.439345E-003  0.316430E-003  0.541435E-003 -0.201474E-003  0.145108E-003  0.248290E-003
  28.00 -0.419684E-003  0.359615E-003  0.552683E-003 -0.197163E-003  0.168943E-003  0.259644E-003
  28.50 -0.396074E-003  0.400978E-003  0.563611E-003 -0.190550E-003  0.192909E-003  0.271151E-003
  29.00 -0.368769E-003  0.440146E-003  0.574211E-003 -0.181620E-003  0.216774E-003  0.282802E-003
  29.50 -0.338062E-003  0.476789E-003  0.584477E-003 -0.170388E-003  0.240309E-003  0.294585E-003
  30.00 -0.304273E-003  0.510618E-003  0.594402E-003 -0.156893E-003  0.263292E-003  0.306493E-003
  30.50 -0.267747E-003  0.541389E-003  0.603979E-003 -0.141199E-003  0.285508E-003  0.318515E-003
  31.00 -0.228843E-003  0.568904E-003  0.613205E-003 -0.123393E-003  0.306754E-003  0.330642E-003
  31.50 -0.187933E-003  0.593007E-003  0.622074E-003 -0.103581E-003  0.326843E-003  0.342863E-003
  32.00 -0.145394E-003  0.613593E-003  0.630583E-003 -0.818916E-004  0.345600E-003  0.355170E-003
  32.50 -0.101602E-003  0.630596E-003  0.638728E-003 -0.584661E-004  0.362873E-003  0.367553E-003
  33.00 -0.569291E-004  0.643996E-003  0.646507E-003 -0.334617E-004  0.378527E-003  0.380003E-003
  33.50 -0.117391E-004  0.653813E-003  0.653918E-003 -0.704632E-005  0.392447E-003  0.392510E-003
  34.00  0.336195E-004  0.660104E-003  0.660959E-003  0.206036E-004  0.404542E-003  0.405066E-003
  34.50  0.788138E-004  0.662962E-003  0.667630E-003  0.493051E-004  0.414742E-003  0.417663E-003
  35.00  0.123532E-003  0.662512E-003  0.673931E-003  0.788725E-004  0.423001E-003  0.430291E-003
  35.50  0.167483E-003  0.658907E-003  0.679860E-003  0.109119E-003  0.429291E-003  0.442942E-003
  36.00  0.210402E-003  0.652328E-003  0.685420E-003  0.139858E-003  0.433612E-003  0.455609E-003
  36.50  0.252050E-003  0.642975E-003  0.690613E-003  0.170908E-003  0.435982E-003  0.468284E-003
  37.00  0.292213E-003  0.631068E-003  0.695439E-003  0.202092E-003  0.436441E-003  0.480960E-003
  37.50  0.330708E-003  0.616843E-003  0.699902E-003  0.233243E-003  0.435049E-003  0.493630E-003
  38.00  0.367376E-003  0.600547E-003  0.704004E-003  0.264200E-003  0.431885E-003  0.506286E-003
  38.50  0.402090E-003  0.582438E-003  0.707750E-003  0.294814E-003  0.427045E-003  0.518924E-003
  39.00  0.434746E-003  0.562780E-003  0.711144E-003  0.324947E-003  0.420645E-003  0.531539E-003
  39.50  0.465269E-003  0.541842E-003  0.714190E-003  0.354476E-003  0.412815E-003  0.544123E-003
  40.00  0.493607E-003  0.519894E-003  0.716895E-003  0.383290E-003  0.403702E-003  0.556675E-003
  40.50  0.519734E-003  0.497209E-003  0.719263E-003  0.411291E-003  0.393466E-003  0.569189E-003
  41.00  0.543643E-003  0.474056E-003  0.721303E-003  0.438397E-003  0.382281E-003  0.581662E-003
  41.50  0.565350E-003  0.450707E-003  0.723020E-003  0.464538E-003  0.370338E-003  0.594093E-003
  42.00  0.584886E-003  0.427430E-003  0.724423E-003  0.489660E-003  0.357840E-003  0.606479E-003
  42.50  0.602301E-003  0.404491E-003  0.725520E-003  0.513722E-003  0.345003E-003  0.618819E-003
  43.00  0.617654E-003  0.382158E-003  0.726321E-003  0.536693E-003  0.332065E-003  0.631115E-003
  43.50  0.631018E-003  0.360701E-003  0.726835E-003  0.558554E-003  0.319279E-003  0.643367E-003
  44.00  0.642469E-003  0.340395E-003  0.727073E-003  0.579293E-003  0.306923E-003  0.655578E-003
  44.50  0.652086E-003  0.321526E-003  0.727046E-003  0.598905E-003  0.295303E-003  0.667751E-003
  45.00  0.659949E-003  0.304396E-003  0.726767E-003  0.617383E-003  0.284763E-003  0.679891E-003
  45.50  0.666123E-003  0.289338E-003  0.726248E-003  0.634716E-003  0.275696E-003  0.692006E-003
  46.00  0.670656E-003  0.276725E-003  0.725504E-003  0.650872E-003  0.268562E-003  0.704103E-003
  46.50  0.673560E-003  0.267001E-003  0.724549E-003  0.665791E-003  0.263921E-003  0.716192E-003
  47.00  0.674789E-003  0.260708E-003  0.723401E-003  0.679347E-003  0.262469E-003  0.728287E-003
  47.50  0.674195E-003  0.258562E-003  0.722076E-003  0.691306E-003  0.265124E-003  0.740401E-003
  48.00  0.671450E-003  0.261553E-003  0.720593E-003  0.701230E-003  0.273154E-003  0.752553E-003
  48.50  0.665869E-003  0.271184E-003  0.718973E-003  0.708277E-003  0.288455E-003  0.764763E-003
  49.00  0.655995E-003  0.290001E-003  0.717238E-003  0.710705E-003  0.314188E-003  0.777056E-003
  49.50  0.638231E-003  0.323227E-003  0.715412E-003  0.704289E-003  0.356681E-003  0.789459E-003
  50.00  0.599336E-003  0.387181E-003  0.713521E-003  0.673660E-003  0.435195E-003  0.802005E-003
  50.50  0.415344E-003  0.391147E-003  0.570532E-003  0.475544E-003  0.447839E-003  0.653225E-003
  51.00  0.364375E-003  0.308385E-003  0.477358E-003  0.424972E-003  0.359672E-003  0.556745E-003
  51.50  0.335074E-003  0.254788E-003  0.420941E-003  0.398112E-003  0.302721E-003  0.500133E-003
  52.00  0.312943E-003  0.213479E-003  0.378823E-003  0.378795E-003  0.258401E-003  0.458538E-003
  52.50  0.294322E-003  0.179632E-003  0.344808E-003  0.362963E-003  0.221525E-003  0.425225E-003
  53.00  0.277736E-003  0.151034E-003  0.316146E-003  0.348982E-003  0.189778E-003  0.397246E-003
  53.50  0.262466E-003  0.126445E-003  0.291336E-003  0.336054E-003  0.161896E-003  0.373018E-003
  54.00  0.248130E-003  0.105080E-003  0.269463E-003  0.323752E-003  0.137105E-003  0.351587E-003
  54.50  0.234507E-003  0.863994E-004  0.249917E-003  0.311837E-003  0.114890E-003  0.332328E-003
  55.00  0.221472E-003  0.700093E-004  0.232274E-003  0.300171E-003  0.948869E-004  0.314812E-003
  55.50  0.208948E-003  0.556072E-004  0.216221E-003  0.288678E-003  0.768256E-004  0.298726E-003
  56.00  0.196894E-003  0.429526E-004  0.201525E-003  0.277320E-003  0.604974E-004  0.283842E-003
  56.50  0.185284E-003  0.318478E-004  0.188001E-003  0.266079E-003  0.457353E-004  0.269981E-003
  57.00  0.174106E-003  0.221263E-004  0.175506E-003  0.254956E-003  0.324011E-004  0.257007E-003
  57.50  0.163353E-003  0.136448E-004  0.163922E-003  0.243959E-003  0.203778E-004  0.244809E-003
  58.00  0.153023E-003  0.627828E-005  0.153151E-003  0.233103E-003  0.956384E-005  0.233299E-003
  58.50  0.143114E-003 -0.842263E-007  0.143114E-003  0.222404E-003 -0.130890E-006  0.222404E-003
  59.00  0.133628E-003 -0.554196E-005  0.133743E-003  0.211882E-003 -0.878740E-005  0.212064E-003
  59.50  0.124563E-003 -0.101845E-004  0.124979E-003  0.201557E-003 -0.164797E-004  0.202230E-003
  60.00  0.115917E-003 -0.140931E-004  0.116771E-003  0.191447E-003 -0.232759E-004  0.192857E-003
  60.50  0.107688E-003 -0.173419E-004  0.109076E-003  0.181570E-003 -0.292397E-004  0.183909E-003
  61.00  0.998727E-004 -0.199989E-004  0.101855E-003  0.171943E-003 -0.344305E-004  0.175357E-003
  61.50  0.924645E-004 -0.221261E-004  0.950750E-004  0.162581E-003 -0.389045E-004  0.167171E-003
  62.00  0.854574E-004 -0.237809E-004  0.887045E-004  0.153496E-003 -0.427145E-004  0.159328E-003
  62.50  0.788432E-004 -0.250155E-004  0.827165E-004  0.144700E-003 -0.459107E-004  0.151809E-003
  63.00  0.726129E-004 -0.258783E-004  0.770865E-004  0.136202E-003 -0.485408E-004  0.144593E-003
  63.50  0.667563E-004 -0.264136E-004  0.717919E-004  0.128010E-003 -0.506498E-004  0.137666E-003
  64.00  0.612623E-004 -0.266619E-004  0.668126E-004  0.120128E-003 -0.522807E-004  0.131012E-003
  64.50  0.561189E-004 -0.266603E-004  0.621297E-004  0.112561E-003 -0.534743E-004  0.124617E-003
  65.00  0.513134E-004 -0.264429E-004  0.577260E-004  0.105311E-003 -0.542689E-004  0.118471E-003
  65.50  0.468329E-004 -0.260407E-004  0.535858E-004  0.983774E-004 -0.547013E-004  0.112563E-003
  66.00  0.426636E-004 -0.254818E-004  0.496941E-004  0.917601E-004 -0.548059E-004  0.106881E-003
  66.50  0.387919E-004 -0.247919E-004  0.460375E-004  0.854566E-004 -0.546153E-004  0.101418E-003
  67.00  0.352037E-004 -0.239940E-004  0.426030E-004  0.794632E-004 -0.541604E-004  0.961652E-004
  67.50  0.318848E-004 -0.231091E-004  0.393786E-004  0.737751E-004 -0.534699E-004  0.911142E-004
  68.00  0.288214E-004 -0.221559E-004  0.363533E-004  0.683869E-004 -0.525711E-004  0.862582E-004
  68.50  0.259995E-004 -0.211512E-004  0.335164E-004  0.632918E-004 -0.514893E-004  0.815904E-004
  69.00  0.234053E-004 -0.201099E-004  0.308580E-004  0.584824E-004 -0.502483E-004  0.771044E-004
  69.50  0.210253E-004 -0.190453E-004  0.283687E-004  0.539509E-004 -0.488702E-004  0.727942E-004
  70.00  0.188463E-004 -0.179689E-004  0.260397E-004  0.496887E-004 -0.473755E-004  0.686542E-004
  70.50  0.168555E-004 -0.168911E-004  0.238624E-004  0.456867E-004 -0.457832E-004  0.646791E-004
  71.00  0.150404E-004 -0.158207E-004  0.218291E-004  0.419357E-004 -0.441111E-004  0.608637E-004
  71.50  0.133892E-004 -0.147653E-004  0.199320E-004  0.384258E-004 -0.423752E-004  0.572031E-004
  72.00  0.118902E-004 -0.137316E-004  0.181641E-004  0.351473E-004 -0.405905E-004  0.536929E-004
  72.50  0.105324E-004 -0.127251E-004  0.165184E-004  0.320902E-004 -0.387707E-004  0.503284E-004
  73.00  0.930534E-005 -0.117502E-004  0.149886E-004  0.292445E-004 -0.369282E-004  0.471055E-004
  73.50  0.819890E-005 -0.108109E-004  0.135683E-004  0.266001E-004 -0.350744E-004  0.440202E-004
  74.00  0.720356E-005 -0.991010E-005  0.122516E-004  0.241469E-004 -0.332195E-004  0.410683E-004
  74.50  0.631036E-005 -0.905013E-005  0.110329E-004  0.218752E-004 -0.313728E-004  0.382463E-004
  75.00  0.551077E-005 -0.823270E-005  0.990686E-005  0.197752E-004 -0.295427E-004  0.355504E-004
  75.50  0.479683E-005 -0.745899E-005  0.886826E-005  0.178372E-004 -0.277366E-004  0.329770E-004
  76.00  0.416104E-005 -0.672971E-005  0.791222E-005  0.160520E-004 -0.259611E-004  0.305229E-004
  76.50  0.359640E-005 -0.604513E-005  0.703404E-005  0.144105E-004 -0.242223E-004  0.281848E-004
  77.00  0.309637E-005 -0.540513E-005  0.622920E-005  0.129037E-004 -0.225252E-004  0.259594E-004
  77.50  0.265489E-005 -0.480932E-005  0.549345E-005  0.115233E-004 -0.208744E-004  0.238438E-004
  78.00  0.226631E-005 -0.425697E-005  0.482265E-005  0.102610E-004 -0.192739E-004  0.218350E-004
  78.50  0.192543E-005 -0.374715E-005  0.421289E-005  0.910882E-005 -0.177270E-004  0.199303E-004
  79.00  0.162742E-005 -0.327871E-005  0.366039E-005  0.805928E-005 -0.162368E-004  0.181269E-004
  79.50  0.136785E-005 -0.285033E-005  0.316155E-005  0.710513E-005 -0.148057E-004  0.164223E-004
  80.00  0.114267E-005 -0.246055E-005  0.271293E-005  0.623950E-005 -0.134357E-004  0.148138E-004
  80.50  0.948159E-006 -0.210778E-005  0.231122E-005  0.545590E-005 -0.121286E-004  0.132992E-004
  81.00  0.780911E-006 -0.179035E-005  0.195325E-005  0.474813E-005 -0.108858E-004  0.118762E-004
  81.50  0.637837E-006 -0.150651E-005  0.163597E-005  0.411040E-005 -0.970836E-005  0.105427E-004
  82.00  0.516129E-006 -0.125443E-005  0.135646E-005  0.353726E-005 -0.859719E-005  0.929644E-005
  82.50  0.413242E-006 -0.103228E-005  0.111192E-005  0.302358E-005 -0.755292E-005  0.813565E-005
  83.00  0.326880E-006 -0.838164E-006  0.899649E-006  0.256463E-005 -0.657604E-005  0.705844E-005
  83.50  0.254971E-006 -0.670178E-006  0.717041E-006  0.215596E-005 -0.566683E-005  0.606310E-005
  84.00  0.195652E-006 -0.526408E-006  0.561591E-006  0.179350E-005 -0.482548E-005  0.514800E-005
  84.50  0.147254E-006 -0.404939E-006  0.430882E-006  0.147352E-005 -0.405207E-005  0.431167E-005
  85.00  0.108280E-006 -0.303856E-006  0.322572E-006  0.119257E-005 -0.334659E-005  0.355273E-005
  85.50  0.773898E-007 -0.221249E-006  0.234393E-006  0.947563E-006 -0.270897E-005  0.286992E-005
  86.00  0.533852E-007 -0.155218E-006  0.164142E-006  0.735707E-006 -0.213908E-005  0.226206E-005
  86.50  0.351937E-007 -0.103880E-006  0.109680E-006  0.554527E-006 -0.163678E-005  0.172816E-005
  87.00  0.218524E-007 -0.653580E-007  0.689144E-007  0.401849E-006 -0.120188E-005  0.126728E-005
  87.50  0.124946E-007 -0.377937E-007  0.398055E-007  0.275803E-006 -0.834252E-006  0.878661E-006
  88.00  0.633389E-008 -0.193379E-007  0.203488E-007  0.174810E-006 -0.533711E-006  0.561611E-006
  88.50  0.265135E-008 -0.815397E-008  0.857420E-008  0.975862E-007 -0.300117E-006  0.315584E-006
  89.00  0.781203E-009 -0.241511E-008  0.253831E-008  0.431357E-007 -0.133355E-006  0.140158E-006
  89.50  0.973197E-010 -0.301815E-009  0.317117E-009  0.107484E-007 -0.333336E-007  0.350237E-007
  90.00 -0.338144E-025  0.104978E-024  0.110289E-024  0.531038E-018 -0.164863E-017  0.173204E-017
  90.50 -0.973197E-010  0.301815E-009  0.317117E-009  0.107484E-007 -0.333336E-007  0.350237E-007
  91.00 -0.781203E-009  0.241511E-008  0.253831E-008  0.431357E-007 -0.133355E-006  0.140158E-006
  91.50 -0.265135E-008  0.815397E-008  0.857420E-008  0.975862E-007 -0.300117E-006  0.315584E-006
  92.00 -0.633389E-008  0.193379E-007  0.203488E-007  0.174810E-006 -0.533711E-006  0.561611E-006
  92.50 -0.124946E-007  0.377937E-007  0.398055E-007  0.275803E-006 -0.834252E-006  0.878661E-006
  93.00 -0.218524E-007  0.653580E-007  0.689144E-007  0.401849E-006 -0.120188E-005  0.126728E-005
  93.50 -0.351937E-007  0.103880E-006  0.109680E-006  0.554527E-006 -0.163678E-005  0.172816E-005
  94.00 -0.533852E-007  0.155218E-006  0.164142E-006  0.735707E-006 -0.213908E-005  0.226206E-005
  94.50 -0.773898E-007  0.221249E-006  0.234393E-006  0.947563E-006 -0.270897E-005  0.286992E-005
  95.00 -0.108280E-006  0.303856E-006  0.322572E-006  0.119257E-005 -0.334659E-005  0.355273E-005
  95.50 -0.147254E-006  0.404939E-006  0.430882E-006  0.147352E-005 -0.405207E-005  0.431167E-005
  96.00 -0.195652E-006  0.526408E-006  0.561591E-006  0.179350E-005 -0.482548E-005  0.514800E-005
  96.50 -0.254971E-006  0.670178E-006  0.717041E-006  0.215596E-005 -0.566683E-005  0.606310E-005
  97.00 -0.326880E-006  0.838164E-006  0.899649E-006  0.256463E-005 -0.657604E-005  0.705844E-005
  97.50 -0.413242E-006  0.103228E-005  0.111192E-005  0.302358E-005 -0.755292E-005  0.813565E-005
  98.00 -0.516129E-006  0.125443E-005  0.135646E-005  0.353726E-005 -0.859719E-005  0.929644E-005
  98.50 -0.637837E-006  0.150651E-005  0.163597E-005  0.411040E-005 -0.970836E-005  0.105427E-004
  99.00 -0.780911E-006  0.179035E-005  0.195325E-005  0.474813E-005 -0.108858E-004  0.118762E-004
  99.50 -0.948159E-006  0.210778E-005  0.231122E-005  0.545590E-005 -0.121286E-004  0.132992E-004
 100.00 -0.114267E-005  0.246055E-005  0.271293E-005  0.623950E-005 -0.134357E-004  0.148138E-004
 100.50 -0.136785E-005  0.285033E-005  0.316155E-005  0.710513E-005 -0.148057E-004  0.164223E-004
 101.00 -0.162742E-005  0.327871E-005  0.366039E-005  0.805928E-005 -0.162368E-004  0.181269E-004
 101.50 -0.192543E-005  0.374715E-005  0.421289E-005  0.910882E-005 -0.177270E-004  0.199303E-004
 102.00 -0.226631E-005  0.425697E-005  0.482265E-005  0.102610E-004 -0.192739E-004  0.218350E-004
 102.50 -0.265489E-005  0.480932E-005  0.549345E-005  0.115233E-004 -0.208744E-004  0.238438E-004
 103.00 -0.309637E-005  0.540513E-005  0.622920E-005  0.129037E-004 -0.225252E-004  0.259594E-004
 103.50 -0.359640E-005  0.604513E-005  0.703404E-005  0.144105E-004 -0.242223E-004  0.281848E-004
 104.00 -0.416104E-005  0.672971E-005  0.791222E-005  0.160520E-004 -0.259611E-004  0.305229E-004
 104.50 -0.479683E-005  0.745899E-005  0.886826E-005  0.178372E-004 -0.277366E-004  0.329770E-004
 105.00 -0.551077E-005  0.823270E-005  0.990686E-005  0.197752E-004 -0.295427E-004  0.355504E-004
 105.50 -0.631036E-005  0.905013E-005  0.110329E-004  0.218752E-004 -0.313728E-004  0.382463E-004
 106.00 -0.720356E-005  0.991010E-005  0.122516E-004  0.241469E-004 -0.332195E-004  0.410683E-004
 106.50 -0.819890E-005  0.108109E-004  0.135683E-004  0.266001E-004 -0.350744E-004  0.440202E-004
 107.00 -0.930534E-005  0.117502E-004  0.149886E-004  0.292445E-004 -0.369282E-004  0.471055E-004
 107.50 -0.105324E-004  0.127251E-004  0.165184E-004  0.320902E-004 -0.387707E-004  0.503284E-004
 108.00 -0.118902E-004  0.137316E-004  0.181641E-004  0.351473E-004 -0.405905E-004  0.536929E-004
 108.50 -0.133892E-004  0.147653E-004  0.199320E-004  0.384258E-004 -0.423752E-004  0.572031E-004
 109.00 -0.150404E-004  0.158207E-004  0.218291E-004  0.419357E-004 -0.441111E-004  0.608637E-004
 109.50 -0.168555E-004  0.168911E-004  0.238624E-004  0.456867E-004 -0.457832E-004  0.646791E-004
 110.00 -0.188463E-004  0.179689E-004  0.260397E-004  0.496887E-004 -0.473755E-004  0.686542E-004
 110.50 -0.210253E-004  0.190453E-004  0.283687E-004  0.539509E-004 -0.488702E-004  0.727942E-004
 111.00 -0.234053E-004  0.201099E-004  0.308580E-004  0.584824E-004 -0.502483E-004  0.771044E-004
 111.50 -0.259995E-004  0.211512E-004  0.335164E-004  0.632918E-004 -0.514893E-004  0.815904E-004
 112.00 -0.288214E-004  0.221559E-004  0.363533E-004  0.683869E-004 -0.525711E-004  0.862582E-004
 112.50 -0.318848E-004  0.231091E-004  0.393786E-004  0.737751E-004 -0.534699E-004  0.911142E-004
 113.00 -0.352037E-004  0.239940E-004  0.426030E-004  0.794632E-004 -0.541604E-004  0.961652E-004
 113.50 -0.387919E-004  0.247919E-004  0.460375E-004  0.854566E-004 -0.546153E-004  0.101418E-003
 114.00 -0.426636E-004  0.254818E-004  0.496941E-004  0.917601E-004 -0.548059E-004  0.106881E-003
 114.50 -0.468329E-004  0.260407E-004  0.535858E-004  0.983774E-004 -0.547013E-004  0.112563E-003
 115.00 -0.513134E-004  0.264429E-004  0.577260E-004  0.105311E-003 -0.542689E-004  0.118471E-003
 115.50 -0.561189E-004  0.266603E-004  0.621297E-004  0.112561E-003 -0.534743E-004  0.124617E-003
 116.00 -0.612623E-004  0.266619E-004  0.668126E-004  0.120128E-003 -0.522807E-004  0.131012E-003
 116.50 -0.667563E-004  0.264136E-004  0.717919E-004  0.128010E-003 -0.506498E-004  0.137666E-003
 117.00 -0.726129E-004  0.258783E-004  0.770865E-004  0.136202E-003 -0.485408E-004  0.144593E-003
 117.50 -0.788432E-004  0.250155E-004  0.827165E-004  0.144700E-003 -0.459107E-004  0.151809E-003
 118.00 -0.854574E-004  0.237809E-004  0.887045E-004  0.153496E-003 -0.427145E-004  0.159328E-003
 118.50 -0.924645E-004  0.221261E-004  0.950750E-004  0.162581E-003 -0.389045E-004  0.167171E-003
 119.00 -0.998727E-004  0.199989E-004  0.101855E-003  0.171943E-003 -0.344305E-004  0.175357E-003
 119.50 -0.107688E-003  0.173419E-004  0.109076E-003  0.181570E-003 -0.292397E-004  0.183909E-003
 120.00 -0.115917E-003  0.140931E-004  0.116771E-003  0.191447E-003 -0.232759E-004  0.192857E-003
 120.50 -0.124563E-003  0.101845E-004  0.124979E-003  0.201557E-003 -0.164797E-004  0.202230E-003
 121.00 -0.133628E-003  0.554196E-005  0.133743E-003  0.211882E-003 -0.878740E-005  0.212064E-003
 121.50 -0.143114E-003  0.842263E-007  0.143114E-003  0.222404E-003 -0.130890E-006  0.222404E-003
 122.00 -0.153023E-003 -0.627828E-005  0.153151E-003  0.233103E-003  0.956384E-005  0.233299E-003
 122.50 -0.163353E-003 -0.136448E-004  0.163922E-003  0.243959E-003  0.203778E-004  0.244809E-003
 123.00 -0.174106E-003 -0.221263E-004  0.175506E-003  0.254956E-003  0.324011E-004  0.257007E-003
 123.50 -0.185284E-003 -0.318478E-004  0.188001E-003  0.266079E-003  0.457353E-004  0.269981E-003
 124.00 -0.196894E-003 -0.429526E-004  0.201525E-003  0.277320E-003  0.604974E-004  0.283842E-003
 124.50 -0.208948E-003 -0.556072E-004  0.216221E-003  0.288678E-003  0.768256E-004  0.298726E-003
 125.00 -0.221472E-003 -0.700093E-004  0.232274E-003  0.300171E-003  0.948869E-004  0.314812E-003
 125.50 -0.234507E-003 -0.863994E-004  0.249917E-003  0.311837E-003  0.114890E-003  0.332328E-003
 126.00 -0.248130E-003 -0.105080E-003  0.269463E-003  0.323752E-003  0.137105E-003  0.351587E-003
 126.50 -0.262466E-003 -0.126445E-003  0.291336E-003  0.336054E-003  0.161896E-003  0.373018E-003
 127.00 -0.277736E-003 -0.151034E-003  0.316146E-003  0.348982E-003  0.189778E-003  0.397246E-003
 127.50 -0.294322E-003 -0.179632E-003  0.344808E-003  0.362963E-003  0.221525E-003  0.425225E-003
 128.00 -0.312943E-003 -0.213479E-003  0.378823E-003  0.378795E-003  0.258401E-003  0.458538E-003
 128.50 -0.335074E-003 -0.254788E-003  0.420941E-003  0.398112E-003  0.302721E-003  0.500133E-003
 129.00 -0.364375E-003 -0.308385E-003  0.477358E-003  0.424972E-003  0.359672E-003  0.556745E-003
 129.50 -0.415344E-003 -0.391147E-003  0.570532E-003  0.475544E-003  0.447839E-003  0.653225E-003
 130.00 -0.599336E-003 -0.387181E-003  0.713521E-003  0.673660E-003  0.435195E-003  0.802005E-003
 130.50 -0.638231E-003 -0.323227E-003  0.715412E-003  0.704289E-003  0.356681E-003  0.789459E-003
 131.00 -0.655995E-003 -0.290001E-003  0.717238E-003  0.710705E-003  0.314188E-003  0.777056E-003
 131.50 -0.665869E-003 -0.271184E-003  0.718973E-003  0.708277E-003  0.288455E-003  0.764763E-003
 132.00 -0.671450E-003 -0.261553E-003  0.720593E-003  0.701230E-003  0.273154E-003  0.752553E-003
 132.50 -0.674195E-003 -0.258562E-003  0.722076E-003  0.691306E-003  0.265124E-003  0.740401E-003
 133.00 -0.674789E-003 -0.260708E-003  0.723401E-003  0.679347E-003  0.262469E-003  0.728287E-003
 133.50 -0.673560E-003 -0.267001E-003  0.724549E-003  0.665791E-003  0.263921E-003  0.716192E-003
 134.00 -0.670656E-003 -0.276725E-003  0.725504E-003  0.650872E-003  0.268562E-003  0.704103E-003
 134.50 -0.666123E-003 -0.289338E-003  0.726248E-003  0.634716E-003  0.275696E-003  0.692006E-003
 135.00 -0.659949E-003 -0.304396E-003  0.726767E-003  0.617383E-003  0.284763E-003  0.679891E-003
 135.50 -0.652086E-003 -0.321526E-003  0.727046E-003  0.598905E-003  0.295303E-003  0.667751E-003
 136.00 -0.642469E-003 -0.340395E-003  0.727073E-003  0.579293E-003  0.306923E-003  0.655578E-003
 136.50 -0.631018E-003 -0.360701E-003  0.726835E-003  0.558554E-003  0.319279E-003  0.643367E-003
 137.00 -0.617654E-003 -0.382158E-003  0.726321E-003  0.536693E-003  0.332065E-003  0.631115E-003
 137.50 -0.602301E-003 -0.404491E-003  0.725520E-003  0.513722E-003  0.345003E-003  0.618819E-003
 138.00 -0.584886E-003 -0.427430E-003  0.724423E-003  0.489660E-003  0.357840E-003  0.606479E-003
 138.50 -0.565350E-003 -0.450707E-003  0.723020E-003  0.464538E-003  0.370338E-003  0.594093E-003
 139.00 -0.543643E-003 -0.474056E-003  0.721303E-003  0.438397E-003  0.382281E-003  0.581662E-003
 139.50 -0.519734E-003 -0.497209E-003  0.719263E-003  0.411291E-003  0.393466E-003  0.569189E-003
 140.00 -0.493607E-003 -0.519894E-003  0.716895E-003  0.383290E-003  0.403702E-003  0.556675E-003
 140.50 -0.465269E-003 -0.541842E-003  0.714190E-003  0.354476E-003  0.412815E-003  0.544123E-003
 141.00 -0.434746E-003 -0.562780E-003  0.711144E-003  0.324947E-003  0.420645E-003  0.531539E-003
 141.50 -0.402090E-003 -0.582438E-003  0.707750E-003  0.294814E-003  0.427045E-003  0.518924E-003
 142.00 -0.367376E-003 -0.600547E-003  0.704004E-003  0.264200E-003  0.431885E-003  0.506286E-003
 142.50 -0.330708E-003 -0.616843E-003  0.699902E-003  0.233243E-003  0.435049E-003  0.493630E-003
 143.00 -0.292213E-003 -0.631068E-003  0.695439E-003  0.202092E-003  0.436441E-003  0.480960E-003
 143.50 -0.252050E-003 -0.642975E-003  0.690613E-003  0.170908E-003  0.435982E-003  0.468284E-003
 144.00 -0.210402E-003 -0.652328E-003  0.685420E-003  0.139858E-003  0.433612E-003  0.455609E-003
 144.50 -0.167483E-003 -0.658907E-003  0.679860E-003  0.109119E-003  0.429291E-003  0.442942E-003
 145.00 -0.123532E-003 -0.662512E-003  0.673931E-003  0.788725E-004  0.423001E-003  0.430291E-003
 145.50 -0.788138E-004 -0.662962E-003  0.667630E-003  0.493051E-004  0.414742E-003  0.417663E-003
 146.00 -0.336195E-004 -0.660104E-003  0.660959E-003  0.206036E-004  0.404542E-003  0.405066E-003
 146.50  0.117391E-004 -0.653813E-003  0.653918E-003 -0.704632E-005  0.392447E-003  0.392510E-003
 147.00  0.569291E-004 -0.643996E-003  0.646507E-003 -0.334617E-004  0.378527E-003  0.380003E-003
 147.50  0.101602E-003 -0.630596E-003  0.638728E-003 -0.584661E-004  0.362873E-003  0.367553E-003
 148.00  0.145394E-003 -0.613593E-003  0.630583E-003 -0.818916E-004  0.345600E-003  0.355170E-003
 148.50  0.187933E-003 -0.593007E-003  0.622074E-003 -0.103581E-003  0.326843E-003  0.342863E-003
 149.00  0.228843E-003 -0.568904E-003  0.613205E-003 -0.123393E-003  0.306754E-003  0.330642E-003
 149.50  0.267747E-003 -0.541389E-003  0.603979E-003 -0.141199E-003  0.285508E-003  0.318515E-003
 150.00  0.304273E-003 -0.510618E-003  0.594402E-003 -0.156893E-003  0.263292E-003  0.306493E-003
 150.50  0.338062E-003 -0.476789E-003  0.584477E-003 -0.170388E-003  0.240309E-003  0.294585E-003
 151.00  0.368769E-003 -0.440146E-003  0.574211E-003 -0.181620E-003  0.216774E-003  0.282802E-003
 151.50  0.396074E-003 -0.400978E-003  0.563611E-003 -0.190550E-003  0.192909E-003  0.271151E-003
 152.00  0.419684E-003 -0.359615E-003  0.552683E-003 -0.197163E-003  0.168943E-003  0.259644E-003
 152.50  0.439345E-003 -0.316430E-003  0.541435E-003 -0.201474E-003  0.145108E-003  0.248290E-003
 153.00  0.454838E-003 -0.271830E-003  0.529876E-003 -0.203523E-003  0.121633E-003  0.237099E-003
 153.50  0.465994E-003 -0.226251E-003  0.518015E-003 -0.203377E-003  0.987443E-004  0.226081E-003
 154.00  0.472693E-003 -0.180160E-003  0.505862E-003 -0.201131E-003  0.766579E-004  0.215244E-003
 154.50  0.474873E-003 -0.134040E-003  0.493428E-003 -0.196905E-003  0.555795E-004  0.204599E-003
 155.00  0.472528E-003 -0.883895E-004  0.480723E-003 -0.190844E-003  0.356987E-004  0.194154E-003
 155.50  0.465715E-003 -0.437109E-004  0.467762E-003 -0.183115E-003  0.171867E-004  0.183920E-003
 156.00  0.454555E-003 -0.504130E-006  0.454555E-003 -0.173904E-003  0.192870E-006  0.173904E-003
 156.50  0.439233E-003  0.407426E-004  0.441118E-003 -0.163414E-003 -0.151581E-004  0.164116E-003
 157.00  0.419996E-003  0.795616E-004  0.427466E-003 -0.151863E-003 -0.287680E-004  0.154564E-003
 157.50  0.397155E-003  0.115515E-003  0.413613E-003 -0.139476E-003 -0.405673E-004  0.145256E-003
 158.00  0.371076E-003  0.148203E-003  0.399576E-003 -0.126486E-003 -0.505168E-004  0.136201E-003
 158.50  0.342181E-003  0.177273E-003  0.385374E-003 -0.113126E-003 -0.586072E-004  0.127406E-003
 159.00  0.310935E-003  0.202428E-003  0.371023E-003 -0.996264E-004 -0.648598E-004  0.118879E-003
 159.50  0.277850E-003  0.223436E-003  0.356545E-003 -0.862099E-004 -0.693265E-004  0.110627E-003
 160.00  0.243462E-003  0.240129E-003  0.341958E-003 -0.730871E-004 -0.720865E-004  0.102656E-003
 160.50  0.208330E-003  0.252416E-003  0.327285E-003 -0.604534E-004 -0.732465E-004  0.949719E-004
 161.00  0.173024E-003  0.260284E-003  0.312546E-003 -0.484844E-004 -0.729363E-004  0.875811E-004
 161.50  0.138113E-003  0.263800E-003  0.297767E-003 -0.373332E-004 -0.713073E-004  0.804891E-004
 162.00  0.104152E-003  0.263108E-003  0.282973E-003 -0.271265E-004 -0.685266E-004  0.737004E-004
 162.50  0.716702E-004  0.258434E-003  0.268187E-003 -0.179635E-004 -0.647741E-004  0.672188E-004
 163.00  0.411587E-004  0.250073E-003  0.253437E-003 -0.991426E-005 -0.602372E-004  0.610477E-004
 163.50  0.130599E-004  0.238396E-003  0.238753E-003 -0.301896E-005 -0.551082E-004  0.551909E-004
 164.00 -0.122448E-004  0.223826E-003  0.224161E-003  0.271210E-005 -0.495752E-004  0.496494E-004
 164.50 -0.344439E-004  0.206846E-003  0.209694E-003  0.729727E-005 -0.438222E-004  0.444256E-004
 165.00 -0.533040E-004  0.187970E-003  0.195382E-003  0.107818E-004 -0.380206E-004  0.395198E-004
 165.50 -0.686757E-004  0.167744E-003  0.181258E-003  0.132350E-004 -0.323271E-004  0.349314E-004
 166.00 -0.804999E-004  0.146725E-003  0.167357E-003  0.147478E-004 -0.268803E-004  0.306602E-004
 166.50 -0.888055E-004  0.125466E-003  0.153715E-003  0.154275E-004 -0.217963E-004  0.267037E-004
 167.00 -0.937116E-004  0.104503E-003  0.140367E-003  0.153946E-004 -0.171674E-004  0.230589E-004
 167.50 -0.954233E-004  0.843395E-004  0.127353E-003  0.147775E-004 -0.130610E-004  0.197222E-004
 168.00 -0.942232E-004  0.654272E-004  0.114712E-003  0.137075E-004 -0.951826E-005  0.166881E-004
 168.50 -0.904633E-004  0.481582E-004  0.102483E-003  0.123142E-004 -0.655546E-005  0.139504E-004
 169.00 -0.845544E-004  0.328500E-004  0.907114E-004  0.107212E-004 -0.416526E-005  0.115019E-004
 169.50 -0.769469E-004  0.197350E-004  0.794373E-004  0.904083E-005 -0.231876E-005  0.933345E-005
 170.00 -0.681214E-004  0.895571E-005  0.687076E-004  0.737191E-005 -0.969162E-006  0.743534E-005
 170.50 -0.585634E-004  0.558174E-006  0.585661E-004  0.579555E-005 -0.552379E-007  0.579581E-005
 171.00 -0.487526E-004 -0.550713E-005  0.490626E-004  0.437456E-005  0.494154E-006  0.440238E-005
 171.50 -0.391323E-004 -0.938217E-005  0.402413E-004  0.315075E-005  0.755406E-006  0.324004E-005
 172.00 -0.301053E-004 -0.112955E-004  0.321545E-004  0.214710E-005  0.805590E-006  0.229325E-005
 172.50 -0.220044E-004 -0.115501E-004  0.248515E-004  0.136739E-005  0.717740E-006  0.154431E-005
 173.00 -0.150834E-004 -0.105099E-004  0.183839E-004  0.799117E-006  0.556816E-006  0.973977E-006
 173.50 -0.950045E-005 -0.857996E-005  0.128013E-004  0.416417E-006  0.376070E-006  0.561099E-006
 174.00 -0.531436E-005 -0.618849E-005  0.815720E-005  0.184381E-006  0.214709E-006  0.283012E-006
 174.50 -0.247639E-005 -0.376253E-005  0.450435E-005  0.633228E-007  0.962102E-007  0.115179E-006
