 % the field is psp
% Dinn5 settings , t1, t2, t3, t4, tm, tp, eps, step, IntLimit
%   0.250000E+001  0.250000E+001  0.250000E+001  0.280000E+002  0.200000E-001  0.000000E+000  0.100000E-005  0.100000E-001  0.100000E+006
%psi, R, x, z, re(u), im(u), abs(u), re(w), im(w), abs(w), fieldCode, cp(1), cp(2), cs(1), cs(2), rho(1), rho(2), h, w
  0.183000E+003  0.300000E+002 -0.299589E+002 -0.257008E+001 -0.348744E-006 -0.152388E-005  0.156328E-005 -0.528796E-007 -0.231064E-006  0.237038E-006  0.210000E+002  0.200000E+001  0.100000E+001  0.500000E+000  0.300000E+000  0.200000E+001  0.100000E+001  0.100000E+001  0.100000E+002
  0.183500E+003  0.300000E+002 -0.299440E+002 -0.283146E+001  0.140649E-005  0.698585E-006  0.157043E-005  0.213264E-006  0.105925E-006  0.238121E-006  0.210000E+002  0.200000E+001  0.100000E+001  0.500000E+000  0.300000E+000  0.200000E+001  0.100000E+001  0.100000E+001  0.100000E+002
  0.184000E+003  0.300000E+002 -0.299269E+002 -0.309269E+001 -0.142775E-005  0.671846E-006  0.157792E-005 -0.216486E-006  0.101871E-006  0.239257E-006  0.210000E+002  0.200000E+001  0.100000E+001  0.500000E+000  0.300000E+000  0.200000E+001  0.100000E+001  0.100000E+001  0.100000E+002
  0.184500E+003  0.300000E+002 -0.299075E+002 -0.335377E+001  0.336020E-006 -0.154975E-005  0.158576E-005  0.509499E-007 -0.234985E-006  0.240445E-006  0.210000E+002  0.200000E+001  0.100000E+001  0.500000E+000  0.300000E+000  0.200000E+001  0.100000E+001  0.100000E+001  0.100000E+002
  0.185000E+003  0.300000E+002 -0.298858E+002 -0.361467E+001  0.105249E-005  0.119704E-005  0.159394E-005  0.159586E-006  0.181504E-006  0.241685E-006  0.210000E+002  0.200000E+001  0.100000E+001  0.500000E+000  0.300000E+000  0.200000E+001  0.100000E+001  0.100000E+001  0.100000E+002
  0.185500E+003  0.300000E+002 -0.298619E+002 -0.387537E+001 -0.159397E-005  0.164940E-006  0.160248E-005 -0.241689E-006  0.250094E-007  0.242980E-006  0.210000E+002  0.200000E+001  0.100000E+001  0.500000E+000  0.300000E+000  0.200000E+001  0.100000E+001  0.100000E+001  0.100000E+002
  0.186000E+003  0.300000E+002 -0.298357E+002 -0.413585E+001  0.767475E-006 -0.141686E-005  0.161137E-005  0.116370E-006 -0.214834E-006  0.244327E-006  0.210000E+002  0.200000E+001  0.100000E+001  0.500000E+000  0.300000E+000  0.200000E+001  0.100000E+001  0.100000E+001  0.100000E+002
  0.186500E+003  0.300000E+002 -0.298072E+002 -0.439610E+001  0.768503E-006  0.142683E-005  0.162063E-005  0.116525E-006  0.216345E-006  0.245730E-006  0.210000E+002  0.200000E+001  0.100000E+001  0.500000E+000  0.300000E+000  0.200000E+001  0.100000E+001  0.100000E+001  0.100000E+002
  0.187000E+003  0.300000E+002 -0.297764E+002 -0.465608E+001 -0.162666E-005 -0.108158E-006  0.163025E-005 -0.246644E-006 -0.163996E-007  0.247188E-006  0.210000E+002  0.200000E+001  0.100000E+001  0.500000E+000  0.300000E+000  0.200000E+001  0.100000E+001  0.100000E+001  0.100000E+002
  0.187500E+003  0.300000E+002 -0.297433E+002 -0.491579E+001  0.934782E-006 -0.134796E-005  0.164037E-005  0.141737E-006 -0.204385E-006  0.248722E-006  0.210000E+002  0.200000E+001  0.100000E+001  0.500000E+000  0.300000E+000  0.200000E+001  0.100000E+001  0.100000E+001  0.100000E+002
  0.188000E+003  0.300000E+002 -0.297080E+002 -0.517519E+001  0.711564E-006  0.148951E-005  0.165074E-005  0.107891E-006  0.225846E-006  0.250293E-006  0.210000E+002  0.200000E+001  0.100000E+001  0.500000E+000  0.300000E+000  0.200000E+001  0.100000E+001  0.100000E+001  0.100000E+002
  0.188500E+003  0.300000E+002 -0.296705E+002 -0.543428E+001 -0.165943E-005 -0.852880E-007  0.166163E-005 -0.251611E-006 -0.129317E-007  0.251943E-006  0.210000E+002  0.200000E+001  0.100000E+001  0.500000E+000  0.300000E+000  0.200000E+001  0.100000E+001  0.100000E+001  0.100000E+002
  0.189000E+003  0.300000E+002 -0.296307E+002 -0.569303E+001  0.839847E-006 -0.144680E-005  0.167290E-005  0.127341E-006 -0.219370E-006  0.253651E-006  0.210000E+002  0.200000E+001  0.100000E+001  0.500000E+000  0.300000E+000  0.200000E+001  0.100000E+001  0.100000E+001  0.100000E+002
  0.189500E+003  0.300000E+002 -0.295886E+002 -0.595143E+001  0.941920E-006  0.139677E-005  0.168469E-005  0.142817E-006  0.211783E-006  0.255438E-006  0.210000E+002  0.200000E+001  0.100000E+001  0.500000E+000  0.300000E+000  0.200000E+001  0.100000E+001  0.100000E+001  0.100000E+002
  0.190000E+003  0.300000E+002 -0.295442E+002 -0.620945E+001 -0.167358E-005  0.279449E-006  0.169675E-005 -0.253753E-006  0.423708E-007  0.257266E-006  0.210000E+002  0.200000E+001  0.100000E+001  0.500000E+000  0.300000E+000  0.200000E+001  0.100000E+001  0.100000E+001  0.100000E+002
  0.190500E+003  0.300000E+002 -0.294976E+002 -0.646707E+001  0.403150E-006 -0.166114E-005  0.170936E-005  0.611265E-007 -0.251866E-006  0.259177E-006  0.210000E+002  0.200000E+001  0.100000E+001  0.500000E+000  0.300000E+000  0.200000E+001  0.100000E+001  0.100000E+001  0.100000E+002
  0.191000E+003  0.300000E+002 -0.294488E+002 -0.672427E+001  0.140512E-005  0.996117E-006  0.172238E-005  0.213046E-006  0.151033E-006  0.261150E-006  0.210000E+002  0.200000E+001  0.100000E+001  0.500000E+000  0.300000E+000  0.200000E+001  0.100000E+001  0.100000E+001  0.100000E+002
  0.191500E+003  0.300000E+002 -0.293977E+002 -0.698104E+001 -0.143169E-005  0.981744E-006  0.173596E-005 -0.217074E-006  0.148853E-006  0.263207E-006  0.210000E+002  0.200000E+001  0.100000E+001  0.500000E+000  0.300000E+000  0.200000E+001  0.100000E+001  0.100000E+001  0.100000E+002
  0.192000E+003  0.300000E+002 -0.293444E+002 -0.723735E+001 -0.473935E-006 -0.168456E-005  0.174995E-005 -0.718583E-007 -0.255413E-006  0.265329E-006  0.210000E+002  0.200000E+001  0.100000E+001  0.500000E+000  0.300000E+000  0.200000E+001  0.100000E+001  0.100000E+001  0.100000E+002
  0.192500E+003  0.300000E+002 -0.292889E+002 -0.749319E+001  0.176381E-005  0.454432E-007  0.176440E-005  0.267429E-006  0.689008E-008  0.267518E-006  0.210000E+002  0.200000E+001  0.100000E+001  0.500000E+000  0.300000E+000  0.200000E+001  0.100000E+001  0.100000E+001  0.100000E+002
  0.193000E+003  0.300000E+002 -0.292311E+002 -0.774853E+001 -0.523014E-006  0.170082E-005  0.177942E-005 -0.792989E-007  0.257877E-006  0.269794E-006  0.210000E+002  0.200000E+001  0.100000E+001  0.500000E+000  0.300000E+000  0.200000E+001  0.100000E+001  0.100000E+001  0.100000E+002
  0.193500E+003  0.300000E+002 -0.291711E+002 -0.800336E+001 -0.153687E-005 -0.927194E-006  0.179490E-005 -0.233018E-006 -0.140580E-006  0.272140E-006  0.210000E+002  0.200000E+001  0.100000E+001  0.500000E+000  0.300000E+000  0.200000E+001  0.100000E+001  0.100000E+001  0.100000E+002
  0.194000E+003  0.300000E+002 -0.291089E+002 -0.825766E+001  0.124588E-005 -0.131431E-005  0.181098E-005  0.188898E-006 -0.199272E-006  0.274576E-006  0.210000E+002  0.200000E+001  0.100000E+001  0.500000E+000  0.300000E+000  0.200000E+001  0.100000E+001  0.100000E+001  0.100000E+002
  0.194500E+003  0.300000E+002 -0.290444E+002 -0.851140E+001  0.107012E-005  0.148145E-005  0.182752E-005  0.162249E-006  0.224612E-006  0.277084E-006  0.210000E+002  0.200000E+001  0.100000E+001  0.500000E+000  0.300000E+000  0.200000E+001  0.100000E+001  0.100000E+001  0.100000E+002
  0.195000E+003  0.300000E+002 -0.289778E+002 -0.876457E+001 -0.164557E-005  0.833666E-006  0.184469E-005 -0.249495E-006  0.126397E-006  0.279686E-006  0.210000E+002  0.200000E+001  0.100000E+001  0.500000E+000  0.300000E+000  0.200000E+001  0.100000E+001  0.100000E+001  0.100000E+002
  0.195500E+003  0.300000E+002 -0.289089E+002 -0.901715E+001 -0.626011E-006 -0.175413E-005  0.186249E-005 -0.949129E-007 -0.265953E-006  0.282382E-006  0.210000E+002  0.200000E+001  0.100000E+001  0.500000E+000  0.300000E+000  0.200000E+001  0.100000E+001  0.100000E+001  0.100000E+002
  0.196000E+003  0.300000E+002 -0.288379E+002 -0.926912E+001  0.182336E-005 -0.461258E-006  0.188080E-005  0.276448E-006 -0.699334E-007  0.285157E-006  0.210000E+002  0.200000E+001  0.100000E+001  0.500000E+000  0.300000E+000  0.200000E+001  0.100000E+001  0.100000E+001  0.100000E+002
  0.196500E+003  0.300000E+002 -0.287646E+002 -0.952046E+001  0.348485E-006  0.186752E-005  0.189976E-005  0.528352E-007  0.283142E-006  0.288029E-006  0.210000E+002  0.200000E+001  0.100000E+001  0.500000E+000  0.300000E+000  0.200000E+001  0.100000E+001  0.100000E+001  0.100000E+002
  0.197000E+003  0.300000E+002 -0.286891E+002 -0.977115E+001 -0.189667E-005  0.293480E-006  0.191924E-005 -0.287560E-006  0.444954E-007  0.290982E-006  0.210000E+002  0.200000E+001  0.100000E+001  0.500000E+000  0.300000E+000  0.200000E+001  0.100000E+001  0.100000E+001  0.100000E+002
  0.197500E+003  0.300000E+002 -0.286115E+002 -0.100212E+002 -0.300345E-006 -0.191615E-005  0.193954E-005 -0.455360E-007 -0.290511E-006  0.294058E-006  0.210000E+002  0.200000E+001  0.100000E+001  0.500000E+000  0.300000E+000  0.200000E+001  0.100000E+001  0.100000E+001  0.100000E+002
  0.198000E+003  0.300000E+002 -0.285317E+002 -0.102705E+002  0.192476E-005 -0.372099E-006  0.196040E-005  0.291815E-006 -0.564143E-007  0.297218E-006  0.210000E+002  0.200000E+001  0.100000E+001  0.500000E+000  0.300000E+000  0.200000E+001  0.100000E+001  0.100000E+001  0.100000E+002
  0.198500E+003  0.300000E+002 -0.284497E+002 -0.105191E+002  0.510622E-006  0.191505E-005  0.198196E-005  0.774156E-007  0.290342E-006  0.300485E-006  0.210000E+002  0.200000E+001  0.100000E+001  0.500000E+000  0.300000E+000  0.200000E+001  0.100000E+001  0.100000E+001  0.100000E+002
  0.199000E+003  0.300000E+002 -0.283656E+002 -0.107670E+002 -0.187228E-005  0.715212E-006  0.200424E-005 -0.283855E-006  0.108433E-006  0.303861E-006  0.210000E+002  0.200000E+001  0.100000E+001  0.500000E+000  0.300000E+000  0.200000E+001  0.100000E+001  0.100000E+001  0.100000E+002
  0.199500E+003  0.300000E+002 -0.282792E+002 -0.110142E+002 -0.979944E-006 -0.177468E-005  0.202726E-005 -0.148568E-006 -0.269056E-006  0.307349E-006  0.210000E+002  0.200000E+001  0.100000E+001  0.500000E+000  0.300000E+000  0.200000E+001  0.100000E+001  0.100000E+001  0.100000E+002
  0.200000E+003  0.300000E+002 -0.281908E+002 -0.112606E+002  0.159478E-005 -0.128971E-005  0.205102E-005  0.241780E-006 -0.195530E-006  0.310949E-006  0.210000E+002  0.200000E+001  0.100000E+001  0.500000E+000  0.300000E+000  0.200000E+001  0.100000E+001  0.100000E+001  0.100000E+002
  0.200500E+003  0.300000E+002 -0.281002E+002 -0.115062E+002  0.161559E-005  0.130321E-005  0.207570E-005  0.244934E-006  0.197575E-006  0.314688E-006  0.210000E+002  0.200000E+001  0.100000E+001  0.500000E+000  0.300000E+000  0.200000E+001  0.100000E+001  0.100000E+001  0.100000E+002
  0.201000E+003  0.300000E+002 -0.280074E+002 -0.117510E+002 -0.875352E-006  0.190998E-005  0.210101E-005 -0.132708E-006  0.289563E-006  0.318524E-006  0.210000E+002  0.200000E+001  0.100000E+001  0.500000E+000  0.300000E+000  0.200000E+001  0.100000E+001  0.100000E+001  0.100000E+002
  0.201500E+003  0.300000E+002 -0.279125E+002 -0.119950E+002 -0.210555E-005 -0.303293E-006  0.212728E-005 -0.319209E-006 -0.459805E-007  0.322504E-006  0.210000E+002  0.200000E+001  0.100000E+001  0.500000E+000  0.300000E+000  0.200000E+001  0.100000E+001  0.100000E+001  0.100000E+002
  0.202000E+003  0.300000E+002 -0.278155E+002 -0.122382E+002 -0.389568E-006 -0.211885E-005  0.215437E-005 -0.590596E-007 -0.321224E-006  0.326608E-006  0.210000E+002  0.200000E+001  0.100000E+001  0.500000E+000  0.300000E+000  0.200000E+001  0.100000E+001  0.100000E+001  0.100000E+002
  0.202500E+003  0.300000E+002 -0.277164E+002 -0.124805E+002  0.186558E-005 -0.113227E-005  0.218230E-005  0.282824E-006 -0.171655E-006  0.330840E-006  0.210000E+002  0.200000E+001  0.100000E+001  0.500000E+000  0.300000E+000  0.200000E+001  0.100000E+001  0.100000E+001  0.100000E+002
  0.203000E+003  0.300000E+002 -0.276151E+002 -0.127219E+002  0.179675E-005  0.128889E-005  0.221123E-005  0.272389E-006  0.195396E-006  0.335224E-006  0.210000E+002  0.200000E+001  0.100000E+001  0.500000E+000  0.300000E+000  0.200000E+001  0.100000E+001  0.100000E+001  0.100000E+002
  0.203500E+003  0.300000E+002 -0.275118E+002 -0.129625E+002 -0.399749E-006  0.220525E-005  0.224119E-005 -0.606015E-007  0.334315E-006  0.339763E-006  0.210000E+002  0.200000E+001  0.100000E+001  0.500000E+000  0.300000E+000  0.200000E+001  0.100000E+001  0.100000E+001  0.100000E+002
  0.204000E+003  0.300000E+002 -0.274064E+002 -0.132021E+002 -0.216781E-005  0.680355E-006  0.227207E-005 -0.328636E-006  0.103140E-006  0.344441E-006  0.210000E+002  0.200000E+001  0.100000E+001  0.500000E+000  0.300000E+000  0.200000E+001  0.100000E+001  0.100000E+001  0.100000E+002
  0.204500E+003  0.300000E+002 -0.272988E+002 -0.134408E+002 -0.169801E-005 -0.155732E-005  0.230401E-005 -0.257412E-006 -0.236085E-006  0.349281E-006  0.210000E+002  0.200000E+001  0.100000E+001  0.500000E+000  0.300000E+000  0.200000E+001  0.100000E+001  0.100000E+001  0.100000E+002
  0.205000E+003  0.300000E+002 -0.271892E+002 -0.136785E+002  0.409470E-006 -0.230077E-005  0.233692E-005  0.620737E-007 -0.348786E-006  0.354266E-006  0.210000E+002  0.200000E+001  0.100000E+001  0.500000E+000  0.300000E+000  0.200000E+001  0.100000E+001  0.100000E+001  0.100000E+002
  0.205500E+003  0.300000E+002 -0.270776E+002 -0.139153E+002  0.215315E-005 -0.992994E-006  0.237109E-005  0.326404E-006 -0.150532E-006  0.359443E-006  0.210000E+002  0.200000E+001  0.100000E+001  0.500000E+000  0.300000E+000  0.200000E+001  0.100000E+001  0.100000E+001  0.100000E+002
  0.206000E+003  0.300000E+002 -0.269638E+002 -0.141511E+002  0.212584E-005  0.112771E-005  0.240643E-005  0.322260E-006  0.170952E-006  0.364796E-006  0.210000E+002  0.200000E+001  0.100000E+001  0.500000E+000  0.300000E+000  0.200000E+001  0.100000E+001  0.100000E+001  0.100000E+002
  0.206500E+003  0.300000E+002 -0.268480E+002 -0.143859E+002  0.500809E-006  0.239092E-005  0.244281E-005  0.759180E-007  0.362442E-006  0.370307E-006  0.210000E+002  0.200000E+001  0.100000E+001  0.500000E+000  0.300000E+000  0.200000E+001  0.100000E+001  0.100000E+001  0.100000E+002
  0.207000E+003  0.300000E+002 -0.267302E+002 -0.146197E+002 -0.145399E-005  0.200973E-005  0.248054E-005 -0.220409E-006  0.304653E-006  0.376024E-006  0.210000E+002  0.200000E+001  0.100000E+001  0.500000E+000  0.300000E+000  0.200000E+001  0.100000E+001  0.100000E+001  0.100000E+002
  0.207500E+003  0.300000E+002 -0.266103E+002 -0.148525E+002 -0.248892E-005  0.391577E-006  0.251953E-005 -0.377289E-006  0.593583E-007  0.381930E-006  0.210000E+002  0.200000E+001  0.100000E+001  0.500000E+000  0.300000E+000  0.200000E+001  0.100000E+001  0.100000E+001  0.100000E+002
  0.208000E+003  0.300000E+002 -0.264884E+002 -0.150841E+002 -0.213071E-005 -0.141895E-005  0.255995E-005 -0.322985E-006 -0.215093E-006  0.388052E-006  0.210000E+002  0.200000E+001  0.100000E+001  0.500000E+000  0.300000E+000  0.200000E+001  0.100000E+001  0.100000E+001  0.100000E+002
  0.208500E+003  0.300000E+002 -0.263645E+002 -0.153148E+002 -0.731853E-006 -0.249663E-005  0.260169E-005 -0.110937E-006 -0.378450E-006  0.394375E-006  0.210000E+002  0.200000E+001  0.100000E+001  0.500000E+000  0.300000E+000  0.200000E+001  0.100000E+001  0.100000E+001  0.100000E+002
  0.209000E+003  0.300000E+002 -0.262386E+002 -0.155443E+002  0.949158E-006 -0.246876E-005  0.264494E-005  0.143876E-006 -0.374221E-006  0.400926E-006  0.210000E+002  0.200000E+001  0.100000E+001  0.500000E+000  0.300000E+000  0.200000E+001  0.100000E+001  0.100000E+001  0.100000E+002
  0.209500E+003  0.300000E+002 -0.261107E+002 -0.157727E+002  0.222279E-005 -0.151429E-005  0.268958E-005  0.336931E-006 -0.229537E-006  0.407688E-006  0.210000E+002  0.200000E+001  0.100000E+001  0.500000E+000  0.300000E+000  0.200000E+001  0.100000E+001  0.100000E+001  0.100000E+002
  0.210000E+003  0.300000E+002 -0.259808E+002 -0.160000E+002  0.273384E-005 -0.107549E-006  0.273596E-005  0.414392E-006 -0.163021E-007  0.414712E-006  0.210000E+002  0.200000E+001  0.100000E+001  0.500000E+000  0.300000E+000  0.200000E+001  0.100000E+001  0.100000E+001  0.100000E+002
  0.210500E+003  0.300000E+002 -0.258489E+002 -0.162262E+002  0.247972E-005  0.126547E-005  0.278396E-005  0.375868E-006  0.191816E-006  0.421984E-006  0.210000E+002  0.200000E+001  0.100000E+001  0.500000E+000  0.300000E+000  0.200000E+001  0.100000E+001  0.100000E+001  0.100000E+002
  0.211000E+003  0.300000E+002 -0.257150E+002 -0.164511E+002  0.168260E-005  0.228001E-005  0.283365E-005  0.255039E-006  0.345592E-006  0.429510E-006  0.210000E+002  0.200000E+001  0.100000E+001  0.500000E+000  0.300000E+000  0.200000E+001  0.100000E+001  0.100000E+001  0.100000E+002
  0.211500E+003  0.300000E+002 -0.255792E+002 -0.166750E+002  0.632860E-006  0.281481E-005  0.288508E-005  0.959242E-007  0.426648E-006  0.437298E-006  0.210000E+002  0.200000E+001  0.100000E+001  0.500000E+000  0.300000E+000  0.200000E+001  0.100000E+001  0.100000E+001  0.100000E+002
  0.212000E+003  0.300000E+002 -0.254414E+002 -0.168976E+002 -0.422835E-006  0.290799E-005  0.293857E-005 -0.640893E-007  0.440765E-006  0.445400E-006  0.210000E+002  0.200000E+001  0.100000E+001  0.500000E+000  0.300000E+000  0.200000E+001  0.100000E+001  0.100000E+001  0.100000E+002
  0.212500E+003  0.300000E+002 -0.253017E+002 -0.171190E+002 -0.133015E-005  0.268220E-005  0.299391E-005 -0.201608E-006  0.406537E-006  0.453782E-006  0.210000E+002  0.200000E+001  0.100000E+001  0.500000E+000  0.300000E+000  0.200000E+001  0.100000E+001  0.100000E+001  0.100000E+002
  0.213000E+003  0.300000E+002 -0.251601E+002 -0.173392E+002 -0.202626E-005  0.228117E-005  0.305114E-005 -0.307112E-006  0.345748E-006  0.462449E-006  0.210000E+002  0.200000E+001  0.100000E+001  0.500000E+000  0.300000E+000  0.200000E+001  0.100000E+001  0.100000E+001  0.100000E+002
  0.213500E+003  0.300000E+002 -0.250166E+002 -0.175581E+002 -0.251514E-005  0.183059E-005  0.311079E-005 -0.381204E-006  0.277451E-006  0.471482E-006  0.210000E+002  0.200000E+001  0.100000E+001  0.500000E+000  0.300000E+000  0.200000E+001  0.100000E+001  0.100000E+001  0.100000E+002
  0.214000E+003  0.300000E+002 -0.248711E+002 -0.177758E+002 -0.283579E-005  0.142223E-005  0.317245E-005 -0.429795E-006  0.215555E-006  0.480820E-006  0.210000E+002  0.200000E+001  0.100000E+001  0.500000E+000  0.300000E+000  0.200000E+001  0.100000E+001  0.100000E+001  0.100000E+002
  0.214500E+003  0.300000E+002 -0.247238E+002 -0.179922E+002 -0.303792E-005  0.111628E-005  0.323651E-005 -0.460422E-006  0.169181E-006  0.490521E-006  0.210000E+002  0.200000E+001  0.100000E+001  0.500000E+000  0.300000E+000  0.200000E+001  0.100000E+001  0.100000E+001  0.100000E+002
  0.215000E+003  0.300000E+002 -0.245746E+002 -0.182073E+002 -0.316376E-005  0.949040E-006  0.330304E-005 -0.479487E-006  0.143833E-006  0.500595E-006  0.210000E+002  0.200000E+001  0.100000E+001  0.500000E+000  0.300000E+000  0.200000E+001  0.100000E+001  0.100000E+001  0.100000E+002
  0.215500E+003  0.300000E+002 -0.244235E+002 -0.184211E+002 -0.323788E-005  0.942466E-006  0.337226E-005 -0.490712E-006  0.142834E-006  0.511077E-006  0.210000E+002  0.200000E+001  0.100000E+001  0.500000E+000  0.300000E+000  0.200000E+001  0.100000E+001  0.100000E+001  0.100000E+002
  0.216000E+003  0.300000E+002 -0.242705E+002 -0.186336E+002 -0.326030E-005  0.110968E-005  0.344397E-005 -0.494099E-006  0.168172E-006  0.521935E-006  0.210000E+002  0.200000E+001  0.100000E+001  0.500000E+000  0.300000E+000  0.200000E+001  0.100000E+001  0.100000E+001  0.100000E+002
  0.216500E+003  0.300000E+002 -0.241157E+002 -0.188447E+002 -0.320358E-005  0.145509E-005  0.351855E-005 -0.485494E-006  0.220515E-006  0.533227E-006  0.210000E+002  0.200000E+001  0.100000E+001  0.500000E+000  0.300000E+000  0.200000E+001  0.100000E+001  0.100000E+001  0.100000E+002
  0.217000E+003  0.300000E+002 -0.239591E+002 -0.190545E+002 -0.301093E-005  0.196653E-005  0.359624E-005 -0.456289E-006  0.298017E-006  0.544990E-006  0.210000E+002  0.200000E+001  0.100000E+001  0.500000E+000  0.300000E+000  0.200000E+001  0.100000E+001  0.100000E+001  0.100000E+002
  0.217500E+003  0.300000E+002 -0.238006E+002 -0.192628E+002 -0.260042E-005  0.259943E-005  0.367685E-005 -0.394071E-006  0.393921E-006  0.557194E-006  0.210000E+002  0.200000E+001  0.100000E+001  0.500000E+000  0.300000E+000  0.200000E+001  0.100000E+001  0.100000E+001  0.100000E+002
  0.218000E+003  0.300000E+002 -0.236403E+002 -0.194698E+002 -0.188197E-005  0.325601E-005  0.376078E-005 -0.285191E-006  0.493410E-006  0.569901E-006  0.210000E+002  0.200000E+001  0.100000E+001  0.500000E+000  0.300000E+000  0.200000E+001  0.100000E+001  0.100000E+001  0.100000E+002
  0.218500E+003  0.300000E+002 -0.234782E+002 -0.196754E+002 -0.791884E-006  0.376594E-005  0.384830E-005 -0.119998E-006  0.570672E-006  0.583151E-006  0.210000E+002  0.200000E+001  0.100000E+001  0.500000E+000  0.300000E+000  0.200000E+001  0.100000E+001  0.100000E+001  0.100000E+002
  0.219000E+003  0.300000E+002 -0.233144E+002 -0.198796E+002  0.648403E-006  0.388550E-005  0.393923E-005  0.982533E-007  0.588775E-006  0.596917E-006  0.210000E+002  0.200000E+001  0.100000E+001  0.500000E+000  0.300000E+000  0.200000E+001  0.100000E+001  0.100000E+001  0.100000E+002
  0.219500E+003  0.300000E+002 -0.231487E+002 -0.200823E+002  0.225839E-005  0.334258E-005  0.403400E-005  0.342209E-006  0.506493E-006  0.611263E-006  0.210000E+002  0.200000E+001  0.100000E+001  0.500000E+000  0.300000E+000  0.200000E+001  0.100000E+001  0.100000E+001  0.100000E+002
  0.220000E+003  0.300000E+002 -0.229813E+002 -0.202836E+002  0.364433E-005  0.194896E-005  0.413275E-005  0.552204E-006  0.295315E-006  0.626211E-006  0.210000E+002  0.200000E+001  0.100000E+001  0.500000E+000  0.300000E+000  0.200000E+001  0.100000E+001  0.100000E+001  0.100000E+002
  0.220500E+003  0.300000E+002 -0.228122E+002 -0.204834E+002  0.423016E-005 -0.218183E-006  0.423578E-005  0.640954E-006 -0.330591E-007  0.641806E-006  0.210000E+002  0.200000E+001  0.100000E+001  0.500000E+000  0.300000E+000  0.200000E+001  0.100000E+001  0.100000E+001  0.100000E+002
  0.221000E+003  0.300000E+002 -0.226413E+002 -0.206818E+002  0.345310E-005 -0.263437E-005  0.434325E-005  0.523200E-006 -0.399150E-006  0.658072E-006  0.210000E+002  0.200000E+001  0.100000E+001  0.500000E+000  0.300000E+000  0.200000E+001  0.100000E+001  0.100000E+001  0.100000E+002
  0.221500E+003  0.300000E+002 -0.224687E+002 -0.208786E+002  0.114943E-005 -0.430465E-005  0.445547E-005  0.174153E-006 -0.652206E-006  0.675057E-006  0.210000E+002  0.200000E+001  0.100000E+001  0.500000E+000  0.300000E+000  0.200000E+001  0.100000E+001  0.100000E+001  0.100000E+002
  0.222000E+003  0.300000E+002 -0.222943E+002 -0.210739E+002 -0.201202E-005 -0.410601E-005  0.457248E-005 -0.304836E-006 -0.622092E-006  0.692765E-006  0.210000E+002  0.200000E+001  0.100000E+001  0.500000E+000  0.300000E+000  0.200000E+001  0.100000E+001  0.100000E+001  0.100000E+002
  0.222500E+003  0.300000E+002 -0.221183E+002 -0.212677E+002 -0.442653E-005 -0.156469E-005  0.469493E-005 -0.670633E-006 -0.237056E-006  0.711297E-006  0.210000E+002  0.200000E+001  0.100000E+001  0.500000E+000  0.300000E+000  0.200000E+001  0.100000E+001  0.100000E+001  0.100000E+002
  0.223000E+003  0.300000E+002 -0.219406E+002 -0.214600E+002 -0.424415E-005  0.229039E-005  0.482273E-005 -0.642981E-006  0.346991E-006  0.730635E-006  0.210000E+002  0.200000E+001  0.100000E+001  0.500000E+000  0.300000E+000  0.200000E+001  0.100000E+001  0.100000E+001  0.100000E+002
  0.223500E+003  0.300000E+002 -0.217612E+002 -0.216506E+002 -0.895285E-006  0.487503E-005  0.495656E-005 -0.135630E-006  0.738535E-006  0.750886E-006  0.210000E+002  0.200000E+001  0.100000E+001  0.500000E+000  0.300000E+000  0.200000E+001  0.100000E+001  0.100000E+001  0.100000E+002
  0.224000E+003  0.300000E+002 -0.215802E+002 -0.218398E+002  0.355790E-005  0.364906E-005  0.509649E-005  0.538980E-006  0.552790E-006  0.772059E-006  0.210000E+002  0.200000E+001  0.100000E+001  0.500000E+000  0.300000E+000  0.200000E+001  0.100000E+001  0.100000E+001  0.100000E+002
  0.224500E+003  0.300000E+002 -0.213975E+002 -0.220273E+002  0.512021E-005 -0.112779E-005  0.524294E-005  0.775625E-006 -0.170842E-006  0.794217E-006  0.210000E+002  0.200000E+001  0.100000E+001  0.500000E+000  0.300000E+000  0.200000E+001  0.100000E+001  0.100000E+001  0.100000E+002
  0.225000E+003  0.300000E+002 -0.212132E+002 -0.222132E+002  0.148241E-005 -0.518892E-005  0.539652E-005  0.224552E-006 -0.786005E-006  0.817452E-006  0.210000E+002  0.200000E+001  0.100000E+001  0.500000E+000  0.300000E+000  0.200000E+001  0.100000E+001  0.100000E+001  0.100000E+002
  0.225500E+003  0.300000E+002 -0.210273E+002 -0.223975E+002 -0.420692E-005 -0.363123E-005  0.555734E-005 -0.637230E-006 -0.550029E-006  0.841780E-006  0.210000E+002  0.200000E+001  0.100000E+001  0.500000E+000  0.300000E+000  0.200000E+001  0.100000E+001  0.100000E+001  0.100000E+002
  0.226000E+003  0.300000E+002 -0.208398E+002 -0.225802E+002 -0.506151E-005  0.267745E-005  0.572605E-005 -0.766646E-006  0.405541E-006  0.867301E-006  0.210000E+002  0.200000E+001  0.100000E+001  0.500000E+000  0.300000E+000  0.200000E+001  0.100000E+001  0.100000E+001  0.100000E+002
  0.226500E+003  0.300000E+002 -0.206506E+002 -0.227612E+002  0.103624E-005  0.581150E-005  0.590316E-005  0.156949E-006  0.880206E-006  0.894090E-006  0.210000E+002  0.200000E+001  0.100000E+001  0.500000E+000  0.300000E+000  0.200000E+001  0.100000E+001  0.100000E+001  0.100000E+002
  0.227000E+003  0.300000E+002 -0.204600E+002 -0.229406E+002  0.607374E-005  0.433375E-006  0.608918E-005  0.919886E-006  0.656360E-007  0.922224E-006  0.210000E+002  0.200000E+001  0.100000E+001  0.500000E+000  0.300000E+000  0.200000E+001  0.100000E+001  0.100000E+001  0.100000E+002
  0.227500E+003  0.300000E+002 -0.202677E+002 -0.231183E+002  0.159210E-005 -0.607969E-005  0.628470E-005  0.241117E-006 -0.920746E-006  0.951793E-006  0.210000E+002  0.200000E+001  0.100000E+001  0.500000E+000  0.300000E+000  0.200000E+001  0.100000E+001  0.100000E+001  0.100000E+002
  0.228000E+003  0.300000E+002 -0.200739E+002 -0.232943E+002 -0.603249E-005 -0.239436E-005  0.649029E-005 -0.913554E-006 -0.362600E-006  0.982883E-006  0.210000E+002  0.200000E+001  0.100000E+001  0.500000E+000  0.300000E+000  0.200000E+001  0.100000E+001  0.100000E+001  0.100000E+002
  0.228500E+003  0.300000E+002 -0.198786E+002 -0.234687E+002 -0.283248E-005  0.607910E-005  0.670659E-005 -0.428927E-006  0.920567E-006  0.101559E-005  0.210000E+002  0.200000E+001  0.100000E+001  0.500000E+000  0.300000E+000  0.200000E+001  0.100000E+001  0.100000E+001  0.100000E+002
  0.229000E+003  0.300000E+002 -0.196818E+002 -0.236413E+002  0.630225E-005  0.289280E-005  0.693445E-005  0.954309E-006  0.438039E-006  0.105004E-005  0.210000E+002  0.200000E+001  0.100000E+001  0.500000E+000  0.300000E+000  0.200000E+001  0.100000E+001  0.100000E+001  0.100000E+002
  0.229500E+003  0.300000E+002 -0.194834E+002 -0.238122E+002  0.252995E-005 -0.671389E-005  0.717474E-005  0.383074E-006 -0.101659E-005  0.108637E-005  0.210000E+002  0.200000E+001  0.100000E+001  0.500000E+000  0.300000E+000  0.200000E+001  0.100000E+001  0.100000E+001  0.100000E+002
  0.230000E+003  0.300000E+002 -0.192836E+002 -0.239813E+002 -0.723947E-005 -0.166315E-005  0.742805E-005 -0.109610E-005 -0.251813E-006  0.112466E-005  0.210000E+002  0.200000E+001  0.100000E+001  0.500000E+000  0.300000E+000  0.200000E+001  0.100000E+001  0.100000E+001  0.100000E+002
  0.230500E+003  0.300000E+002 -0.190823E+002 -0.241487E+002 -0.202521E-006  0.769289E-005  0.769555E-005 -0.306612E-007  0.116469E-005  0.116509E-005  0.210000E+002  0.200000E+001  0.100000E+001  0.500000E+000  0.300000E+000  0.200000E+001  0.100000E+001  0.100000E+001  0.100000E+002
  0.231000E+003  0.300000E+002 -0.188796E+002 -0.243144E+002  0.775234E-005 -0.188448E-005  0.797810E-005  0.117361E-005 -0.285288E-006  0.120779E-005  0.210000E+002  0.200000E+001  0.100000E+001  0.500000E+000  0.300000E+000  0.200000E+001  0.100000E+001  0.100000E+001  0.100000E+002
  0.231500E+003  0.300000E+002 -0.186754E+002 -0.244782E+002 -0.445857E-005 -0.697351E-005  0.827699E-005 -0.674930E-006 -0.105564E-005  0.125296E-005  0.210000E+002  0.200000E+001  0.100000E+001  0.500000E+000  0.300000E+000  0.200000E+001  0.100000E+001  0.100000E+001  0.100000E+002
  0.232000E+003  0.300000E+002 -0.184698E+002 -0.246403E+002 -0.489180E-005  0.706518E-005  0.859340E-005 -0.740461E-006  0.106944E-005  0.130076E-005  0.210000E+002  0.200000E+001  0.100000E+001  0.500000E+000  0.300000E+000  0.200000E+001  0.100000E+001  0.100000E+001  0.100000E+002
  0.232500E+003  0.300000E+002 -0.182628E+002 -0.248006E+002  0.883749E-005  0.127225E-005  0.892859E-005  0.133761E-005  0.192564E-006  0.135140E-005  0.210000E+002  0.200000E+001  0.100000E+001  0.500000E+000  0.300000E+000  0.200000E+001  0.100000E+001  0.100000E+001  0.100000E+002
  0.233000E+003  0.300000E+002 -0.180545E+002 -0.249591E+002 -0.349722E-005 -0.860004E-005  0.928392E-005 -0.529287E-006 -0.130157E-005  0.140508E-005  0.210000E+002  0.200000E+001  0.100000E+001  0.500000E+000  0.300000E+000  0.200000E+001  0.100000E+001  0.100000E+001  0.100000E+002
  0.233500E+003  0.300000E+002 -0.178447E+002 -0.251157E+002 -0.536275E-005  0.803614E-005  0.966119E-005 -0.811560E-006  0.121613E-005  0.146206E-005  0.210000E+002  0.200000E+001  0.100000E+001  0.500000E+000  0.300000E+000  0.200000E+001  0.100000E+001  0.100000E+001  0.100000E+002
  0.234000E+003  0.300000E+002 -0.176336E+002 -0.252705E+002  0.100340E-004 -0.752530E-006  0.100621E-004  0.151834E-005 -0.113873E-006  0.152260E-005  0.210000E+002  0.200000E+001  0.100000E+001  0.500000E+000  0.300000E+000  0.200000E+001  0.100000E+001  0.100000E+001  0.100000E+002
  0.234500E+003  0.300000E+002 -0.174211E+002 -0.254235E+002 -0.756554E-005 -0.726456E-005  0.104886E-004 -0.114471E-005 -0.109917E-005  0.158699E-005  0.210000E+002  0.200000E+001  0.100000E+001  0.500000E+000  0.300000E+000  0.200000E+001  0.100000E+001  0.100000E+001  0.100000E+002
  0.235000E+003  0.300000E+002 -0.172073E+002 -0.255746E+002  0.366898E-006  0.109367E-004  0.109428E-004  0.555087E-007  0.165463E-005  0.165556E-005  0.210000E+002  0.200000E+001  0.100000E+001  0.500000E+000  0.300000E+000  0.200000E+001  0.100000E+001  0.100000E+001  0.100000E+002
  0.235500E+003  0.300000E+002 -0.169922E+002 -0.257238E+002  0.710059E-005 -0.895295E-005  0.114269E-004  0.107415E-005 -0.135437E-005  0.172862E-005  0.210000E+002  0.200000E+001  0.100000E+001  0.500000E+000  0.300000E+000  0.200000E+001  0.100000E+001  0.100000E+001  0.100000E+002
  0.236000E+003  0.300000E+002 -0.167758E+002 -0.258711E+002 -0.115280E-004  0.312364E-005  0.119437E-004 -0.174373E-005  0.472483E-006  0.180661E-005  0.210000E+002  0.200000E+001  0.100000E+001  0.500000E+000  0.300000E+000  0.200000E+001  0.100000E+001  0.100000E+001  0.100000E+002
  0.236500E+003  0.300000E+002 -0.165581E+002 -0.260166E+002  0.119290E-004  0.372142E-005  0.124960E-004  0.180417E-005  0.562840E-006  0.188993E-005  0.210000E+002  0.200000E+001  0.100000E+001  0.500000E+000  0.300000E+000  0.200000E+001  0.100000E+001  0.100000E+001  0.100000E+002
  0.237000E+003  0.300000E+002 -0.163392E+002 -0.261601E+002 -0.911330E-005 -0.939212E-005  0.130868E-004 -0.137816E-005 -0.142032E-005  0.197905E-005  0.210000E+002  0.200000E+001  0.100000E+001  0.500000E+000  0.300000E+000  0.200000E+001  0.100000E+001  0.100000E+001  0.100000E+002
  0.237500E+003  0.300000E+002 -0.161190E+002 -0.263017E+002  0.459444E-005  0.129278E-004  0.137199E-004  0.694705E-006  0.195475E-005  0.207453E-005  0.210000E+002  0.200000E+001  0.100000E+001  0.500000E+000  0.300000E+000  0.200000E+001  0.100000E+001  0.100000E+001  0.100000E+002
  0.238000E+003  0.300000E+002 -0.158976E+002 -0.264414E+002  0.258047E-006 -0.143970E-004  0.143993E-004  0.390128E-007 -0.217661E-005  0.217696E-005  0.210000E+002  0.200000E+001  0.100000E+001  0.500000E+000  0.300000E+000  0.200000E+001  0.100000E+001  0.100000E+001  0.100000E+002
  0.238500E+003  0.300000E+002 -0.156750E+002 -0.265792E+002 -0.458054E-005  0.144189E-004  0.151290E-004 -0.692408E-006  0.217961E-005  0.228695E-005  0.210000E+002  0.200000E+001  0.100000E+001  0.500000E+000  0.300000E+000  0.200000E+001  0.100000E+001  0.100000E+001  0.100000E+002
  0.239000E+003  0.300000E+002 -0.154511E+002 -0.267150E+002  0.800808E-005 -0.137528E-004  0.159145E-004  0.121034E-005 -0.207860E-005  0.240530E-005  0.210000E+002  0.200000E+001  0.100000E+001  0.500000E+000  0.300000E+000  0.200000E+001  0.100000E+001  0.100000E+001  0.100000E+002
  0.239500E+003  0.300000E+002 -0.152262E+002 -0.268489E+002 -0.104969E-004  0.130664E-004  0.167605E-004 -0.158623E-005  0.197453E-005  0.253276E-005  0.210000E+002  0.200000E+001  0.100000E+001  0.500000E+000  0.300000E+000  0.200000E+001  0.100000E+001  0.100000E+001  0.100000E+002
  0.240000E+003  0.300000E+002 -0.150000E+002 -0.269808E+002  0.121223E-004 -0.128616E-004  0.176740E-004  0.183153E-005 -0.194324E-005  0.267033E-005  0.210000E+002  0.200000E+001  0.100000E+001  0.500000E+000  0.300000E+000  0.200000E+001  0.100000E+001  0.100000E+001  0.100000E+002
  0.240500E+003  0.300000E+002 -0.147727E+002 -0.271107E+002 -0.129126E-004  0.134728E-004  0.186615E-004 -0.195057E-005  0.203518E-005  0.281899E-005  0.210000E+002  0.200000E+001  0.100000E+001  0.500000E+000  0.300000E+000  0.200000E+001  0.100000E+001  0.100000E+001  0.100000E+002
  0.241000E+003  0.300000E+002 -0.145443E+002 -0.272386E+002  0.127356E-004 -0.150704E-004  0.197310E-004  0.192344E-005 -0.227606E-005  0.297994E-005  0.210000E+002  0.200000E+001  0.100000E+001  0.500000E+000  0.300000E+000  0.200000E+001  0.100000E+001  0.100000E+001  0.100000E+002
  0.241500E+003  0.300000E+002 -0.143148E+002 -0.273645E+002 -0.112379E-004  0.176115E-004  0.208915E-004 -0.169687E-005  0.265924E-005  0.315451E-005  0.210000E+002  0.200000E+001  0.100000E+001  0.500000E+000  0.300000E+000  0.200000E+001  0.100000E+001  0.100000E+001  0.100000E+002
  0.242000E+003  0.300000E+002 -0.140841E+002 -0.274884E+002  0.786562E-005 -0.207094E-004  0.221528E-004  0.118739E-005 -0.312627E-005  0.334417E-005  0.210000E+002  0.200000E+001  0.100000E+001  0.500000E+000  0.300000E+000  0.200000E+001  0.100000E+001  0.100000E+001  0.100000E+002
  0.242500E+003  0.300000E+002 -0.138525E+002 -0.276103E+002 -0.203183E-005  0.234387E-004  0.235266E-004 -0.306645E-006  0.353739E-005  0.355065E-005  0.210000E+002  0.200000E+001  0.100000E+001  0.500000E+000  0.300000E+000  0.200000E+001  0.100000E+001  0.100000E+001  0.100000E+002
  0.243000E+003  0.300000E+002 -0.136197E+002 -0.277302E+002 -0.647614E-005 -0.241734E-004  0.250259E-004 -0.977114E-006 -0.364727E-005  0.377588E-005  0.210000E+002  0.200000E+001  0.100000E+001  0.500000E+000  0.300000E+000  0.200000E+001  0.100000E+001  0.100000E+001  0.100000E+002
  0.243500E+003  0.300000E+002 -0.133859E+002 -0.278480E+002  0.168062E-004  0.207028E-004  0.266656E-004  0.253495E-005  0.312269E-005  0.402208E-005  0.210000E+002  0.200000E+001  0.100000E+001  0.500000E+000  0.300000E+000  0.200000E+001  0.100000E+001  0.100000E+001  0.100000E+002
  0.244000E+003  0.300000E+002 -0.131511E+002 -0.279638E+002 -0.262526E-004 -0.109976E-004  0.284631E-004 -0.395850E-005 -0.165828E-005  0.429180E-005  0.210000E+002  0.200000E+001  0.100000E+001  0.500000E+000  0.300000E+000  0.200000E+001  0.100000E+001  0.100000E+001  0.100000E+002
  0.244500E+003  0.300000E+002 -0.129153E+002 -0.280776E+002  0.300105E-004 -0.508177E-005  0.304377E-004  0.452353E-005 -0.765984E-006  0.458793E-005  0.210000E+002  0.200000E+001  0.100000E+001  0.500000E+000  0.300000E+000  0.200000E+001  0.100000E+001  0.100000E+001  0.100000E+002
  0.245000E+003  0.300000E+002 -0.126785E+002 -0.281892E+002 -0.226138E-004  0.234989E-004  0.326126E-004 -0.340731E-005  0.354067E-005  0.491387E-005  0.210000E+002  0.200000E+001  0.100000E+001  0.500000E+000  0.300000E+000  0.200000E+001  0.100000E+001  0.100000E+001  0.100000E+002
  0.245500E+003  0.300000E+002 -0.124408E+002 -0.282988E+002  0.198814E-005 -0.349578E-004  0.350143E-004  0.299435E-006 -0.526500E-005  0.527351E-005  0.210000E+002  0.200000E+001  0.100000E+001  0.500000E+000  0.300000E+000  0.200000E+001  0.100000E+001  0.100000E+001  0.100000E+002
  0.246000E+003  0.300000E+002 -0.122021E+002 -0.284064E+002  0.249899E-004  0.281917E-004  0.376732E-004  0.376199E-005  0.424400E-005  0.567134E-005  0.210000E+002  0.200000E+001  0.100000E+001  0.500000E+000  0.300000E+000  0.200000E+001  0.100000E+001  0.100000E+001  0.100000E+002
  0.246500E+003  0.300000E+002 -0.119625E+002 -0.285118E+002 -0.406236E-004  0.379908E-006  0.406253E-004 -0.611239E-005  0.571626E-007  0.611266E-005  0.210000E+002  0.200000E+001  0.100000E+001  0.500000E+000  0.300000E+000  0.200000E+001  0.100000E+001  0.100000E+001  0.100000E+002
  0.247000E+003  0.300000E+002 -0.117219E+002 -0.286151E+002  0.259998E-004 -0.353877E-004  0.439122E-004  0.390985E-005 -0.532160E-005  0.660351E-005  0.210000E+002  0.200000E+001  0.100000E+001  0.500000E+000  0.300000E+000  0.200000E+001  0.100000E+001  0.100000E+001  0.100000E+002
  0.247500E+003  0.300000E+002 -0.114805E+002 -0.287164E+002  0.170812E-004  0.444119E-004  0.475834E-004  0.256707E-005  0.667452E-005  0.715116E-005  0.210000E+002  0.200000E+001  0.100000E+001  0.500000E+000  0.300000E+000  0.200000E+001  0.100000E+001  0.100000E+001  0.100000E+002
  0.248000E+003  0.300000E+002 -0.112382E+002 -0.288155E+002 -0.512625E-004 -0.668745E-005  0.516969E-004 -0.769878E-005 -0.100434E-005  0.776401E-005  0.210000E+002  0.200000E+001  0.100000E+001  0.500000E+000  0.300000E+000  0.200000E+001  0.100000E+001  0.100000E+001  0.100000E+002
  0.248500E+003  0.300000E+002 -0.109950E+002 -0.289125E+002  0.296039E-004 -0.479130E-004  0.563209E-004  0.444261E-005 -0.719023E-005  0.845199E-005  0.210000E+002  0.200000E+001  0.100000E+001  0.500000E+000  0.300000E+000  0.200000E+001  0.100000E+001  0.100000E+001  0.100000E+002
  0.249000E+003  0.300000E+002 -0.107510E+002 -0.290074E+002  0.380599E-004  0.483557E-004  0.615372E-004  0.570671E-005  0.725047E-005  0.922691E-005  0.210000E+002  0.200000E+001  0.100000E+001  0.500000E+000  0.300000E+000  0.200000E+001  0.100000E+001  0.100000E+001  0.100000E+002
  0.249500E+003  0.300000E+002 -0.105062E+002 -0.291002E+002 -0.623912E-004  0.256104E-004  0.674430E-004 -0.934598E-005  0.383635E-005  0.101027E-004  0.210000E+002  0.200000E+001  0.100000E+001  0.500000E+000  0.300000E+000  0.200000E+001  0.100000E+001  0.100000E+001  0.100000E+002
  0.250000E+003  0.300000E+002 -0.102606E+002 -0.291908E+002 -0.136713E-004 -0.728826E-004  0.741537E-004 -0.204570E-005 -0.109058E-004  0.110960E-004  0.210000E+002  0.200000E+001  0.100000E+001  0.500000E+000  0.300000E+000  0.200000E+001  0.100000E+001  0.100000E+001  0.100000E+002
  0.250500E+003  0.300000E+002 -0.100142E+002 -0.292792E+002  0.816872E-004 -0.445876E-005  0.818088E-004  0.122083E-004 -0.666369E-006  0.122265E-004  0.210000E+002  0.200000E+001  0.100000E+001  0.500000E+000  0.300000E+000  0.200000E+001  0.100000E+001  0.100000E+001  0.100000E+002
  0.251000E+003  0.300000E+002 -0.976704E+001 -0.293656E+002 -0.293952E-006  0.905746E-004  0.905751E-004 -0.438705E-007  0.135177E-004  0.135178E-004  0.210000E+002  0.200000E+001  0.100000E+001  0.500000E+000  0.300000E+000  0.200000E+001  0.100000E+001  0.100000E+001  0.100000E+002
  0.251500E+003  0.300000E+002 -0.951914E+001 -0.294497E+002 -0.100646E-003  0.120718E-005  0.100654E-003 -0.149970E-004  0.179878E-006  0.149981E-004  0.210000E+002  0.200000E+001  0.100000E+001  0.500000E+000  0.300000E+000  0.200000E+001  0.100000E+001  0.100000E+001  0.100000E+002
  0.252000E+003  0.300000E+002 -0.927051E+001 -0.295317E+002 -0.112202E-004 -0.111725E-003  0.112287E-003 -0.166885E-005 -0.166175E-004  0.167011E-004  0.210000E+002  0.200000E+001  0.100000E+001  0.500000E+000  0.300000E+000  0.200000E+001  0.100000E+001  0.100000E+001  0.100000E+002
  0.252500E+003  0.300000E+002 -0.902117E+001 -0.296115E+002  0.121513E-003 -0.324336E-004  0.125767E-003  0.180352E-004 -0.481388E-005  0.186666E-004  0.210000E+002  0.200000E+001  0.100000E+001  0.500000E+000  0.300000E+000  0.200000E+001  0.100000E+001  0.100000E+001  0.100000E+002
  0.253000E+003  0.300000E+002 -0.877115E+001 -0.296891E+002  0.670578E-004  0.124536E-003  0.141442E-003  0.992860E-005  0.184388E-004  0.209420E-004  0.210000E+002  0.200000E+001  0.100000E+001  0.500000E+000  0.300000E+000  0.200000E+001  0.100000E+001  0.100000E+001  0.100000E+002
  0.253500E+003  0.300000E+002 -0.852046E+001 -0.297646E+002 -0.111395E-003  0.114478E-003  0.159731E-003 -0.164462E-004  0.169013E-004  0.235824E-004  0.210000E+002  0.200000E+001  0.100000E+001  0.500000E+000  0.300000E+000  0.200000E+001  0.100000E+001  0.100000E+001  0.100000E+002
  0.254000E+003  0.300000E+002 -0.826912E+001 -0.298379E+002 -0.167170E-003 -0.697183E-004  0.181125E-003 -0.245979E-004 -0.102586E-004  0.266514E-004  0.210000E+002  0.200000E+001  0.100000E+001  0.500000E+000  0.300000E+000  0.200000E+001  0.100000E+001  0.100000E+001  0.100000E+002
  0.254500E+003  0.300000E+002 -0.801715E+001 -0.299089E+002 -0.108091E-004 -0.205911E-003  0.206195E-003 -0.158420E-005 -0.301786E-004  0.302201E-004  0.210000E+002  0.200000E+001  0.100000E+001  0.500000E+000  0.300000E+000  0.200000E+001  0.100000E+001  0.100000E+001  0.100000E+002
  0.255000E+003  0.300000E+002 -0.776457E+001 -0.299778E+002  0.198313E-003 -0.127166E-003  0.235583E-003  0.289281E-004 -0.185499E-004  0.343648E-004  0.210000E+002  0.200000E+001  0.100000E+001  0.500000E+000  0.300000E+000  0.200000E+001  0.100000E+001  0.100000E+001  0.100000E+002
  0.255500E+003  0.300000E+002 -0.751140E+001 -0.300444E+002  0.247213E-003  0.108511E-003  0.269980E-003  0.358584E-004  0.157395E-004  0.391606E-004  0.210000E+002  0.200000E+001  0.100000E+001  0.500000E+000  0.300000E+000  0.200000E+001  0.100000E+001  0.100000E+001  0.100000E+002
  0.256000E+003  0.300000E+002 -0.725766E+001 -0.301089E+002  0.741397E-004  0.301078E-003  0.310072E-003  0.106813E-004  0.433762E-004  0.446720E-004  0.210000E+002  0.200000E+001  0.100000E+001  0.500000E+000  0.300000E+000  0.200000E+001  0.100000E+001  0.100000E+001  0.100000E+002
  0.256500E+003  0.300000E+002 -0.700336E+001 -0.301711E+002 -0.203516E-003  0.292635E-003  0.356447E-003 -0.290813E-004  0.418160E-004  0.509343E-004  0.210000E+002  0.200000E+001  0.100000E+001  0.500000E+000  0.300000E+000  0.200000E+001  0.100000E+001  0.100000E+001  0.100000E+002
  0.257000E+003  0.300000E+002 -0.674853E+001 -0.302311E+002 -0.402905E-003  0.728399E-004  0.409437E-003 -0.570051E-004  0.103058E-004  0.579292E-004  0.210000E+002  0.200000E+001  0.100000E+001  0.500000E+000  0.300000E+000  0.200000E+001  0.100000E+001  0.100000E+001  0.100000E+002
  0.257500E+003  0.300000E+002 -0.649319E+001 -0.302889E+002 -0.401539E-003 -0.242178E-003  0.468918E-003 -0.561339E-004 -0.338557E-004  0.655532E-004  0.210000E+002  0.200000E+001  0.100000E+001  0.500000E+000  0.300000E+000  0.200000E+001  0.100000E+001  0.100000E+001  0.100000E+002
  0.258000E+003  0.300000E+002 -0.623735E+001 -0.303444E+002 -0.191469E-003 -0.498574E-003  0.534075E-003 -0.263811E-004 -0.686948E-004  0.735862E-004  0.210000E+002  0.200000E+001  0.100000E+001  0.500000E+000  0.300000E+000  0.200000E+001  0.100000E+001  0.100000E+001  0.100000E+002
  0.258500E+003  0.300000E+002 -0.598104E+001 -0.303977E+002  0.141953E-003 -0.586275E-003  0.603215E-003  0.192201E-004 -0.793800E-004  0.816737E-004  0.210000E+002  0.200000E+001  0.100000E+001  0.500000E+000  0.300000E+000  0.200000E+001  0.100000E+001  0.100000E+001  0.100000E+002
  0.259000E+003  0.300000E+002 -0.572427E+001 -0.304488E+002  0.477602E-003 -0.475202E-003  0.673736E-003  0.633309E-004 -0.630127E-004  0.893387E-004  0.210000E+002  0.200000E+001  0.100000E+001  0.500000E+000  0.300000E+000  0.200000E+001  0.100000E+001  0.100000E+001  0.100000E+002
  0.259500E+003  0.300000E+002 -0.546707E+001 -0.304976E+002  0.712849E-003 -0.207105E-003  0.742325E-003  0.922207E-004 -0.267930E-004  0.960340E-004  0.210000E+002  0.200000E+001  0.100000E+001  0.500000E+000  0.300000E+000  0.200000E+001  0.100000E+001  0.100000E+001  0.100000E+002
  0.260000E+003  0.300000E+002 -0.520945E+001 -0.305442E+002  0.793650E-003  0.137027E-003  0.805392E-003  0.997524E-004  0.172226E-004  0.101228E-003  0.210000E+002  0.200000E+001  0.100000E+001  0.500000E+000  0.300000E+000  0.200000E+001  0.100000E+001  0.100000E+001  0.100000E+002
  0.260500E+003  0.300000E+002 -0.495143E+001 -0.305886E+002  0.718036E-003  0.472612E-003  0.859615E-003  0.872875E-004  0.574528E-004  0.104498E-003  0.210000E+002  0.200000E+001  0.100000E+001  0.500000E+000  0.300000E+000  0.200000E+001  0.100000E+001  0.100000E+001  0.100000E+002
  0.261000E+003  0.300000E+002 -0.469303E+001 -0.306307E+002  0.521630E-003  0.736346E-003  0.902388E-003  0.610404E-004  0.861662E-004  0.105596E-003  0.210000E+002  0.200000E+001  0.100000E+001  0.500000E+000  0.300000E+000  0.200000E+001  0.100000E+001  0.100000E+001  0.100000E+002
  0.261500E+003  0.300000E+002 -0.443428E+001 -0.306705E+002  0.256952E-003  0.895944E-003  0.932062E-003  0.288001E-004  0.100421E-003  0.104469E-003  0.210000E+002  0.200000E+001  0.100000E+001  0.500000E+000  0.300000E+000  0.200000E+001  0.100000E+001  0.100000E+001  0.100000E+002
  0.262000E+003  0.300000E+002 -0.417519E+001 -0.307080E+002 -0.243452E-004  0.947630E-003  0.947942E-003 -0.260003E-005  0.101205E-003  0.101239E-003  0.210000E+002  0.200000E+001  0.100000E+001  0.500000E+000  0.300000E+000  0.200000E+001  0.100000E+001  0.100000E+001  0.100000E+002
  0.262500E+003  0.300000E+002 -0.391579E+001 -0.307433E+002 -0.282136E-003  0.907262E-003  0.950119E-003 -0.285534E-004  0.918189E-004  0.961561E-004  0.210000E+002  0.200000E+001  0.100000E+001  0.500000E+000  0.300000E+000  0.200000E+001  0.100000E+001  0.100000E+001  0.100000E+002
  0.263000E+003  0.300000E+002 -0.365608E+001 -0.307764E+002 -0.491464E-003  0.800394E-003  0.939238E-003 -0.468574E-004  0.763116E-004  0.895493E-004  0.210000E+002  0.200000E+001  0.100000E+001  0.500000E+000  0.300000E+000  0.200000E+001  0.100000E+001  0.100000E+001  0.100000E+002
  0.263500E+003  0.300000E+002 -0.339610E+001 -0.308072E+002 -0.641410E-003  0.654347E-003  0.916284E-003 -0.572462E-004  0.584009E-004  0.817790E-004  0.210000E+002  0.200000E+001  0.100000E+001  0.500000E+000  0.300000E+000  0.200000E+001  0.100000E+001  0.100000E+001  0.100000E+002
  0.264000E+003  0.300000E+002 -0.313585E+001 -0.308357E+002 -0.731666E-003  0.493261E-003  0.882407E-003 -0.607011E-004  0.409223E-004  0.732070E-004  0.210000E+002  0.200000E+001  0.100000E+001  0.500000E+000  0.300000E+000  0.200000E+001  0.100000E+001  0.100000E+001  0.100000E+002
  0.264500E+003  0.300000E+002 -0.287537E+001 -0.308619E+002 -0.768653E-003  0.335798E-003  0.838802E-003 -0.588090E-004  0.256916E-004  0.641760E-004  0.210000E+002  0.200000E+001  0.100000E+001  0.500000E+000  0.300000E+000  0.200000E+001  0.100000E+001  0.100000E+001  0.100000E+002
  0.265000E+003  0.300000E+002 -0.261467E+001 -0.308858E+002 -0.762163E-003  0.194706E-003  0.786640E-003 -0.532869E-004  0.136129E-004  0.549982E-004  0.210000E+002  0.200000E+001  0.100000E+001  0.500000E+000  0.300000E+000  0.200000E+001  0.100000E+001  0.100000E+001  0.100000E+002
  0.265500E+003  0.300000E+002 -0.235377E+001 -0.309075E+002 -0.722893E-003  0.774407E-004  0.727029E-003 -0.456898E-004  0.489457E-005  0.459512E-004  0.210000E+002  0.200000E+001  0.100000E+001  0.500000E+000  0.300000E+000  0.200000E+001  0.100000E+001  0.100000E+001  0.100000E+002
  0.266000E+003  0.300000E+002 -0.209269E+001 -0.309269E+002 -0.660870E-003 -0.127558E-004  0.660993E-003 -0.372694E-004 -0.719355E-006  0.372764E-004  0.210000E+002  0.200000E+001  0.100000E+001  0.500000E+000  0.300000E+000  0.200000E+001  0.100000E+001  0.100000E+001  0.100000E+002
  0.266500E+003  0.300000E+002 -0.183146E+001 -0.309440E+002 -0.584593E-003 -0.756952E-004  0.589474E-003 -0.289393E-004 -0.374716E-005  0.291808E-004  0.210000E+002  0.200000E+001  0.100000E+001  0.500000E+000  0.300000E+000  0.200000E+001  0.100000E+001  0.100000E+001  0.100000E+002
  0.267000E+003  0.300000E+002 -0.157008E+001 -0.309589E+002 -0.500692E-003 -0.113213E-003  0.513332E-003 -0.213018E-004 -0.481663E-005  0.218396E-004  0.210000E+002  0.200000E+001  0.100000E+001  0.500000E+000  0.300000E+000  0.200000E+001  0.100000E+001  0.100000E+001  0.100000E+002
  0.267500E+003  0.300000E+002 -0.130858E+001 -0.309714E+002 -0.413915E-003 -0.128352E-003  0.433359E-003 -0.147070E-004 -0.456052E-005  0.153979E-004  0.210000E+002  0.200000E+001  0.100000E+001  0.500000E+000  0.300000E+000  0.200000E+001  0.100000E+001  0.100000E+001  0.100000E+002
  0.268000E+003  0.300000E+002 -0.104698E+001 -0.309817E+002 -0.327310E-003 -0.124762E-003  0.350282E-003 -0.932005E-005 -0.355257E-005  0.997417E-005  0.210000E+002  0.200000E+001  0.100000E+001  0.500000E+000  0.300000E+000  0.200000E+001  0.100000E+001  0.100000E+001  0.100000E+002
  0.268500E+003  0.300000E+002 -0.785308E+000 -0.309897E+002 -0.242500E-003 -0.106318E-003  0.264782E-003 -0.518568E-005 -0.227354E-005  0.566218E-005  0.210000E+002  0.200000E+001  0.100000E+001  0.500000E+000  0.300000E+000  0.200000E+001  0.100000E+001  0.100000E+001  0.100000E+002
  0.269000E+003  0.300000E+002 -0.523572E+000 -0.309954E+002 -0.159981E-003 -0.768867E-004  0.177498E-003 -0.228284E-005 -0.109713E-005  0.253280E-005  0.210000E+002  0.200000E+001  0.100000E+001  0.500000E+000  0.300000E+000  0.200000E+001  0.100000E+001  0.100000E+001  0.100000E+002
  0.269500E+003  0.300000E+002 -0.261796E+000 -0.309989E+002 -0.794326E-004 -0.402315E-004  0.890400E-004 -0.567044E-006 -0.287200E-006  0.635627E-006  0.210000E+002  0.200000E+001  0.100000E+001  0.500000E+000  0.300000E+000  0.200000E+001  0.100000E+001  0.100000E+001  0.100000E+002
  0.270000E+003  0.300000E+002  0.000000E+000 -0.310000E+002 -0.252289E-011 -0.129984E-011  0.283805E-011 -0.573534E-021 -0.295496E-021  0.645181E-021  0.210000E+002  0.200000E+001  0.100000E+001  0.500000E+000  0.300000E+000  0.200000E+001  0.100000E+001  0.100000E+001  0.100000E+002
  0.270500E+003  0.300000E+002  0.261796E+000 -0.309989E+002  0.794326E-004  0.402315E-004  0.890400E-004 -0.567044E-006 -0.287200E-006  0.635627E-006  0.210000E+002  0.200000E+001  0.100000E+001  0.500000E+000  0.300000E+000  0.200000E+001  0.100000E+001  0.100000E+001  0.100000E+002
  0.271000E+003  0.300000E+002  0.523572E+000 -0.309954E+002  0.159981E-003  0.768867E-004  0.177498E-003 -0.228284E-005 -0.109713E-005  0.253280E-005  0.210000E+002  0.200000E+001  0.100000E+001  0.500000E+000  0.300000E+000  0.200000E+001  0.100000E+001  0.100000E+001  0.100000E+002
  0.271500E+003  0.300000E+002  0.785308E+000 -0.309897E+002  0.242500E-003  0.106318E-003  0.264782E-003 -0.518568E-005 -0.227354E-005  0.566218E-005  0.210000E+002  0.200000E+001  0.100000E+001  0.500000E+000  0.300000E+000  0.200000E+001  0.100000E+001  0.100000E+001  0.100000E+002
  0.272000E+003  0.300000E+002  0.104698E+001 -0.309817E+002  0.327310E-003  0.124762E-003  0.350282E-003 -0.932005E-005 -0.355257E-005  0.997417E-005  0.210000E+002  0.200000E+001  0.100000E+001  0.500000E+000  0.300000E+000  0.200000E+001  0.100000E+001  0.100000E+001  0.100000E+002
  0.272500E+003  0.300000E+002  0.130858E+001 -0.309714E+002  0.413915E-003  0.128352E-003  0.433359E-003 -0.147070E-004 -0.456052E-005  0.153979E-004  0.210000E+002  0.200000E+001  0.100000E+001  0.500000E+000  0.300000E+000  0.200000E+001  0.100000E+001  0.100000E+001  0.100000E+002
  0.273000E+003  0.300000E+002  0.157008E+001 -0.309589E+002  0.500692E-003  0.113213E-003  0.513332E-003 -0.213018E-004 -0.481663E-005  0.218396E-004  0.210000E+002  0.200000E+001  0.100000E+001  0.500000E+000  0.300000E+000  0.200000E+001  0.100000E+001  0.100000E+001  0.100000E+002
  0.273500E+003  0.300000E+002  0.183146E+001 -0.309440E+002  0.584593E-003  0.756952E-004  0.589474E-003 -0.289393E-004 -0.374716E-005  0.291808E-004  0.210000E+002  0.200000E+001  0.100000E+001  0.500000E+000  0.300000E+000  0.200000E+001  0.100000E+001  0.100000E+001  0.100000E+002
  0.274000E+003  0.300000E+002  0.209269E+001 -0.309269E+002  0.660870E-003  0.127558E-004  0.660993E-003 -0.372694E-004 -0.719355E-006  0.372764E-004  0.210000E+002  0.200000E+001  0.100000E+001  0.500000E+000  0.300000E+000  0.200000E+001  0.100000E+001  0.100000E+001  0.100000E+002
  0.274500E+003  0.300000E+002  0.235377E+001 -0.309075E+002  0.722893E-003 -0.774407E-004  0.727029E-003 -0.456898E-004  0.489457E-005  0.459512E-004  0.210000E+002  0.200000E+001  0.100000E+001  0.500000E+000  0.300000E+000  0.200000E+001  0.100000E+001  0.100000E+001  0.100000E+002
  0.275000E+003  0.300000E+002  0.261467E+001 -0.308858E+002  0.762163E-003 -0.194706E-003  0.786640E-003 -0.532869E-004  0.136129E-004  0.549982E-004  0.210000E+002  0.200000E+001  0.100000E+001  0.500000E+000  0.300000E+000  0.200000E+001  0.100000E+001  0.100000E+001  0.100000E+002
  0.275500E+003  0.300000E+002  0.287537E+001 -0.308619E+002  0.768653E-003 -0.335798E-003  0.838802E-003 -0.588090E-004  0.256916E-004  0.641760E-004  0.210000E+002  0.200000E+001  0.100000E+001  0.500000E+000  0.300000E+000  0.200000E+001  0.100000E+001  0.100000E+001  0.100000E+002
  0.276000E+003  0.300000E+002  0.313585E+001 -0.308357E+002  0.731666E-003 -0.493261E-003  0.882407E-003 -0.607011E-004  0.409223E-004  0.732070E-004  0.210000E+002  0.200000E+001  0.100000E+001  0.500000E+000  0.300000E+000  0.200000E+001  0.100000E+001  0.100000E+001  0.100000E+002
  0.276500E+003  0.300000E+002  0.339610E+001 -0.308072E+002  0.641410E-003 -0.654347E-003  0.916284E-003 -0.572462E-004  0.584009E-004  0.817790E-004  0.210000E+002  0.200000E+001  0.100000E+001  0.500000E+000  0.300000E+000  0.200000E+001  0.100000E+001  0.100000E+001  0.100000E+002
  0.277000E+003  0.300000E+002  0.365608E+001 -0.307764E+002  0.491464E-003 -0.800394E-003  0.939238E-003 -0.468574E-004  0.763116E-004  0.895493E-004  0.210000E+002  0.200000E+001  0.100000E+001  0.500000E+000  0.300000E+000  0.200000E+001  0.100000E+001  0.100000E+001  0.100000E+002
  0.277500E+003  0.300000E+002  0.391579E+001 -0.307433E+002  0.282136E-003 -0.907262E-003  0.950119E-003 -0.285534E-004  0.918189E-004  0.961561E-004  0.210000E+002  0.200000E+001  0.100000E+001  0.500000E+000  0.300000E+000  0.200000E+001  0.100000E+001  0.100000E+001  0.100000E+002
  0.278000E+003  0.300000E+002  0.417519E+001 -0.307080E+002  0.243452E-004 -0.947630E-003  0.947942E-003 -0.260003E-005  0.101205E-003  0.101239E-003  0.210000E+002  0.200000E+001  0.100000E+001  0.500000E+000  0.300000E+000  0.200000E+001  0.100000E+001  0.100000E+001  0.100000E+002
  0.278500E+003  0.300000E+002  0.443428E+001 -0.306705E+002 -0.256952E-003 -0.895944E-003  0.932062E-003  0.288001E-004  0.100421E-003  0.104469E-003  0.210000E+002  0.200000E+001  0.100000E+001  0.500000E+000  0.300000E+000  0.200000E+001  0.100000E+001  0.100000E+001  0.100000E+002
  0.279000E+003  0.300000E+002  0.469303E+001 -0.306307E+002 -0.521630E-003 -0.736346E-003  0.902388E-003  0.610404E-004  0.861662E-004  0.105596E-003  0.210000E+002  0.200000E+001  0.100000E+001  0.500000E+000  0.300000E+000  0.200000E+001  0.100000E+001  0.100000E+001  0.100000E+002
  0.279500E+003  0.300000E+002  0.495143E+001 -0.305886E+002 -0.718036E-003 -0.472612E-003  0.859615E-003  0.872875E-004  0.574528E-004  0.104498E-003  0.210000E+002  0.200000E+001  0.100000E+001  0.500000E+000  0.300000E+000  0.200000E+001  0.100000E+001  0.100000E+001  0.100000E+002
  0.280000E+003  0.300000E+002  0.520945E+001 -0.305442E+002 -0.793650E-003 -0.137027E-003  0.805392E-003  0.997524E-004  0.172226E-004  0.101228E-003  0.210000E+002  0.200000E+001  0.100000E+001  0.500000E+000  0.300000E+000  0.200000E+001  0.100000E+001  0.100000E+001  0.100000E+002
  0.280500E+003  0.300000E+002  0.546707E+001 -0.304976E+002 -0.712849E-003  0.207105E-003  0.742325E-003  0.922207E-004 -0.267930E-004  0.960340E-004  0.210000E+002  0.200000E+001  0.100000E+001  0.500000E+000  0.300000E+000  0.200000E+001  0.100000E+001  0.100000E+001  0.100000E+002
  0.281000E+003  0.300000E+002  0.572427E+001 -0.304488E+002 -0.477602E-003  0.475202E-003  0.673736E-003  0.633309E-004 -0.630127E-004  0.893387E-004  0.210000E+002  0.200000E+001  0.100000E+001  0.500000E+000  0.300000E+000  0.200000E+001  0.100000E+001  0.100000E+001  0.100000E+002
  0.281500E+003  0.300000E+002  0.598104E+001 -0.303977E+002 -0.141953E-003  0.586275E-003  0.603215E-003  0.192201E-004 -0.793800E-004  0.816737E-004  0.210000E+002  0.200000E+001  0.100000E+001  0.500000E+000  0.300000E+000  0.200000E+001  0.100000E+001  0.100000E+001  0.100000E+002
  0.282000E+003  0.300000E+002  0.623735E+001 -0.303444E+002  0.191469E-003  0.498574E-003  0.534075E-003 -0.263811E-004 -0.686948E-004  0.735862E-004  0.210000E+002  0.200000E+001  0.100000E+001  0.500000E+000  0.300000E+000  0.200000E+001  0.100000E+001  0.100000E+001  0.100000E+002
  0.282500E+003  0.300000E+002  0.649319E+001 -0.302889E+002  0.401539E-003  0.242178E-003  0.468918E-003 -0.561339E-004 -0.338557E-004  0.655532E-004  0.210000E+002  0.200000E+001  0.100000E+001  0.500000E+000  0.300000E+000  0.200000E+001  0.100000E+001  0.100000E+001  0.100000E+002
  0.283000E+003  0.300000E+002  0.674853E+001 -0.302311E+002  0.402905E-003 -0.728399E-004  0.409437E-003 -0.570051E-004  0.103058E-004  0.579292E-004  0.210000E+002  0.200000E+001  0.100000E+001  0.500000E+000  0.300000E+000  0.200000E+001  0.100000E+001  0.100000E+001  0.100000E+002
  0.283500E+003  0.300000E+002  0.700336E+001 -0.301711E+002  0.203516E-003 -0.292635E-003  0.356447E-003 -0.290813E-004  0.418160E-004  0.509343E-004  0.210000E+002  0.200000E+001  0.100000E+001  0.500000E+000  0.300000E+000  0.200000E+001  0.100000E+001  0.100000E+001  0.100000E+002
  0.284000E+003  0.300000E+002  0.725766E+001 -0.301089E+002 -0.741397E-004 -0.301078E-003  0.310072E-003  0.106813E-004  0.433762E-004  0.446720E-004  0.210000E+002  0.200000E+001  0.100000E+001  0.500000E+000  0.300000E+000  0.200000E+001  0.100000E+001  0.100000E+001  0.100000E+002
  0.284500E+003  0.300000E+002  0.751140E+001 -0.300444E+002 -0.247213E-003 -0.108511E-003  0.269980E-003  0.358584E-004  0.157395E-004  0.391606E-004  0.210000E+002  0.200000E+001  0.100000E+001  0.500000E+000  0.300000E+000  0.200000E+001  0.100000E+001  0.100000E+001  0.100000E+002
  0.285000E+003  0.300000E+002  0.776457E+001 -0.299778E+002 -0.198313E-003  0.127166E-003  0.235583E-003  0.289281E-004 -0.185499E-004  0.343648E-004  0.210000E+002  0.200000E+001  0.100000E+001  0.500000E+000  0.300000E+000  0.200000E+001  0.100000E+001  0.100000E+001  0.100000E+002
  0.285500E+003  0.300000E+002  0.801715E+001 -0.299089E+002  0.108091E-004  0.205911E-003  0.206195E-003 -0.158420E-005 -0.301786E-004  0.302201E-004  0.210000E+002  0.200000E+001  0.100000E+001  0.500000E+000  0.300000E+000  0.200000E+001  0.100000E+001  0.100000E+001  0.100000E+002
  0.286000E+003  0.300000E+002  0.826912E+001 -0.298379E+002  0.167170E-003  0.697183E-004  0.181125E-003 -0.245979E-004 -0.102586E-004  0.266514E-004  0.210000E+002  0.200000E+001  0.100000E+001  0.500000E+000  0.300000E+000  0.200000E+001  0.100000E+001  0.100000E+001  0.100000E+002
  0.286500E+003  0.300000E+002  0.852046E+001 -0.297646E+002  0.111395E-003 -0.114478E-003  0.159731E-003 -0.164462E-004  0.169013E-004  0.235824E-004  0.210000E+002  0.200000E+001  0.100000E+001  0.500000E+000  0.300000E+000  0.200000E+001  0.100000E+001  0.100000E+001  0.100000E+002
  0.287000E+003  0.300000E+002  0.877115E+001 -0.296891E+002 -0.670578E-004 -0.124536E-003  0.141442E-003  0.992860E-005  0.184388E-004  0.209420E-004  0.210000E+002  0.200000E+001  0.100000E+001  0.500000E+000  0.300000E+000  0.200000E+001  0.100000E+001  0.100000E+001  0.100000E+002
  0.287500E+003  0.300000E+002  0.902117E+001 -0.296115E+002 -0.121513E-003  0.324336E-004  0.125767E-003  0.180352E-004 -0.481388E-005  0.186666E-004  0.210000E+002  0.200000E+001  0.100000E+001  0.500000E+000  0.300000E+000  0.200000E+001  0.100000E+001  0.100000E+001  0.100000E+002
  0.288000E+003  0.300000E+002  0.927051E+001 -0.295317E+002  0.112202E-004  0.111725E-003  0.112287E-003 -0.166885E-005 -0.166175E-004  0.167011E-004  0.210000E+002  0.200000E+001  0.100000E+001  0.500000E+000  0.300000E+000  0.200000E+001  0.100000E+001  0.100000E+001  0.100000E+002
  0.288500E+003  0.300000E+002  0.951914E+001 -0.294497E+002  0.100646E-003 -0.120718E-005  0.100654E-003 -0.149970E-004  0.179878E-006  0.149981E-004  0.210000E+002  0.200000E+001  0.100000E+001  0.500000E+000  0.300000E+000  0.200000E+001  0.100000E+001  0.100000E+001  0.100000E+002
  0.289000E+003  0.300000E+002  0.976704E+001 -0.293656E+002  0.293952E-006 -0.905746E-004  0.905751E-004 -0.438705E-007  0.135177E-004  0.135178E-004  0.210000E+002  0.200000E+001  0.100000E+001  0.500000E+000  0.300000E+000  0.200000E+001  0.100000E+001  0.100000E+001  0.100000E+002
  0.289500E+003  0.300000E+002  0.100142E+002 -0.292792E+002 -0.816872E-004  0.445876E-005  0.818088E-004  0.122083E-004 -0.666369E-006  0.122265E-004  0.210000E+002  0.200000E+001  0.100000E+001  0.500000E+000  0.300000E+000  0.200000E+001  0.100000E+001  0.100000E+001  0.100000E+002
  0.290000E+003  0.300000E+002  0.102606E+002 -0.291908E+002  0.136713E-004  0.728826E-004  0.741537E-004 -0.204570E-005 -0.109058E-004  0.110960E-004  0.210000E+002  0.200000E+001  0.100000E+001  0.500000E+000  0.300000E+000  0.200000E+001  0.100000E+001  0.100000E+001  0.100000E+002
  0.290500E+003  0.300000E+002  0.105062E+002 -0.291002E+002  0.623912E-004 -0.256104E-004  0.674430E-004 -0.934598E-005  0.383635E-005  0.101027E-004  0.210000E+002  0.200000E+001  0.100000E+001  0.500000E+000  0.300000E+000  0.200000E+001  0.100000E+001  0.100000E+001  0.100000E+002
  0.291000E+003  0.300000E+002  0.107510E+002 -0.290074E+002 -0.380599E-004 -0.483557E-004  0.615372E-004  0.570671E-005  0.725047E-005  0.922691E-005  0.210000E+002  0.200000E+001  0.100000E+001  0.500000E+000  0.300000E+000  0.200000E+001  0.100000E+001  0.100000E+001  0.100000E+002
  0.291500E+003  0.300000E+002  0.109950E+002 -0.289125E+002 -0.296039E-004  0.479130E-004  0.563209E-004  0.444261E-005 -0.719023E-005  0.845199E-005  0.210000E+002  0.200000E+001  0.100000E+001  0.500000E+000  0.300000E+000  0.200000E+001  0.100000E+001  0.100000E+001  0.100000E+002
  0.292000E+003  0.300000E+002  0.112382E+002 -0.288155E+002  0.512625E-004  0.668745E-005  0.516969E-004 -0.769878E-005 -0.100434E-005  0.776401E-005  0.210000E+002  0.200000E+001  0.100000E+001  0.500000E+000  0.300000E+000  0.200000E+001  0.100000E+001  0.100000E+001  0.100000E+002
  0.292500E+003  0.300000E+002  0.114805E+002 -0.287164E+002 -0.170812E-004 -0.444119E-004  0.475834E-004  0.256707E-005  0.667452E-005  0.715116E-005  0.210000E+002  0.200000E+001  0.100000E+001  0.500000E+000  0.300000E+000  0.200000E+001  0.100000E+001  0.100000E+001  0.100000E+002
  0.293000E+003  0.300000E+002  0.117219E+002 -0.286151E+002 -0.259998E-004  0.353877E-004  0.439122E-004  0.390985E-005 -0.532160E-005  0.660351E-005  0.210000E+002  0.200000E+001  0.100000E+001  0.500000E+000  0.300000E+000  0.200000E+001  0.100000E+001  0.100000E+001  0.100000E+002
  0.293500E+003  0.300000E+002  0.119625E+002 -0.285118E+002  0.406236E-004 -0.379908E-006  0.406253E-004 -0.611239E-005  0.571626E-007  0.611266E-005  0.210000E+002  0.200000E+001  0.100000E+001  0.500000E+000  0.300000E+000  0.200000E+001  0.100000E+001  0.100000E+001  0.100000E+002
  0.294000E+003  0.300000E+002  0.122021E+002 -0.284064E+002 -0.249899E-004 -0.281917E-004  0.376732E-004  0.376199E-005  0.424400E-005  0.567134E-005  0.210000E+002  0.200000E+001  0.100000E+001  0.500000E+000  0.300000E+000  0.200000E+001  0.100000E+001  0.100000E+001  0.100000E+002
  0.294500E+003  0.300000E+002  0.124408E+002 -0.282988E+002 -0.198814E-005  0.349578E-004  0.350143E-004  0.299435E-006 -0.526500E-005  0.527351E-005  0.210000E+002  0.200000E+001  0.100000E+001  0.500000E+000  0.300000E+000  0.200000E+001  0.100000E+001  0.100000E+001  0.100000E+002
  0.295000E+003  0.300000E+002  0.126785E+002 -0.281892E+002  0.226138E-004 -0.234989E-004  0.326126E-004 -0.340731E-005  0.354067E-005  0.491387E-005  0.210000E+002  0.200000E+001  0.100000E+001  0.500000E+000  0.300000E+000  0.200000E+001  0.100000E+001  0.100000E+001  0.100000E+002
  0.295500E+003  0.300000E+002  0.129153E+002 -0.280776E+002 -0.300105E-004  0.508177E-005  0.304377E-004  0.452353E-005 -0.765984E-006  0.458793E-005  0.210000E+002  0.200000E+001  0.100000E+001  0.500000E+000  0.300000E+000  0.200000E+001  0.100000E+001  0.100000E+001  0.100000E+002
  0.296000E+003  0.300000E+002  0.131511E+002 -0.279638E+002  0.262526E-004  0.109976E-004  0.284631E-004 -0.395850E-005 -0.165828E-005  0.429180E-005  0.210000E+002  0.200000E+001  0.100000E+001  0.500000E+000  0.300000E+000  0.200000E+001  0.100000E+001  0.100000E+001  0.100000E+002
  0.296500E+003  0.300000E+002  0.133859E+002 -0.278480E+002 -0.168062E-004 -0.207028E-004  0.266656E-004  0.253495E-005  0.312269E-005  0.402208E-005  0.210000E+002  0.200000E+001  0.100000E+001  0.500000E+000  0.300000E+000  0.200000E+001  0.100000E+001  0.100000E+001  0.100000E+002
  0.297000E+003  0.300000E+002  0.136197E+002 -0.277302E+002  0.647614E-005  0.241734E-004  0.250259E-004 -0.977114E-006 -0.364727E-005  0.377588E-005  0.210000E+002  0.200000E+001  0.100000E+001  0.500000E+000  0.300000E+000  0.200000E+001  0.100000E+001  0.100000E+001  0.100000E+002
  0.297500E+003  0.300000E+002  0.138525E+002 -0.276103E+002  0.203183E-005 -0.234387E-004  0.235266E-004 -0.306645E-006  0.353738E-005  0.355065E-005  0.210000E+002  0.200000E+001  0.100000E+001  0.500000E+000  0.300000E+000  0.200000E+001  0.100000E+001  0.100000E+001  0.100000E+002
  0.298000E+003  0.300000E+002  0.140841E+002 -0.274884E+002 -0.786562E-005  0.207094E-004  0.221528E-004  0.118739E-005 -0.312627E-005  0.334417E-005  0.210000E+002  0.200000E+001  0.100000E+001  0.500000E+000  0.300000E+000  0.200000E+001  0.100000E+001  0.100000E+001  0.100000E+002
  0.298500E+003  0.300000E+002  0.143148E+002 -0.273645E+002  0.112379E-004 -0.176115E-004  0.208915E-004 -0.169687E-005  0.265924E-005  0.315451E-005  0.210000E+002  0.200000E+001  0.100000E+001  0.500000E+000  0.300000E+000  0.200000E+001  0.100000E+001  0.100000E+001  0.100000E+002
  0.299000E+003  0.300000E+002  0.145443E+002 -0.272386E+002 -0.127356E-004  0.150704E-004  0.197310E-004  0.192344E-005 -0.227606E-005  0.297994E-005  0.210000E+002  0.200000E+001  0.100000E+001  0.500000E+000  0.300000E+000  0.200000E+001  0.100000E+001  0.100000E+001  0.100000E+002
  0.299500E+003  0.300000E+002  0.147727E+002 -0.271107E+002  0.129126E-004 -0.134728E-004  0.186615E-004 -0.195057E-005  0.203518E-005  0.281899E-005  0.210000E+002  0.200000E+001  0.100000E+001  0.500000E+000  0.300000E+000  0.200000E+001  0.100000E+001  0.100000E+001  0.100000E+002
  0.300000E+003  0.300000E+002  0.150000E+002 -0.269808E+002 -0.121223E-004  0.128616E-004  0.176740E-004  0.183153E-005 -0.194324E-005  0.267033E-005  0.210000E+002  0.200000E+001  0.100000E+001  0.500000E+000  0.300000E+000  0.200000E+001  0.100000E+001  0.100000E+001  0.100000E+002
  0.300500E+003  0.300000E+002  0.152262E+002 -0.268489E+002  0.104969E-004 -0.130664E-004  0.167605E-004 -0.158623E-005  0.197453E-005  0.253276E-005  0.210000E+002  0.200000E+001  0.100000E+001  0.500000E+000  0.300000E+000  0.200000E+001  0.100000E+001  0.100000E+001  0.100000E+002
  0.301000E+003  0.300000E+002  0.154511E+002 -0.267150E+002 -0.800808E-005  0.137528E-004  0.159145E-004  0.121034E-005 -0.207860E-005  0.240530E-005  0.210000E+002  0.200000E+001  0.100000E+001  0.500000E+000  0.300000E+000  0.200000E+001  0.100000E+001  0.100000E+001  0.100000E+002
  0.301500E+003  0.300000E+002  0.156750E+002 -0.265792E+002  0.458054E-005 -0.144189E-004  0.151290E-004 -0.692408E-006  0.217961E-005  0.228695E-005  0.210000E+002  0.200000E+001  0.100000E+001  0.500000E+000  0.300000E+000  0.200000E+001  0.100000E+001  0.100000E+001  0.100000E+002
  0.302000E+003  0.300000E+002  0.158976E+002 -0.264414E+002 -0.258047E-006  0.143970E-004  0.143993E-004  0.390128E-007 -0.217661E-005  0.217696E-005  0.210000E+002  0.200000E+001  0.100000E+001  0.500000E+000  0.300000E+000  0.200000E+001  0.100000E+001  0.100000E+001  0.100000E+002
  0.302500E+003  0.300000E+002  0.161190E+002 -0.263017E+002 -0.459444E-005 -0.129278E-004  0.137199E-004  0.694705E-006  0.195475E-005  0.207453E-005  0.210000E+002  0.200000E+001  0.100000E+001  0.500000E+000  0.300000E+000  0.200000E+001  0.100000E+001  0.100000E+001  0.100000E+002
  0.303000E+003  0.300000E+002  0.163392E+002 -0.261601E+002  0.911330E-005  0.939212E-005  0.130868E-004 -0.137816E-005 -0.142032E-005  0.197905E-005  0.210000E+002  0.200000E+001  0.100000E+001  0.500000E+000  0.300000E+000  0.200000E+001  0.100000E+001  0.100000E+001  0.100000E+002
  0.303500E+003  0.300000E+002  0.165581E+002 -0.260166E+002 -0.119290E-004 -0.372142E-005  0.124960E-004  0.180417E-005  0.562840E-006  0.188993E-005  0.210000E+002  0.200000E+001  0.100000E+001  0.500000E+000  0.300000E+000  0.200000E+001  0.100000E+001  0.100000E+001  0.100000E+002
  0.304000E+003  0.300000E+002  0.167758E+002 -0.258711E+002  0.115280E-004 -0.312364E-005  0.119437E-004 -0.174373E-005  0.472483E-006  0.180661E-005  0.210000E+002  0.200000E+001  0.100000E+001  0.500000E+000  0.300000E+000  0.200000E+001  0.100000E+001  0.100000E+001  0.100000E+002
  0.304500E+003  0.300000E+002  0.169922E+002 -0.257238E+002 -0.710059E-005  0.895295E-005  0.114269E-004  0.107415E-005 -0.135437E-005  0.172862E-005  0.210000E+002  0.200000E+001  0.100000E+001  0.500000E+000  0.300000E+000  0.200000E+001  0.100000E+001  0.100000E+001  0.100000E+002
  0.305000E+003  0.300000E+002  0.172073E+002 -0.255746E+002 -0.366898E-006 -0.109367E-004  0.109428E-004  0.555087E-007  0.165463E-005  0.165556E-005  0.210000E+002  0.200000E+001  0.100000E+001  0.500000E+000  0.300000E+000  0.200000E+001  0.100000E+001  0.100000E+001  0.100000E+002
  0.305500E+003  0.300000E+002  0.174211E+002 -0.254235E+002  0.756554E-005  0.726456E-005  0.104886E-004 -0.114471E-005 -0.109917E-005  0.158699E-005  0.210000E+002  0.200000E+001  0.100000E+001  0.500000E+000  0.300000E+000  0.200000E+001  0.100000E+001  0.100000E+001  0.100000E+002
  0.306000E+003  0.300000E+002  0.176336E+002 -0.252705E+002 -0.100340E-004  0.752530E-006  0.100621E-004  0.151834E-005 -0.113873E-006  0.152260E-005  0.210000E+002  0.200000E+001  0.100000E+001  0.500000E+000  0.300000E+000  0.200000E+001  0.100000E+001  0.100000E+001  0.100000E+002
  0.306500E+003  0.300000E+002  0.178447E+002 -0.251157E+002  0.536275E-005 -0.803614E-005  0.966119E-005 -0.811560E-006  0.121613E-005  0.146206E-005  0.210000E+002  0.200000E+001  0.100000E+001  0.500000E+000  0.300000E+000  0.200000E+001  0.100000E+001  0.100000E+001  0.100000E+002
  0.307000E+003  0.300000E+002  0.180545E+002 -0.249591E+002  0.349722E-005  0.860004E-005  0.928392E-005 -0.529287E-006 -0.130157E-005  0.140508E-005  0.210000E+002  0.200000E+001  0.100000E+001  0.500000E+000  0.300000E+000  0.200000E+001  0.100000E+001  0.100000E+001  0.100000E+002
  0.307500E+003  0.300000E+002  0.182628E+002 -0.248006E+002 -0.883749E-005 -0.127225E-005  0.892859E-005  0.133761E-005  0.192564E-006  0.135140E-005  0.210000E+002  0.200000E+001  0.100000E+001  0.500000E+000  0.300000E+000  0.200000E+001  0.100000E+001  0.100000E+001  0.100000E+002
  0.308000E+003  0.300000E+002  0.184698E+002 -0.246403E+002  0.489180E-005 -0.706518E-005  0.859340E-005 -0.740461E-006  0.106944E-005  0.130076E-005  0.210000E+002  0.200000E+001  0.100000E+001  0.500000E+000  0.300000E+000  0.200000E+001  0.100000E+001  0.100000E+001  0.100000E+002
  0.308500E+003  0.300000E+002  0.186754E+002 -0.244782E+002  0.445857E-005  0.697351E-005  0.827699E-005 -0.674930E-006 -0.105564E-005  0.125296E-005  0.210000E+002  0.200000E+001  0.100000E+001  0.500000E+000  0.300000E+000  0.200000E+001  0.100000E+001  0.100000E+001  0.100000E+002
  0.309000E+003  0.300000E+002  0.188796E+002 -0.243144E+002 -0.775234E-005  0.188448E-005  0.797810E-005  0.117361E-005 -0.285288E-006  0.120779E-005  0.210000E+002  0.200000E+001  0.100000E+001  0.500000E+000  0.300000E+000  0.200000E+001  0.100000E+001  0.100000E+001  0.100000E+002
  0.309500E+003  0.300000E+002  0.190823E+002 -0.241487E+002  0.202521E-006 -0.769289E-005  0.769555E-005 -0.306612E-007  0.116469E-005  0.116509E-005  0.210000E+002  0.200000E+001  0.100000E+001  0.500000E+000  0.300000E+000  0.200000E+001  0.100000E+001  0.100000E+001  0.100000E+002
  0.310000E+003  0.300000E+002  0.192836E+002 -0.239813E+002  0.723947E-005  0.166315E-005  0.742805E-005 -0.109610E-005 -0.251813E-006  0.112466E-005  0.210000E+002  0.200000E+001  0.100000E+001  0.500000E+000  0.300000E+000  0.200000E+001  0.100000E+001  0.100000E+001  0.100000E+002
  0.310500E+003  0.300000E+002  0.194834E+002 -0.238122E+002 -0.252995E-005  0.671389E-005  0.717474E-005  0.383074E-006 -0.101659E-005  0.108637E-005  0.210000E+002  0.200000E+001  0.100000E+001  0.500000E+000  0.300000E+000  0.200000E+001  0.100000E+001  0.100000E+001  0.100000E+002
  0.311000E+003  0.300000E+002  0.196818E+002 -0.236413E+002 -0.630225E-005 -0.289280E-005  0.693445E-005  0.954309E-006  0.438039E-006  0.105004E-005  0.210000E+002  0.200000E+001  0.100000E+001  0.500000E+000  0.300000E+000  0.200000E+001  0.100000E+001  0.100000E+001  0.100000E+002
  0.311500E+003  0.300000E+002  0.198786E+002 -0.234687E+002  0.283248E-005 -0.607910E-005  0.670659E-005 -0.428927E-006  0.920567E-006  0.101559E-005  0.210000E+002  0.200000E+001  0.100000E+001  0.500000E+000  0.300000E+000  0.200000E+001  0.100000E+001  0.100000E+001  0.100000E+002
  0.312000E+003  0.300000E+002  0.200739E+002 -0.232943E+002  0.603249E-005  0.239436E-005  0.649029E-005 -0.913554E-006 -0.362600E-006  0.982883E-006  0.210000E+002  0.200000E+001  0.100000E+001  0.500000E+000  0.300000E+000  0.200000E+001  0.100000E+001  0.100000E+001  0.100000E+002
  0.312500E+003  0.300000E+002  0.202677E+002 -0.231183E+002 -0.159210E-005  0.607969E-005  0.628470E-005  0.241117E-006 -0.920746E-006  0.951793E-006  0.210000E+002  0.200000E+001  0.100000E+001  0.500000E+000  0.300000E+000  0.200000E+001  0.100000E+001  0.100000E+001  0.100000E+002
  0.313000E+003  0.300000E+002  0.204600E+002 -0.229406E+002 -0.607374E-005 -0.433375E-006  0.608918E-005  0.919886E-006  0.656360E-007  0.922224E-006  0.210000E+002  0.200000E+001  0.100000E+001  0.500000E+000  0.300000E+000  0.200000E+001  0.100000E+001  0.100000E+001  0.100000E+002
  0.313500E+003  0.300000E+002  0.206506E+002 -0.227612E+002 -0.103624E-005 -0.581150E-005  0.590316E-005  0.156949E-006  0.880206E-006  0.894090E-006  0.210000E+002  0.200000E+001  0.100000E+001  0.500000E+000  0.300000E+000  0.200000E+001  0.100000E+001  0.100000E+001  0.100000E+002
  0.314000E+003  0.300000E+002  0.208398E+002 -0.225802E+002  0.506151E-005 -0.267745E-005  0.572605E-005 -0.766646E-006  0.405541E-006  0.867301E-006  0.210000E+002  0.200000E+001  0.100000E+001  0.500000E+000  0.300000E+000  0.200000E+001  0.100000E+001  0.100000E+001  0.100000E+002
  0.314500E+003  0.300000E+002  0.210273E+002 -0.223975E+002  0.420692E-005  0.363123E-005  0.555734E-005 -0.637230E-006 -0.550029E-006  0.841780E-006  0.210000E+002  0.200000E+001  0.100000E+001  0.500000E+000  0.300000E+000  0.200000E+001  0.100000E+001  0.100000E+001  0.100000E+002
  0.315000E+003  0.300000E+002  0.212132E+002 -0.222132E+002 -0.148241E-005  0.518892E-005  0.539652E-005  0.224552E-006 -0.786005E-006  0.817452E-006  0.210000E+002  0.200000E+001  0.100000E+001  0.500000E+000  0.300000E+000  0.200000E+001  0.100000E+001  0.100000E+001  0.100000E+002
  0.315500E+003  0.300000E+002  0.213975E+002 -0.220273E+002 -0.512021E-005  0.112779E-005  0.524294E-005  0.775625E-006 -0.170842E-006  0.794217E-006  0.210000E+002  0.200000E+001  0.100000E+001  0.500000E+000  0.300000E+000  0.200000E+001  0.100000E+001  0.100000E+001  0.100000E+002
  0.316000E+003  0.300000E+002  0.215802E+002 -0.218398E+002 -0.355790E-005 -0.364906E-005  0.509649E-005  0.538980E-006  0.552790E-006  0.772059E-006  0.210000E+002  0.200000E+001  0.100000E+001  0.500000E+000  0.300000E+000  0.200000E+001  0.100000E+001  0.100000E+001  0.100000E+002
  0.316500E+003  0.300000E+002  0.217612E+002 -0.216506E+002  0.895285E-006 -0.487503E-005  0.495656E-005 -0.135630E-006  0.738535E-006  0.750886E-006  0.210000E+002  0.200000E+001  0.100000E+001  0.500000E+000  0.300000E+000  0.200000E+001  0.100000E+001  0.100000E+001  0.100000E+002
  0.317000E+003  0.300000E+002  0.219406E+002 -0.214600E+002  0.424415E-005 -0.229039E-005  0.482273E-005 -0.642981E-006  0.346991E-006  0.730635E-006  0.210000E+002  0.200000E+001  0.100000E+001  0.500000E+000  0.300000E+000  0.200000E+001  0.100000E+001  0.100000E+001  0.100000E+002
  0.317500E+003  0.300000E+002  0.221183E+002 -0.212677E+002  0.442653E-005  0.156469E-005  0.469493E-005 -0.670633E-006 -0.237056E-006  0.711297E-006  0.210000E+002  0.200000E+001  0.100000E+001  0.500000E+000  0.300000E+000  0.200000E+001  0.100000E+001  0.100000E+001  0.100000E+002
  0.318000E+003  0.300000E+002  0.222943E+002 -0.210739E+002  0.201202E-005  0.410601E-005  0.457248E-005 -0.304836E-006 -0.622092E-006  0.692765E-006  0.210000E+002  0.200000E+001  0.100000E+001  0.500000E+000  0.300000E+000  0.200000E+001  0.100000E+001  0.100000E+001  0.100000E+002
  0.318500E+003  0.300000E+002  0.224687E+002 -0.208786E+002 -0.114943E-005  0.430465E-005  0.445547E-005  0.174153E-006 -0.652206E-006  0.675057E-006  0.210000E+002  0.200000E+001  0.100000E+001  0.500000E+000  0.300000E+000  0.200000E+001  0.100000E+001  0.100000E+001  0.100000E+002
  0.319000E+003  0.300000E+002  0.226413E+002 -0.206818E+002 -0.345310E-005  0.263437E-005  0.434325E-005  0.523200E-006 -0.399150E-006  0.658072E-006  0.210000E+002  0.200000E+001  0.100000E+001  0.500000E+000  0.300000E+000  0.200000E+001  0.100000E+001  0.100000E+001  0.100000E+002
  0.319500E+003  0.300000E+002  0.228122E+002 -0.204834E+002 -0.423016E-005  0.218183E-006  0.423578E-005  0.640954E-006 -0.330591E-007  0.641806E-006  0.210000E+002  0.200000E+001  0.100000E+001  0.500000E+000  0.300000E+000  0.200000E+001  0.100000E+001  0.100000E+001  0.100000E+002
  0.320000E+003  0.300000E+002  0.229813E+002 -0.202836E+002 -0.364433E-005 -0.194896E-005  0.413275E-005  0.552204E-006  0.295315E-006  0.626211E-006  0.210000E+002  0.200000E+001  0.100000E+001  0.500000E+000  0.300000E+000  0.200000E+001  0.100000E+001  0.100000E+001  0.100000E+002
  0.320500E+003  0.300000E+002  0.231487E+002 -0.200823E+002 -0.225839E-005 -0.334258E-005  0.403400E-005  0.342209E-006  0.506493E-006  0.611263E-006  0.210000E+002  0.200000E+001  0.100000E+001  0.500000E+000  0.300000E+000  0.200000E+001  0.100000E+001  0.100000E+001  0.100000E+002
  0.321000E+003  0.300000E+002  0.233144E+002 -0.198796E+002 -0.648403E-006 -0.388550E-005  0.393923E-005  0.982533E-007  0.588775E-006  0.596917E-006  0.210000E+002  0.200000E+001  0.100000E+001  0.500000E+000  0.300000E+000  0.200000E+001  0.100000E+001  0.100000E+001  0.100000E+002
  0.321500E+003  0.300000E+002  0.234782E+002 -0.196754E+002  0.791884E-006 -0.376594E-005  0.384830E-005 -0.119998E-006  0.570672E-006  0.583151E-006  0.210000E+002  0.200000E+001  0.100000E+001  0.500000E+000  0.300000E+000  0.200000E+001  0.100000E+001  0.100000E+001  0.100000E+002
  0.322000E+003  0.300000E+002  0.236403E+002 -0.194698E+002  0.188197E-005 -0.325601E-005  0.376078E-005 -0.285191E-006  0.493410E-006  0.569901E-006  0.210000E+002  0.200000E+001  0.100000E+001  0.500000E+000  0.300000E+000  0.200000E+001  0.100000E+001  0.100000E+001  0.100000E+002
  0.322500E+003  0.300000E+002  0.238006E+002 -0.192628E+002  0.260042E-005 -0.259943E-005  0.367685E-005 -0.394071E-006  0.393921E-006  0.557194E-006  0.210000E+002  0.200000E+001  0.100000E+001  0.500000E+000  0.300000E+000  0.200000E+001  0.100000E+001  0.100000E+001  0.100000E+002
  0.323000E+003  0.300000E+002  0.239591E+002 -0.190545E+002  0.301093E-005 -0.196653E-005  0.359624E-005 -0.456289E-006  0.298017E-006  0.544990E-006  0.210000E+002  0.200000E+001  0.100000E+001  0.500000E+000  0.300000E+000  0.200000E+001  0.100000E+001  0.100000E+001  0.100000E+002
  0.323500E+003  0.300000E+002  0.241157E+002 -0.188447E+002  0.320358E-005 -0.145509E-005  0.351855E-005 -0.485494E-006  0.220515E-006  0.533227E-006  0.210000E+002  0.200000E+001  0.100000E+001  0.500000E+000  0.300000E+000  0.200000E+001  0.100000E+001  0.100000E+001  0.100000E+002
  0.324000E+003  0.300000E+002  0.242705E+002 -0.186336E+002  0.326030E-005 -0.110968E-005  0.344397E-005 -0.494099E-006  0.168172E-006  0.521935E-006  0.210000E+002  0.200000E+001  0.100000E+001  0.500000E+000  0.300000E+000  0.200000E+001  0.100000E+001  0.100000E+001  0.100000E+002
  0.324500E+003  0.300000E+002  0.244235E+002 -0.184211E+002  0.323788E-005 -0.942466E-006  0.337226E-005 -0.490712E-006  0.142834E-006  0.511077E-006  0.210000E+002  0.200000E+001  0.100000E+001  0.500000E+000  0.300000E+000  0.200000E+001  0.100000E+001  0.100000E+001  0.100000E+002
  0.325000E+003  0.300000E+002  0.245746E+002 -0.182073E+002  0.316376E-005 -0.949040E-006  0.330304E-005 -0.479487E-006  0.143833E-006  0.500595E-006  0.210000E+002  0.200000E+001  0.100000E+001  0.500000E+000  0.300000E+000  0.200000E+001  0.100000E+001  0.100000E+001  0.100000E+002
  0.325500E+003  0.300000E+002  0.247238E+002 -0.179922E+002  0.303792E-005 -0.111628E-005  0.323651E-005 -0.460422E-006  0.169181E-006  0.490521E-006  0.210000E+002  0.200000E+001  0.100000E+001  0.500000E+000  0.300000E+000  0.200000E+001  0.100000E+001  0.100000E+001  0.100000E+002
  0.326000E+003  0.300000E+002  0.248711E+002 -0.177758E+002  0.283579E-005 -0.142223E-005  0.317245E-005 -0.429795E-006  0.215555E-006  0.480820E-006  0.210000E+002  0.200000E+001  0.100000E+001  0.500000E+000  0.300000E+000  0.200000E+001  0.100000E+001  0.100000E+001  0.100000E+002
  0.326500E+003  0.300000E+002  0.250166E+002 -0.175581E+002  0.251514E-005 -0.183059E-005  0.311079E-005 -0.381204E-006  0.277451E-006  0.471482E-006  0.210000E+002  0.200000E+001  0.100000E+001  0.500000E+000  0.300000E+000  0.200000E+001  0.100000E+001  0.100000E+001  0.100000E+002
  0.327000E+003  0.300000E+002  0.251601E+002 -0.173392E+002  0.202626E-005 -0.228117E-005  0.305114E-005 -0.307112E-006  0.345748E-006  0.462449E-006  0.210000E+002  0.200000E+001  0.100000E+001  0.500000E+000  0.300000E+000  0.200000E+001  0.100000E+001  0.100000E+001  0.100000E+002
  0.327500E+003  0.300000E+002  0.253017E+002 -0.171190E+002  0.133015E-005 -0.268220E-005  0.299391E-005 -0.201608E-006  0.406537E-006  0.453782E-006  0.210000E+002  0.200000E+001  0.100000E+001  0.500000E+000  0.300000E+000  0.200000E+001  0.100000E+001  0.100000E+001  0.100000E+002
  0.328000E+003  0.300000E+002  0.254414E+002 -0.168976E+002  0.422835E-006 -0.290799E-005  0.293857E-005 -0.640893E-007  0.440765E-006  0.445400E-006  0.210000E+002  0.200000E+001  0.100000E+001  0.500000E+000  0.300000E+000  0.200000E+001  0.100000E+001  0.100000E+001  0.100000E+002
  0.328500E+003  0.300000E+002  0.255792E+002 -0.166750E+002 -0.632860E-006 -0.281481E-005  0.288508E-005  0.959242E-007  0.426648E-006  0.437298E-006  0.210000E+002  0.200000E+001  0.100000E+001  0.500000E+000  0.300000E+000  0.200000E+001  0.100000E+001  0.100000E+001  0.100000E+002
  0.329000E+003  0.300000E+002  0.257150E+002 -0.164511E+002 -0.168260E-005 -0.228001E-005  0.283365E-005  0.255039E-006  0.345592E-006  0.429510E-006  0.210000E+002  0.200000E+001  0.100000E+001  0.500000E+000  0.300000E+000  0.200000E+001  0.100000E+001  0.100000E+001  0.100000E+002
  0.329500E+003  0.300000E+002  0.258489E+002 -0.162262E+002 -0.247972E-005 -0.126547E-005  0.278396E-005  0.375868E-006  0.191816E-006  0.421984E-006  0.210000E+002  0.200000E+001  0.100000E+001  0.500000E+000  0.300000E+000  0.200000E+001  0.100000E+001  0.100000E+001  0.100000E+002
  0.330000E+003  0.300000E+002  0.259808E+002 -0.160000E+002 -0.273384E-005  0.107549E-006  0.273596E-005  0.414392E-006 -0.163021E-007  0.414712E-006  0.210000E+002  0.200000E+001  0.100000E+001  0.500000E+000  0.300000E+000  0.200000E+001  0.100000E+001  0.100000E+001  0.100000E+002
  0.330500E+003  0.300000E+002  0.261107E+002 -0.157727E+002 -0.222279E-005  0.151429E-005  0.268958E-005  0.336931E-006 -0.229537E-006  0.407688E-006  0.210000E+002  0.200000E+001  0.100000E+001  0.500000E+000  0.300000E+000  0.200000E+001  0.100000E+001  0.100000E+001  0.100000E+002
  0.331000E+003  0.300000E+002  0.262386E+002 -0.155443E+002 -0.949158E-006  0.246876E-005  0.264494E-005  0.143876E-006 -0.374221E-006  0.400926E-006  0.210000E+002  0.200000E+001  0.100000E+001  0.500000E+000  0.300000E+000  0.200000E+001  0.100000E+001  0.100000E+001  0.100000E+002
  0.331500E+003  0.300000E+002  0.263645E+002 -0.153148E+002  0.731853E-006  0.249663E-005  0.260169E-005 -0.110937E-006 -0.378450E-006  0.394375E-006  0.210000E+002  0.200000E+001  0.100000E+001  0.500000E+000  0.300000E+000  0.200000E+001  0.100000E+001  0.100000E+001  0.100000E+002
  0.332000E+003  0.300000E+002  0.264884E+002 -0.150841E+002  0.213071E-005  0.141895E-005  0.255995E-005 -0.322985E-006 -0.215093E-006  0.388052E-006  0.210000E+002  0.200000E+001  0.100000E+001  0.500000E+000  0.300000E+000  0.200000E+001  0.100000E+001  0.100000E+001  0.100000E+002
  0.332500E+003  0.300000E+002  0.266103E+002 -0.148525E+002  0.248892E-005 -0.391577E-006  0.251953E-005 -0.377289E-006  0.593583E-007  0.381930E-006  0.210000E+002  0.200000E+001  0.100000E+001  0.500000E+000  0.300000E+000  0.200000E+001  0.100000E+001  0.100000E+001  0.100000E+002
  0.333000E+003  0.300000E+002  0.267302E+002 -0.146197E+002  0.145399E-005 -0.200973E-005  0.248054E-005 -0.220409E-006  0.304653E-006  0.376024E-006  0.210000E+002  0.200000E+001  0.100000E+001  0.500000E+000  0.300000E+000  0.200000E+001  0.100000E+001  0.100000E+001  0.100000E+002
  0.333500E+003  0.300000E+002  0.268480E+002 -0.143859E+002 -0.500809E-006 -0.239092E-005  0.244281E-005  0.759180E-007  0.362442E-006  0.370307E-006  0.210000E+002  0.200000E+001  0.100000E+001  0.500000E+000  0.300000E+000  0.200000E+001  0.100000E+001  0.100000E+001  0.100000E+002
  0.334000E+003  0.300000E+002  0.269638E+002 -0.141511E+002 -0.212584E-005 -0.112771E-005  0.240643E-005  0.322260E-006  0.170952E-006  0.364796E-006  0.210000E+002  0.200000E+001  0.100000E+001  0.500000E+000  0.300000E+000  0.200000E+001  0.100000E+001  0.100000E+001  0.100000E+002
  0.334500E+003  0.300000E+002  0.270776E+002 -0.139153E+002 -0.215315E-005  0.992994E-006  0.237109E-005  0.326404E-006 -0.150532E-006  0.359443E-006  0.210000E+002  0.200000E+001  0.100000E+001  0.500000E+000  0.300000E+000  0.200000E+001  0.100000E+001  0.100000E+001  0.100000E+002
  0.335000E+003  0.300000E+002  0.271892E+002 -0.136785E+002 -0.409470E-006  0.230077E-005  0.233692E-005  0.620737E-007 -0.348786E-006  0.354266E-006  0.210000E+002  0.200000E+001  0.100000E+001  0.500000E+000  0.300000E+000  0.200000E+001  0.100000E+001  0.100000E+001  0.100000E+002
  0.335500E+003  0.300000E+002  0.272988E+002 -0.134408E+002  0.169801E-005  0.155732E-005  0.230401E-005 -0.257412E-006 -0.236085E-006  0.349281E-006  0.210000E+002  0.200000E+001  0.100000E+001  0.500000E+000  0.300000E+000  0.200000E+001  0.100000E+001  0.100000E+001  0.100000E+002
  0.336000E+003  0.300000E+002  0.274064E+002 -0.132021E+002  0.216781E-005 -0.680355E-006  0.227207E-005 -0.328636E-006  0.103140E-006  0.344441E-006  0.210000E+002  0.200000E+001  0.100000E+001  0.500000E+000  0.300000E+000  0.200000E+001  0.100000E+001  0.100000E+001  0.100000E+002
  0.336500E+003  0.300000E+002  0.275118E+002 -0.129625E+002  0.399749E-006 -0.220525E-005  0.224119E-005 -0.606015E-007  0.334315E-006  0.339763E-006  0.210000E+002  0.200000E+001  0.100000E+001  0.500000E+000  0.300000E+000  0.200000E+001  0.100000E+001  0.100000E+001  0.100000E+002
  0.337000E+003  0.300000E+002  0.276151E+002 -0.127219E+002 -0.179675E-005 -0.128889E-005  0.221123E-005  0.272389E-006  0.195396E-006  0.335224E-006  0.210000E+002  0.200000E+001  0.100000E+001  0.500000E+000  0.300000E+000  0.200000E+001  0.100000E+001  0.100000E+001  0.100000E+002
  0.337500E+003  0.300000E+002  0.277164E+002 -0.124805E+002 -0.186558E-005  0.113227E-005  0.218230E-005  0.282824E-006 -0.171654E-006  0.330840E-006  0.210000E+002  0.200000E+001  0.100000E+001  0.500000E+000  0.300000E+000  0.200000E+001  0.100000E+001  0.100000E+001  0.100000E+002
  0.338000E+003  0.300000E+002  0.278155E+002 -0.122382E+002  0.389568E-006  0.211885E-005  0.215437E-005 -0.590596E-007 -0.321224E-006  0.326608E-006  0.210000E+002  0.200000E+001  0.100000E+001  0.500000E+000  0.300000E+000  0.200000E+001  0.100000E+001  0.100000E+001  0.100000E+002
  0.338500E+003  0.300000E+002  0.279125E+002 -0.119950E+002  0.210555E-005  0.303293E-006  0.212728E-005 -0.319209E-006 -0.459805E-007  0.322504E-006  0.210000E+002  0.200000E+001  0.100000E+001  0.500000E+000  0.300000E+000  0.200000E+001  0.100000E+001  0.100000E+001  0.100000E+002
  0.339000E+003  0.300000E+002  0.280074E+002 -0.117510E+002  0.875352E-006 -0.190998E-005  0.210101E-005 -0.132708E-006  0.289563E-006  0.318524E-006  0.210000E+002  0.200000E+001  0.100000E+001  0.500000E+000  0.300000E+000  0.200000E+001  0.100000E+001  0.100000E+001  0.100000E+002
  0.339500E+003  0.300000E+002  0.281002E+002 -0.115062E+002 -0.161559E-005 -0.130321E-005  0.207570E-005  0.244934E-006  0.197575E-006  0.314688E-006  0.210000E+002  0.200000E+001  0.100000E+001  0.500000E+000  0.300000E+000  0.200000E+001  0.100000E+001  0.100000E+001  0.100000E+002
  0.340000E+003  0.300000E+002  0.281908E+002 -0.112606E+002 -0.159478E-005  0.128971E-005  0.205102E-005  0.241780E-006 -0.195530E-006  0.310949E-006  0.210000E+002  0.200000E+001  0.100000E+001  0.500000E+000  0.300000E+000  0.200000E+001  0.100000E+001  0.100000E+001  0.100000E+002
  0.340500E+003  0.300000E+002  0.282792E+002 -0.110142E+002  0.979944E-006  0.177468E-005  0.202726E-005 -0.148568E-006 -0.269056E-006  0.307349E-006  0.210000E+002  0.200000E+001  0.100000E+001  0.500000E+000  0.300000E+000  0.200000E+001  0.100000E+001  0.100000E+001  0.100000E+002
  0.341000E+003  0.300000E+002  0.283656E+002 -0.107670E+002  0.187228E-005 -0.715212E-006  0.200424E-005 -0.283855E-006  0.108433E-006  0.303861E-006  0.210000E+002  0.200000E+001  0.100000E+001  0.500000E+000  0.300000E+000  0.200000E+001  0.100000E+001  0.100000E+001  0.100000E+002
  0.341500E+003  0.300000E+002  0.284497E+002 -0.105191E+002 -0.510622E-006 -0.191505E-005  0.198196E-005  0.774156E-007  0.290342E-006  0.300485E-006  0.210000E+002  0.200000E+001  0.100000E+001  0.500000E+000  0.300000E+000  0.200000E+001  0.100000E+001  0.100000E+001  0.100000E+002
  0.342000E+003  0.300000E+002  0.285317E+002 -0.102705E+002 -0.192476E-005  0.372099E-006  0.196040E-005  0.291815E-006 -0.564143E-007  0.297218E-006  0.210000E+002  0.200000E+001  0.100000E+001  0.500000E+000  0.300000E+000  0.200000E+001  0.100000E+001  0.100000E+001  0.100000E+002
  0.342500E+003  0.300000E+002  0.286115E+002 -0.100212E+002  0.300345E-006  0.191615E-005  0.193954E-005 -0.455360E-007 -0.290511E-006  0.294058E-006  0.210000E+002  0.200000E+001  0.100000E+001  0.500000E+000  0.300000E+000  0.200000E+001  0.100000E+001  0.100000E+001  0.100000E+002
  0.343000E+003  0.300000E+002  0.286891E+002 -0.977115E+001  0.189667E-005 -0.293480E-006  0.191924E-005 -0.287560E-006  0.444954E-007  0.290982E-006  0.210000E+002  0.200000E+001  0.100000E+001  0.500000E+000  0.300000E+000  0.200000E+001  0.100000E+001  0.100000E+001  0.100000E+002
  0.343500E+003  0.300000E+002  0.287646E+002 -0.952046E+001 -0.348485E-006 -0.186752E-005  0.189976E-005  0.528352E-007  0.283142E-006  0.288029E-006  0.210000E+002  0.200000E+001  0.100000E+001  0.500000E+000  0.300000E+000  0.200000E+001  0.100000E+001  0.100000E+001  0.100000E+002
  0.344000E+003  0.300000E+002  0.288379E+002 -0.926912E+001 -0.182336E-005  0.461258E-006  0.188080E-005  0.276448E-006 -0.699334E-007  0.285157E-006  0.210000E+002  0.200000E+001  0.100000E+001  0.500000E+000  0.300000E+000  0.200000E+001  0.100000E+001  0.100000E+001  0.100000E+002
  0.344500E+003  0.300000E+002  0.289089E+002 -0.901715E+001  0.626011E-006  0.175413E-005  0.186249E-005 -0.949129E-007 -0.265953E-006  0.282382E-006  0.210000E+002  0.200000E+001  0.100000E+001  0.500000E+000  0.300000E+000  0.200000E+001  0.100000E+001  0.100000E+001  0.100000E+002
  0.345000E+003  0.300000E+002  0.289778E+002 -0.876457E+001  0.164557E-005 -0.833666E-006  0.184469E-005 -0.249495E-006  0.126397E-006  0.279686E-006  0.210000E+002  0.200000E+001  0.100000E+001  0.500000E+000  0.300000E+000  0.200000E+001  0.100000E+001  0.100000E+001  0.100000E+002
  0.345500E+003  0.300000E+002  0.290444E+002 -0.851140E+001 -0.107012E-005 -0.148145E-005  0.182752E-005  0.162249E-006  0.224612E-006  0.277084E-006  0.210000E+002  0.200000E+001  0.100000E+001  0.500000E+000  0.300000E+000  0.200000E+001  0.100000E+001  0.100000E+001  0.100000E+002
  0.346000E+003  0.300000E+002  0.291089E+002 -0.825766E+001 -0.124588E-005  0.131431E-005  0.181098E-005  0.188898E-006 -0.199272E-006  0.274576E-006  0.210000E+002  0.200000E+001  0.100000E+001  0.500000E+000  0.300000E+000  0.200000E+001  0.100000E+001  0.100000E+001  0.100000E+002
  0.346500E+003  0.300000E+002  0.291711E+002 -0.800336E+001  0.153687E-005  0.927194E-006  0.179490E-005 -0.233018E-006 -0.140580E-006  0.272140E-006  0.210000E+002  0.200000E+001  0.100000E+001  0.500000E+000  0.300000E+000  0.200000E+001  0.100000E+001  0.100000E+001  0.100000E+002
  0.347000E+003  0.300000E+002  0.292311E+002 -0.774853E+001  0.523014E-006 -0.170082E-005  0.177942E-005 -0.792989E-007  0.257877E-006  0.269794E-006  0.210000E+002  0.200000E+001  0.100000E+001  0.500000E+000  0.300000E+000  0.200000E+001  0.100000E+001  0.100000E+001  0.100000E+002
  0.347500E+003  0.300000E+002  0.292889E+002 -0.749319E+001 -0.176381E-005 -0.454432E-007  0.176440E-005  0.267429E-006  0.689008E-008  0.267518E-006  0.210000E+002  0.200000E+001  0.100000E+001  0.500000E+000  0.300000E+000  0.200000E+001  0.100000E+001  0.100000E+001  0.100000E+002
  0.348000E+003  0.300000E+002  0.293444E+002 -0.723735E+001  0.473935E-006  0.168456E-005  0.174995E-005 -0.718583E-007 -0.255413E-006  0.265329E-006  0.210000E+002  0.200000E+001  0.100000E+001  0.500000E+000  0.300000E+000  0.200000E+001  0.100000E+001  0.100000E+001  0.100000E+002
  0.348500E+003  0.300000E+002  0.293977E+002 -0.698104E+001  0.143169E-005 -0.981744E-006  0.173596E-005 -0.217074E-006  0.148853E-006  0.263207E-006  0.210000E+002  0.200000E+001  0.100000E+001  0.500000E+000  0.300000E+000  0.200000E+001  0.100000E+001  0.100000E+001  0.100000E+002
  0.349000E+003  0.300000E+002  0.294488E+002 -0.672427E+001 -0.140512E-005 -0.996117E-006  0.172238E-005  0.213046E-006  0.151033E-006  0.261150E-006  0.210000E+002  0.200000E+001  0.100000E+001  0.500000E+000  0.300000E+000  0.200000E+001  0.100000E+001  0.100000E+001  0.100000E+002
  0.349500E+003  0.300000E+002  0.294976E+002 -0.646707E+001 -0.403150E-006  0.166114E-005  0.170936E-005  0.611265E-007 -0.251866E-006  0.259177E-006  0.210000E+002  0.200000E+001  0.100000E+001  0.500000E+000  0.300000E+000  0.200000E+001  0.100000E+001  0.100000E+001  0.100000E+002
  0.350000E+003  0.300000E+002  0.295442E+002 -0.620945E+001  0.167358E-005 -0.279449E-006  0.169675E-005 -0.253753E-006  0.423708E-007  0.257266E-006  0.210000E+002  0.200000E+001  0.100000E+001  0.500000E+000  0.300000E+000  0.200000E+001  0.100000E+001  0.100000E+001  0.100000E+002
  0.350500E+003  0.300000E+002  0.295886E+002 -0.595143E+001 -0.941920E-006 -0.139677E-005  0.168469E-005  0.142817E-006  0.211783E-006  0.255438E-006  0.210000E+002  0.200000E+001  0.100000E+001  0.500000E+000  0.300000E+000  0.200000E+001  0.100000E+001  0.100000E+001  0.100000E+002
  0.351000E+003  0.300000E+002  0.296307E+002 -0.569303E+001 -0.839847E-006  0.144680E-005  0.167290E-005  0.127341E-006 -0.219370E-006  0.253651E-006  0.210000E+002  0.200000E+001  0.100000E+001  0.500000E+000  0.300000E+000  0.200000E+001  0.100000E+001  0.100000E+001  0.100000E+002
  0.351500E+003  0.300000E+002  0.296705E+002 -0.543428E+001  0.165943E-005  0.852880E-007  0.166163E-005 -0.251611E-006 -0.129317E-007  0.251943E-006  0.210000E+002  0.200000E+001  0.100000E+001  0.500000E+000  0.300000E+000  0.200000E+001  0.100000E+001  0.100000E+001  0.100000E+002
  0.352000E+003  0.300000E+002  0.297080E+002 -0.517519E+001 -0.711563E-006 -0.148951E-005  0.165074E-005  0.107891E-006  0.225846E-006  0.250293E-006  0.210000E+002  0.200000E+001  0.100000E+001  0.500000E+000  0.300000E+000  0.200000E+001  0.100000E+001  0.100000E+001  0.100000E+002
  0.352500E+003  0.300000E+002  0.297433E+002 -0.491579E+001 -0.934782E-006  0.134796E-005  0.164037E-005  0.141737E-006 -0.204385E-006  0.248722E-006  0.210000E+002  0.200000E+001  0.100000E+001  0.500000E+000  0.300000E+000  0.200000E+001  0.100000E+001  0.100000E+001  0.100000E+002
  0.353000E+003  0.300000E+002  0.297764E+002 -0.465608E+001  0.162666E-005  0.108158E-006  0.163025E-005 -0.246644E-006 -0.163996E-007  0.247188E-006  0.210000E+002  0.200000E+001  0.100000E+001  0.500000E+000  0.300000E+000  0.200000E+001  0.100000E+001  0.100000E+001  0.100000E+002
  0.353500E+003  0.300000E+002  0.298072E+002 -0.439610E+001 -0.768503E-006 -0.142683E-005  0.162063E-005  0.116525E-006  0.216345E-006  0.245730E-006  0.210000E+002  0.200000E+001  0.100000E+001  0.500000E+000  0.300000E+000  0.200000E+001  0.100000E+001  0.100000E+001  0.100000E+002
  0.354000E+003  0.300000E+002  0.298357E+002 -0.413585E+001 -0.767475E-006  0.141686E-005  0.161137E-005  0.116370E-006 -0.214834E-006  0.244327E-006  0.210000E+002  0.200000E+001  0.100000E+001  0.500000E+000  0.300000E+000  0.200000E+001  0.100000E+001  0.100000E+001  0.100000E+002
  0.354500E+003  0.300000E+002  0.298619E+002 -0.387537E+001  0.159397E-005 -0.164940E-006  0.160248E-005 -0.241689E-006  0.250094E-007  0.242980E-006  0.210000E+002  0.200000E+001  0.100000E+001  0.500000E+000  0.300000E+000  0.200000E+001  0.100000E+001  0.100000E+001  0.100000E+002
  0.355000E+003  0.300000E+002  0.298858E+002 -0.361467E+001 -0.105249E-005 -0.119704E-005  0.159394E-005  0.159586E-006  0.181504E-006  0.241685E-006  0.210000E+002  0.200000E+001  0.100000E+001  0.500000E+000  0.300000E+000  0.200000E+001  0.100000E+001  0.100000E+001  0.100000E+002
  0.355500E+003  0.300000E+002  0.299075E+002 -0.335377E+001 -0.336020E-006  0.154975E-005  0.158576E-005  0.509499E-007 -0.234985E-006  0.240445E-006  0.210000E+002  0.200000E+001  0.100000E+001  0.500000E+000  0.300000E+000  0.200000E+001  0.100000E+001  0.100000E+001  0.100000E+002
  0.356000E+003  0.300000E+002  0.299269E+002 -0.309269E+001  0.142775E-005 -0.671846E-006  0.157792E-005 -0.216486E-006  0.101871E-006  0.239257E-006  0.210000E+002  0.200000E+001  0.100000E+001  0.500000E+000  0.300000E+000  0.200000E+001  0.100000E+001  0.100000E+001  0.100000E+002
  0.356500E+003  0.300000E+002  0.299440E+002 -0.283146E+001 -0.140649E-005 -0.698585E-006  0.157043E-005  0.213264E-006  0.105925E-006  0.238121E-006  0.210000E+002  0.200000E+001  0.100000E+001  0.500000E+000  0.300000E+000  0.200000E+001  0.100000E+001  0.100000E+001  0.100000E+002
