 % the field is pss
% Dinn5 settings , t1, t2, t3, t4, tm, tp, eps, step, IntLimit
%   0.250000E+001  0.250000E+001  0.250000E+001  0.280000E+002  0.200000E-001  0.000000E+000  0.100000E-005  0.100000E-001  0.100000E+006
% 1)psi, 2) R, 3) x, 4) z, 5) re(u), 6) im(u), 7) abs(u), 8) re(w), 9) im(w), 10) abs(w), 11) fieldCode, 12) cp(1), 13) cp(2), 14) cs(1), 15) cs(2), 16) rho(1), 17) rho(2), 18) h, 19) w
 -0.893898E+002  0.177001E+001  0.100000E+000 -0.200000E+002  0.656304E-003  0.140373E-003  0.671148E-003  0.214935E-003 -0.104670E-002  0.106854E-002  0.220000E+002  0.200000E+001  0.100000E+001  0.500000E+000  0.300000E+000  0.200000E+001  0.100000E+001  0.100000E+001  0.100000E+002
 -0.869519E+002  0.177242E+001  0.500000E+000 -0.200000E+002  0.324723E-002  0.814351E-003  0.334778E-002  0.322538E-003 -0.101457E-002  0.106461E-002  0.220000E+002  0.200000E+001  0.100000E+001  0.500000E+000  0.300000E+000  0.200000E+001  0.100000E+001  0.100000E+001  0.100000E+002
 -0.845249E+002  0.177802E+001  0.900000E+000 -0.200000E+002  0.567454E-002  0.192787E-002  0.599309E-002  0.564523E-003 -0.916193E-003  0.107615E-002  0.220000E+002  0.200000E+001  0.100000E+001  0.500000E+000  0.300000E+000  0.200000E+001  0.100000E+001  0.100000E+001  0.100000E+002
 -0.821175E+002  0.178679E+001  0.130000E+001 -0.200000E+002  0.770573E-002  0.378269E-002  0.858411E-002  0.912019E-003 -0.698858E-003  0.114899E-002  0.220000E+002  0.200000E+001  0.100000E+001  0.500000E+000  0.300000E+000  0.200000E+001  0.100000E+001  0.100000E+001  0.100000E+002
 -0.797378E+002  0.179869E+001  0.170000E+001 -0.200000E+002  0.895361E-002  0.656422E-002  0.111021E-001  0.130117E-002 -0.292369E-003  0.133362E-002  0.220000E+002  0.200000E+001  0.100000E+001  0.500000E+000  0.300000E+000  0.200000E+001  0.100000E+001  0.100000E+001  0.100000E+002
 -0.773933E+002  0.181364E+001  0.210000E+001 -0.200000E+002  0.886256E-002  0.102306E-001  0.135355E-001  0.161490E-002  0.366850E-003  0.165604E-002  0.220000E+002  0.200000E+001  0.100000E+001  0.500000E+000  0.300000E+000  0.200000E+001  0.100000E+001  0.100000E+001  0.100000E+002
 -0.750909E+002  0.183157E+001  0.250000E+001 -0.200000E+002  0.677823E-002  0.143661E-001  0.158848E-001  0.167283E-002  0.129334E-002  0.211449E-002  0.220000E+002  0.200000E+001  0.100000E+001  0.500000E+000  0.300000E+000  0.200000E+001  0.100000E+001  0.100000E+001  0.100000E+002
 -0.728367E+002  0.185240E+001  0.290000E+001 -0.200000E+002  0.214611E-002  0.180419E-001  0.181691E-001  0.124748E-002  0.239267E-002  0.269834E-002  0.220000E+002  0.200000E+001  0.100000E+001  0.500000E+000  0.300000E+000  0.200000E+001  0.100000E+001  0.100000E+001  0.100000E+002
 -0.706360E+002  0.187604E+001  0.330000E+001 -0.200000E+002 -0.513611E-002  0.197786E-001  0.204346E-001  0.128975E-003  0.339915E-002  0.340160E-002  0.220000E+002  0.200000E+001  0.100000E+001  0.500000E+000  0.300000E+000  0.200000E+001  0.100000E+001  0.100000E+001  0.100000E+002
 -0.684931E+002  0.190237E+001  0.370000E+001 -0.200000E+002 -0.142544E-001  0.177510E-001  0.227659E-001 -0.174685E-002  0.384962E-002  0.422742E-002  0.220000E+002  0.200000E+001  0.100000E+001  0.500000E+000  0.300000E+000  0.200000E+001  0.100000E+001  0.100000E+001  0.100000E+002
 -0.664115E+002  0.193128E+001  0.410000E+001 -0.200000E+002 -0.230690E-001  0.103764E-001  0.252952E-001 -0.412155E-002  0.315365E-002  0.518967E-002  0.220000E+002  0.200000E+001  0.100000E+001  0.500000E+000  0.300000E+000  0.200000E+001  0.100000E+001  0.100000E+001  0.100000E+002
 -0.643939E+002  0.196267E+001  0.450000E+001 -0.200000E+002 -0.280797E-001 -0.267989E-002  0.282073E-001 -0.626024E-002  0.821649E-003  0.631393E-002  0.220000E+002  0.200000E+001  0.100000E+001  0.500000E+000  0.300000E+000  0.200000E+001  0.100000E+001  0.100000E+001  0.100000E+002
 -0.624422E+002  0.199642E+001  0.490000E+001 -0.200000E+002 -0.251743E-001 -0.193176E-001  0.317319E-001 -0.696219E-002 -0.314078E-002  0.763784E-002  0.220000E+002  0.200000E+001  0.100000E+001  0.500000E+000  0.300000E+000  0.200000E+001  0.100000E+001  0.100000E+001  0.100000E+002
 -0.605574E+002  0.203240E+001  0.530000E+001 -0.200000E+002 -0.114277E-001 -0.342646E-001  0.361200E-001 -0.490883E-002 -0.779283E-002  0.921004E-002  0.220000E+002  0.200000E+001  0.100000E+001  0.500000E+000  0.300000E+000  0.200000E+001  0.100000E+001  0.100000E+001  0.100000E+002
 -0.587402E+002  0.207050E+001  0.570000E+001 -0.200000E+002  0.123086E-001 -0.397447E-001  0.416070E-001  0.567521E-003 -0.110722E-001  0.110867E-001  0.220000E+002  0.200000E+001  0.100000E+001  0.500000E+000  0.300000E+000  0.200000E+001  0.100000E+001  0.100000E+001  0.100000E+002
 -0.569902E+002  0.211061E+001  0.610000E+001 -0.200000E+002  0.391818E-001 -0.283679E-001  0.483731E-001  0.848680E-002 -0.102740E-001  0.133260E-001  0.220000E+002  0.200000E+001  0.100000E+001  0.500000E+000  0.300000E+000  0.200000E+001  0.100000E+001  0.100000E+001  0.100000E+002
 -0.553071E+002  0.215262E+001  0.650000E+001 -0.200000E+002  0.564789E-001  0.194138E-002  0.565122E-001  0.156026E-001 -0.345228E-002  0.159800E-001  0.220000E+002  0.200000E+001  0.100000E+001  0.500000E+000  0.300000E+000  0.200000E+001  0.100000E+001  0.100000E+001  0.100000E+002
 -0.536897E+002  0.219641E+001  0.690000E+001 -0.200000E+002  0.500483E-001  0.430459E-001  0.660135E-001  0.170483E-001  0.858125E-002  0.190862E-001  0.220000E+002  0.200000E+001  0.100000E+001  0.500000E+000  0.300000E+000  0.200000E+001  0.100000E+001  0.100000E+001  0.100000E+002
 -0.521367E+002  0.224188E+001  0.730000E+001 -0.200000E+002  0.129936E-001  0.756431E-001  0.767510E-001  0.882843E-002  0.208682E-001  0.226589E-001  0.220000E+002  0.200000E+001  0.100000E+001  0.500000E+000  0.300000E+000  0.200000E+001  0.100000E+001  0.100000E+001  0.100000E+002
 -0.506465E+002  0.228893E+001  0.770000E+001 -0.200000E+002 -0.451255E-001  0.761077E-001  0.884799E-001 -0.848336E-002  0.252960E-001  0.266806E-001  0.220000E+002  0.200000E+001  0.100000E+001  0.500000E+000  0.300000E+000  0.200000E+001  0.100000E+001  0.100000E+001  0.100000E+002
 -0.492173E+002  0.233747E+001  0.810000E+001 -0.200000E+002 -0.959008E-001  0.311647E-001  0.100837E+000 -0.272307E-001  0.150160E-001  0.310965E-001  0.220000E+002  0.200000E+001  0.100000E+001  0.500000E+000  0.300000E+000  0.200000E+001  0.100000E+001  0.100000E+001  0.100000E+002
 -0.478470E+002  0.238740E+001  0.850000E+001 -0.200000E+002 -0.103283E+000 -0.467043E-001  0.113352E+000 -0.346151E-001 -0.917610E-002  0.358107E-001  0.220000E+002  0.200000E+001  0.100000E+001  0.500000E+000  0.300000E+000  0.200000E+001  0.100000E+001  0.100000E+001  0.100000E+002
 -0.465336E+002  0.243864E+001  0.890000E+001 -0.200000E+002 -0.474984E-001 -0.116127E+000  0.125466E+000 -0.205046E-001 -0.351423E-001  0.406868E-001  0.220000E+002  0.200000E+001  0.100000E+001  0.500000E+000  0.300000E+000  0.200000E+001  0.100000E+001  0.100000E+001  0.100000E+002
 -0.452749E+002  0.249111E+001  0.930000E+001 -0.200000E+002  0.519363E-001 -0.126308E+000  0.136569E+000  0.124366E-001 -0.438225E-001  0.455530E-001  0.220000E+002  0.200000E+001  0.100000E+001  0.500000E+000  0.300000E+000  0.200000E+001  0.100000E+001  0.100000E+001  0.100000E+002
 -0.440687E+002  0.254473E+001  0.970000E+001 -0.200000E+002  0.135624E+000 -0.542066E-001  0.146056E+000  0.448264E-001 -0.226257E-001  0.502129E-001  0.220000E+002  0.200000E+001  0.100000E+001  0.500000E+000  0.300000E+000  0.200000E+001  0.100000E+001  0.100000E+001  0.100000E+002
 -0.429127E+002  0.259943E+001  0.101000E+002 -0.200000E+002  0.138522E+000  0.658740E-001  0.153387E+000  0.505242E-001  0.203290E-001  0.544607E-001  0.220000E+002  0.200000E+001  0.100000E+001  0.500000E+000  0.300000E+000  0.200000E+001  0.100000E+001  0.100000E+001  0.100000E+002
 -0.418048E+002  0.265515E+001  0.105000E+002 -0.200000E+002  0.433248E-001  0.152110E+000  0.158159E+000  0.179525E-001  0.552574E-001  0.581006E-001  0.220000E+002  0.200000E+001  0.100000E+001  0.500000E+000  0.300000E+000  0.200000E+001  0.100000E+001  0.100000E+001  0.100000E+002
 -0.407428E+002  0.271182E+001  0.109000E+002 -0.200000E+002 -0.902734E-001  0.132295E+000  0.160160E+000 -0.336726E-001  0.508227E-001  0.609655E-001  0.220000E+002  0.200000E+001  0.100000E+001  0.500000E+000  0.300000E+000  0.200000E+001  0.100000E+001  0.100000E+001  0.100000E+002
 -0.397247E+002  0.276938E+001  0.113000E+002 -0.200000E+002 -0.159036E+000  0.107568E-001  0.159399E+000 -0.628184E-001  0.379273E-002  0.629328E-001  0.220000E+002  0.200000E+001  0.100000E+001  0.500000E+000  0.300000E+000  0.200000E+001  0.100000E+001  0.100000E+001  0.100000E+002
 -0.387483E+002  0.282778E+001  0.117000E+002 -0.200000E+002 -0.101115E+000 -0.118908E+000  0.156088E+000 -0.401455E-001 -0.497560E-001  0.639322E-001  0.220000E+002  0.200000E+001  0.100000E+001  0.500000E+000  0.300000E+000  0.200000E+001  0.100000E+001  0.100000E+001  0.100000E+002
 -0.378117E+002  0.288697E+001  0.121000E+002 -0.200000E+002  0.384777E-001 -0.145569E+000  0.150568E+000  0.189443E-001 -0.610734E-001  0.639440E-001  0.220000E+002  0.200000E+001  0.100000E+001  0.500000E+000  0.300000E+000  0.200000E+001  0.100000E+001  0.100000E+001  0.100000E+002
 -0.369129E+002  0.294690E+001  0.125000E+002 -0.200000E+002  0.135933E+000 -0.450587E-001  0.143207E+000  0.608359E-001 -0.163332E-001  0.629903E-001  0.220000E+002  0.200000E+001  0.100000E+001  0.500000E+000  0.300000E+000  0.200000E+001  0.100000E+001  0.100000E+001  0.100000E+002
 -0.360502E+002  0.300753E+001  0.129000E+002 -0.200000E+002  0.102639E+000  0.865866E-001  0.134284E+000  0.437034E-001  0.427333E-001  0.611238E-001  0.220000E+002  0.200000E+001  0.100000E+001  0.500000E+000  0.300000E+000  0.200000E+001  0.100000E+001  0.100000E+001  0.100000E+002
 -0.352217E+002  0.306881E+001  0.133000E+002 -0.200000E+002 -0.221063E-001  0.121968E+000  0.123955E+000 -0.155735E-001  0.563128E-001  0.584266E-001  0.220000E+002  0.200000E+001  0.100000E+001  0.500000E+000  0.300000E+000  0.200000E+001  0.100000E+001  0.100000E+001  0.100000E+002
 -0.344259E+002  0.313071E+001  0.137000E+002 -0.200000E+002 -0.106917E+000  0.344501E-001  0.112330E+000 -0.539022E-001  0.110603E-001  0.550252E-001  0.220000E+002  0.200000E+001  0.100000E+001  0.500000E+000  0.300000E+000  0.200000E+001  0.100000E+001  0.100000E+001  0.100000E+002
 -0.336610E+002  0.319318E+001  0.141000E+002 -0.200000E+002 -0.691339E-001 -0.717941E-001  0.996689E-001 -0.304840E-001 -0.410397E-001  0.511227E-001  0.220000E+002  0.200000E+001  0.100000E+001  0.500000E+000  0.300000E+000  0.200000E+001  0.100000E+001  0.100000E+001  0.100000E+002
 -0.329256E+002  0.325621E+001  0.145000E+002 -0.200000E+002  0.334619E-001 -0.799193E-001  0.866417E-001  0.240079E-001 -0.404457E-001  0.470344E-001  0.220000E+002  0.200000E+001  0.100000E+001  0.500000E+000  0.300000E+000  0.200000E+001  0.100000E+001  0.100000E+001  0.100000E+002
 -0.322183E+002  0.331975E+001  0.149000E+002 -0.200000E+002  0.744380E-001  0.377541E-002  0.745337E-001  0.424683E-001  0.788137E-002  0.431934E-001  0.220000E+002  0.200000E+001  0.100000E+001  0.500000E+000  0.300000E+000  0.200000E+001  0.100000E+001  0.100000E+001  0.100000E+002
 -0.315376E+002  0.338378E+001  0.153000E+002 -0.200000E+002  0.144583E-001  0.635323E-001  0.651567E-001  0.501519E-002  0.397640E-001  0.400790E-001  0.220000E+002  0.200000E+001  0.100000E+001  0.500000E+000  0.300000E+000  0.200000E+001  0.100000E+001  0.100000E+001  0.100000E+002
 -0.308823E+002  0.344826E+001  0.157000E+002 -0.200000E+002 -0.542504E-001  0.257561E-001  0.600541E-001 -0.350278E-001  0.148378E-001  0.380409E-001  0.220000E+002  0.200000E+001  0.100000E+001  0.500000E+000  0.300000E+000  0.200000E+001  0.100000E+001  0.100000E+001  0.100000E+002
 -0.302511E+002  0.351318E+001  0.161000E+002 -0.200000E+002 -0.360168E-001 -0.469004E-001  0.591342E-001 -0.227213E-001 -0.293253E-001  0.370976E-001  0.220000E+002  0.200000E+001  0.100000E+001  0.500000E+000  0.300000E+000  0.200000E+001  0.100000E+001  0.100000E+001  0.100000E+002
 -0.296429E+002  0.357852E+001  0.165000E+002 -0.200000E+002  0.377096E-001 -0.472365E-001  0.604425E-001  0.224491E-001 -0.292844E-001  0.368991E-001  0.220000E+002  0.200000E+001  0.100000E+001  0.500000E+000  0.300000E+000  0.200000E+001  0.100000E+001  0.100000E+001  0.100000E+002
 -0.290566E+002  0.364424E+001  0.169000E+002 -0.200000E+002  0.568465E-001  0.239374E-001  0.616808E-001  0.341399E-001  0.140637E-001  0.369231E-001  0.220000E+002  0.200000E+001  0.100000E+001  0.500000E+000  0.300000E+000  0.200000E+001  0.100000E+001  0.100000E+001  0.100000E+002
 -0.284911E+002  0.371033E+001  0.173000E+002 -0.200000E+002 -0.667724E-002  0.611373E-001  0.615008E-001 -0.455429E-002  0.364494E-001  0.367328E-001  0.220000E+002  0.200000E+001  0.100000E+001  0.500000E+000  0.300000E+000  0.200000E+001  0.100000E+001  0.100000E+001  0.100000E+002
 -0.279455E+002  0.377677E+001  0.177000E+002 -0.200000E+002 -0.587772E-001  0.104411E-001  0.596974E-001 -0.357648E-001  0.498829E-002  0.361110E-001  0.220000E+002  0.200000E+001  0.100000E+001  0.500000E+000  0.300000E+000  0.200000E+001  0.100000E+001  0.100000E+001  0.100000E+002
 -0.274188E+002  0.384353E+001  0.181000E+002 -0.200000E+002 -0.243199E-001 -0.513264E-001  0.567967E-001 -0.133666E-001 -0.323996E-001  0.350486E-001  0.220000E+002  0.200000E+001  0.100000E+001  0.500000E+000  0.300000E+000  0.200000E+001  0.100000E+001  0.100000E+001  0.100000E+002
 -0.269101E+002  0.391062E+001  0.185000E+002 -0.200000E+002  0.413051E-001 -0.339409E-001  0.534612E-001  0.272057E-001 -0.198082E-001  0.336529E-001  0.220000E+002  0.200000E+001  0.100000E+001  0.500000E+000  0.300000E+000  0.200000E+001  0.100000E+001  0.100000E+001  0.100000E+002
 -0.264186E+002  0.397800E+001  0.189000E+002 -0.200000E+002  0.396356E-001  0.305223E-001  0.500259E-001  0.240892E-001  0.211495E-001  0.320561E-001  0.220000E+002  0.200000E+001  0.100000E+001  0.500000E+000  0.300000E+000  0.200000E+001  0.100000E+001  0.100000E+001  0.100000E+002
 -0.259435E+002  0.404566E+001  0.193000E+002 -0.200000E+002 -0.200933E-001  0.419017E-001  0.464704E-001 -0.150490E-001  0.263919E-001  0.303810E-001  0.220000E+002  0.200000E+001  0.100000E+001  0.500000E+000  0.300000E+000  0.200000E+001  0.100000E+001  0.100000E+001  0.100000E+002
 -0.254840E+002  0.411359E+001  0.197000E+002 -0.200000E+002 -0.413584E-001 -0.111050E-001  0.428233E-001 -0.271561E-001 -0.948117E-002  0.287636E-001  0.220000E+002  0.200000E+001  0.100000E+001  0.500000E+000  0.300000E+000  0.200000E+001  0.100000E+001  0.100000E+001  0.100000E+002
 -0.250395E+002  0.418178E+001  0.201000E+002 -0.200000E+002  0.439791E-002 -0.393194E-001  0.395645E-001  0.470718E-002 -0.269638E-001  0.273716E-001  0.220000E+002  0.200000E+001  0.100000E+001  0.500000E+000  0.300000E+000  0.200000E+001  0.100000E+001  0.100000E+001  0.100000E+002
 -0.246093E+002  0.425021E+001  0.205000E+002 -0.200000E+002  0.374961E-001 -0.350732E-003  0.374977E-001  0.263416E-001  0.618279E-003  0.263488E-001  0.220000E+002  0.200000E+001  0.100000E+001  0.500000E+000  0.300000E+000  0.200000E+001  0.100000E+001  0.100000E+001  0.100000E+002
 -0.241928E+002  0.431888E+001  0.209000E+002 -0.200000E+002  0.471389E-002  0.366765E-001  0.369782E-001  0.314039E-002  0.255089E-001  0.257015E-001  0.220000E+002  0.200000E+001  0.100000E+001  0.500000E+000  0.300000E+000  0.200000E+001  0.100000E+001  0.100000E+001  0.100000E+002
 -0.237893E+002  0.438776E+001  0.213000E+002 -0.200000E+002 -0.359106E-001  0.101402E-001  0.373148E-001 -0.242963E-001  0.684402E-002  0.252418E-001  0.220000E+002  0.200000E+001  0.100000E+001  0.500000E+000  0.300000E+000  0.200000E+001  0.100000E+001  0.100000E+001  0.100000E+002
 -0.233983E+002  0.445686E+001  0.217000E+002 -0.200000E+002 -0.164329E-001 -0.334259E-001  0.372468E-001 -0.104044E-001 -0.223812E-001  0.246813E-001  0.220000E+002  0.200000E+001  0.100000E+001  0.500000E+000  0.300000E+000  0.200000E+001  0.100000E+001  0.100000E+001  0.100000E+002
 -0.230193E+002  0.452615E+001  0.221000E+002 -0.200000E+002  0.284937E-001 -0.218269E-001  0.358930E-001  0.196698E-001 -0.134086E-001  0.238053E-001  0.220000E+002  0.200000E+001  0.100000E+001  0.500000E+000  0.300000E+000  0.200000E+001  0.100000E+001  0.100000E+001  0.100000E+002
 -0.226517E+002  0.459564E+001  0.225000E+002 -0.200000E+002  0.246847E-001  0.222670E-001  0.332439E-001  0.154641E-001  0.164723E-001  0.225937E-001  0.220000E+002  0.200000E+001  0.100000E+001  0.500000E+000  0.300000E+000  0.200000E+001  0.100000E+001  0.100000E+001  0.100000E+002
 -0.222951E+002  0.466532E+001  0.229000E+002 -0.200000E+002 -0.167144E-001  0.250123E-001  0.300830E-001 -0.133079E-001  0.165239E-001  0.212165E-001  0.220000E+002  0.200000E+001  0.100000E+001  0.500000E+000  0.300000E+000  0.200000E+001  0.100000E+001  0.100000E+001  0.100000E+002
 -0.219489E+002  0.473516E+001  0.233000E+002 -0.200000E+002 -0.242557E-001 -0.128694E-001  0.274584E-001 -0.168952E-001 -0.105451E-001  0.199160E-001  0.220000E+002  0.200000E+001  0.100000E+001  0.500000E+000  0.300000E+000  0.200000E+001  0.100000E+001  0.100000E+001  0.100000E+002
 -0.216129E+002  0.480518E+001  0.237000E+002 -0.200000E+002  0.102372E-001 -0.237915E-001  0.259005E-001  0.821838E-002 -0.169655E-001  0.188512E-001  0.220000E+002  0.200000E+001  0.100000E+001  0.500000E+000  0.300000E+000  0.200000E+001  0.100000E+001  0.100000E+001  0.100000E+002
 -0.212865E+002  0.487536E+001  0.241000E+002 -0.200000E+002  0.238437E-001  0.774453E-002  0.250699E-001  0.169409E-001  0.614432E-002  0.180207E-001  0.220000E+002  0.200000E+001  0.100000E+001  0.500000E+000  0.300000E+000  0.200000E+001  0.100000E+001  0.100000E+001  0.100000E+002
 -0.209694E+002  0.494569E+001  0.245000E+002 -0.200000E+002 -0.492626E-002  0.238126E-001  0.243168E-001 -0.415332E-002  0.168135E-001  0.173189E-001  0.220000E+002  0.200000E+001  0.100000E+001  0.500000E+000  0.300000E+000  0.200000E+001  0.100000E+001  0.100000E+001  0.100000E+002
 -0.206612E+002  0.501616E+001  0.249000E+002 -0.200000E+002 -0.232809E-001 -0.206274E-002  0.233721E-001 -0.164993E-001 -0.219997E-002  0.166453E-001  0.220000E+002  0.200000E+001  0.100000E+001  0.500000E+000  0.300000E+000  0.200000E+001  0.100000E+001  0.100000E+001  0.100000E+002
 -0.203616E+002  0.508678E+001  0.253000E+002 -0.200000E+002 -0.552073E-003 -0.223837E-001  0.223905E-001  0.315845E-003 -0.159464E-001  0.159495E-001  0.220000E+002  0.200000E+001  0.100000E+001  0.500000E+000  0.300000E+000  0.200000E+001  0.100000E+001  0.100000E+001  0.100000E+002
 -0.200701E+002  0.515754E+001  0.257000E+002 -0.200000E+002  0.212921E-001 -0.304477E-002  0.215087E-001  0.151305E-001 -0.145350E-002  0.152002E-001  0.220000E+002  0.200000E+001  0.100000E+001  0.500000E+000  0.300000E+000  0.200000E+001  0.100000E+001  0.100000E+001  0.100000E+002
 -0.197866E+002  0.522842E+001  0.261000E+002 -0.200000E+002  0.555513E-002  0.197550E-001  0.205212E-001  0.303372E-002  0.140312E-001  0.143554E-001  0.220000E+002  0.200000E+001  0.100000E+001  0.500000E+000  0.300000E+000  0.200000E+001  0.100000E+001  0.100000E+001  0.100000E+002
 -0.195106E+002  0.529943E+001  0.265000E+002 -0.200000E+002 -0.174472E-001  0.769634E-002  0.190693E-001 -0.126817E-001  0.429819E-002  0.133903E-001  0.220000E+002  0.200000E+001  0.100000E+001  0.500000E+000  0.300000E+000  0.200000E+001  0.100000E+001  0.100000E+001  0.100000E+002
 -0.192420E+002  0.537056E+001  0.269000E+002 -0.200000E+002 -0.879081E-002 -0.146623E-001  0.170957E-001 -0.513925E-002 -0.112355E-001  0.123551E-001  0.220000E+002  0.200000E+001  0.100000E+001  0.500000E+000  0.300000E+000  0.200000E+001  0.100000E+001  0.100000E+001  0.100000E+002
 -0.189803E+002  0.544180E+001  0.273000E+002 -0.200000E+002  0.123194E-001 -0.871297E-002  0.150892E-001  0.991816E-002 -0.559536E-002  0.113876E-001  0.220000E+002  0.200000E+001  0.100000E+001  0.500000E+000  0.300000E+000  0.200000E+001  0.100000E+001  0.100000E+001  0.100000E+002
 -0.187255E+002  0.551315E+001  0.277000E+002 -0.200000E+002  0.826512E-002  0.110920E-001  0.138327E-001  0.587628E-002  0.886126E-002  0.106326E-001  0.220000E+002  0.200000E+001  0.100000E+001  0.500000E+000  0.300000E+000  0.200000E+001  0.100000E+001  0.100000E+001  0.100000E+002
 -0.184772E+002  0.558461E+001  0.281000E+002 -0.200000E+002 -0.106340E-001  0.849063E-002  0.136078E-001 -0.798079E-002  0.621315E-002  0.101142E-001  0.220000E+002  0.200000E+001  0.100000E+001  0.500000E+000  0.300000E+000  0.200000E+001  0.100000E+001  0.100000E+001  0.100000E+002
 -0.182351E+002  0.565617E+001  0.285000E+002 -0.200000E+002 -0.962074E-002 -0.986633E-002  0.137805E-001 -0.666185E-002 -0.704919E-002  0.969904E-002  0.220000E+002  0.200000E+001  0.100000E+001  0.500000E+000  0.300000E+000  0.200000E+001  0.100000E+001  0.100000E+001  0.100000E+002
 -0.179991E+002  0.572783E+001  0.289000E+002 -0.200000E+002  0.806973E-002 -0.108457E-001  0.135185E-001  0.590843E-002 -0.706207E-002  0.920774E-002  0.220000E+002  0.200000E+001  0.100000E+001  0.500000E+000  0.300000E+000  0.200000E+001  0.100000E+001  0.100000E+001  0.100000E+002
 -0.177689E+002  0.579959E+001  0.293000E+002 -0.200000E+002  0.111747E-001  0.558397E-002  0.124922E-001  0.719855E-002  0.461414E-002  0.855041E-002  0.220000E+002  0.200000E+001  0.100000E+001  0.500000E+000  0.300000E+000  0.200000E+001  0.100000E+001  0.100000E+001  0.100000E+002
 -0.175444E+002  0.587144E+001  0.297000E+002 -0.200000E+002 -0.337971E-002  0.104160E-001  0.109506E-001 -0.337332E-002  0.699970E-002  0.777014E-002  0.220000E+002  0.200000E+001  0.100000E+001  0.500000E+000  0.300000E+000  0.200000E+001  0.100000E+001  0.100000E+001  0.100000E+002
 -0.173253E+002  0.594337E+001  0.301000E+002 -0.200000E+002 -0.923678E-002 -0.205460E-002  0.946253E-002 -0.658150E-002 -0.235567E-002  0.699038E-002  0.220000E+002  0.200000E+001  0.100000E+001  0.500000E+000  0.300000E+000  0.200000E+001  0.100000E+001  0.100000E+001  0.100000E+002
 -0.171114E+002  0.601539E+001  0.305000E+002 -0.200000E+002  0.137839E-002 -0.836343E-002  0.847626E-002  0.157460E-002 -0.612131E-002  0.632059E-002  0.220000E+002  0.200000E+001  0.100000E+001  0.500000E+000  0.300000E+000  0.200000E+001  0.100000E+001  0.100000E+001  0.100000E+002
 -0.169026E+002  0.608749E+001  0.309000E+002 -0.200000E+002  0.791406E-002  0.763035E-003  0.795076E-002  0.571567E-002  0.930581E-003  0.579093E-002  0.220000E+002  0.200000E+001  0.100000E+001  0.500000E+000  0.300000E+000  0.200000E+001  0.100000E+001  0.100000E+001  0.100000E+002
 -0.166987E+002  0.615967E+001  0.313000E+002 -0.200000E+002  0.454798E-004  0.754154E-002  0.754168E-002 -0.328843E-003  0.535595E-002  0.536603E-002  0.220000E+002  0.200000E+001  0.100000E+001  0.500000E+000  0.300000E+000  0.200000E+001  0.100000E+001  0.100000E+001  0.100000E+002
 -0.164995E+002  0.623193E+001  0.317000E+002 -0.200000E+002 -0.702507E-002  0.874000E-003  0.707923E-002 -0.499879E-002  0.265392E-003  0.500583E-002  0.220000E+002  0.200000E+001  0.100000E+001  0.500000E+000  0.300000E+000  0.200000E+001  0.100000E+001  0.100000E+001  0.100000E+002
 -0.163049E+002  0.630426E+001  0.321000E+002 -0.200000E+002 -0.158058E-002 -0.649021E-002  0.667990E-002 -0.857598E-003 -0.461659E-002  0.469557E-002  0.220000E+002  0.200000E+001  0.100000E+001  0.500000E+000  0.300000E+000  0.200000E+001  0.100000E+001  0.100000E+001  0.100000E+002
 -0.161147E+002  0.637666E+001  0.325000E+002 -0.200000E+002  0.605202E-002 -0.233428E-002  0.648659E-002  0.418048E-002 -0.145421E-002  0.442619E-002  0.220000E+002  0.200000E+001  0.100000E+001  0.500000E+000  0.300000E+000  0.200000E+001  0.100000E+001  0.100000E+001  0.100000E+002
 -0.159288E+002  0.644913E+001  0.329000E+002 -0.200000E+002  0.332077E-002  0.547980E-002  0.640747E-002  0.203532E-002  0.364082E-002  0.417110E-002  0.220000E+002  0.200000E+001  0.100000E+001  0.500000E+000  0.300000E+000  0.200000E+001  0.100000E+001  0.100000E+001  0.100000E+002
 -0.157470E+002  0.652166E+001  0.333000E+002 -0.200000E+002 -0.442581E-002  0.431830E-002  0.618348E-002 -0.297043E-002  0.252189E-002  0.389659E-002  0.220000E+002  0.200000E+001  0.100000E+001  0.500000E+000  0.300000E+000  0.200000E+001  0.100000E+001  0.100000E+001  0.100000E+002
 -0.155692E+002  0.659426E+001  0.337000E+002 -0.200000E+002 -0.480260E-002 -0.295717E-002  0.564002E-002 -0.281814E-002 -0.223047E-002  0.359401E-002  0.220000E+002  0.200000E+001  0.100000E+001  0.500000E+000  0.300000E+000  0.200000E+001  0.100000E+001  0.100000E+001  0.100000E+002
 -0.153953E+002  0.666693E+001  0.341000E+002 -0.200000E+002  0.165893E-002 -0.454708E-002  0.484025E-002  0.155862E-002 -0.291113E-002  0.330212E-002  0.220000E+002  0.200000E+001  0.100000E+001  0.500000E+000  0.300000E+000  0.200000E+001  0.100000E+001  0.100000E+001  0.100000E+002
 -0.152251E+002  0.673965E+001  0.345000E+002 -0.200000E+002  0.398990E-002  0.107368E-002  0.413184E-002  0.291429E-002  0.105880E-002  0.310067E-002  0.220000E+002  0.200000E+001  0.100000E+001  0.500000E+000  0.300000E+000  0.200000E+001  0.100000E+001  0.100000E+001  0.100000E+002
 -0.150586E+002  0.681243E+001  0.349000E+002 -0.200000E+002 -0.109068E-002  0.385753E-002  0.400875E-002 -0.698356E-003  0.298397E-002  0.306460E-002  0.220000E+002  0.200000E+001  0.100000E+001  0.500000E+000  0.300000E+000  0.200000E+001  0.100000E+001  0.100000E+001  0.100000E+002
 -0.148956E+002  0.688527E+001  0.353000E+002 -0.200000E+002 -0.442067E-002 -0.101769E-002  0.453630E-002 -0.318007E-002 -0.330534E-003  0.319721E-002  0.220000E+002  0.200000E+001  0.100000E+001  0.500000E+000  0.300000E+000  0.200000E+001  0.100000E+001  0.100000E+001  0.100000E+002
 -0.147360E+002  0.695816E+001  0.357000E+002 -0.200000E+002  0.287782E-003 -0.522069E-002  0.522862E-002 -0.170426E-003 -0.341396E-002  0.341821E-002  0.220000E+002  0.200000E+001  0.100000E+001  0.500000E+000  0.300000E+000  0.200000E+001  0.100000E+001  0.100000E+001  0.100000E+002
 -0.145797E+002  0.703110E+001  0.361000E+002 -0.200000E+002  0.557014E-002 -0.984380E-003  0.565645E-002  0.353809E-002 -0.797307E-003  0.362681E-002  0.220000E+002  0.200000E+001  0.100000E+001  0.500000E+000  0.300000E+000  0.200000E+001  0.100000E+001  0.100000E+001  0.100000E+002
 -0.144266E+002  0.710410E+001  0.365000E+002 -0.200000E+002  0.219142E-002  0.524720E-002  0.568643E-002  0.143021E-002  0.348168E-002  0.376399E-002  0.220000E+002  0.200000E+001  0.100000E+001  0.500000E+000  0.300000E+000  0.200000E+001  0.100000E+001  0.100000E+001  0.100000E+002
 -0.142766E+002  0.717714E+001  0.369000E+002 -0.200000E+002 -0.462591E-002  0.289502E-002  0.545712E-002 -0.329702E-002  0.195454E-002  0.383283E-002  0.220000E+002  0.200000E+001  0.100000E+001  0.500000E+000  0.300000E+000  0.200000E+001  0.100000E+001  0.100000E+001  0.100000E+002
 -0.141297E+002  0.725024E+001  0.373000E+002 -0.200000E+002 -0.319373E-002 -0.418252E-002  0.526245E-002 -0.234826E-002 -0.308844E-002  0.387980E-002  0.220000E+002  0.200000E+001  0.100000E+001  0.500000E+000  0.300000E+000  0.200000E+001  0.100000E+001  0.100000E+001  0.100000E+002
 -0.139857E+002  0.732338E+001  0.377000E+002 -0.200000E+002  0.401664E-002 -0.345713E-002  0.529954E-002  0.291860E-002 -0.266461E-002  0.395201E-002  0.220000E+002  0.200000E+001  0.100000E+001  0.500000E+000  0.300000E+000  0.200000E+001  0.100000E+001  0.100000E+001  0.100000E+002
 -0.138445E+002  0.739656E+001  0.381000E+002 -0.200000E+002  0.385245E-002  0.390754E-002  0.548728E-002  0.295913E-002  0.278686E-002  0.406486E-002  0.220000E+002  0.200000E+001  0.100000E+001  0.500000E+000  0.300000E+000  0.200000E+001  0.100000E+001  0.100000E+001  0.100000E+002
 -0.137062E+002  0.746979E+001  0.385000E+002 -0.200000E+002 -0.371511E-002  0.425555E-002  0.564905E-002 -0.267206E-002  0.325385E-002  0.421039E-002  0.220000E+002  0.200000E+001  0.100000E+001  0.500000E+000  0.300000E+000  0.200000E+001  0.100000E+001  0.100000E+001  0.100000E+002
 -0.135705E+002  0.754306E+001  0.389000E+002 -0.200000E+002 -0.456863E-002 -0.354947E-002  0.578542E-002 -0.355872E-002 -0.256274E-002  0.438544E-002  0.220000E+002  0.200000E+001  0.100000E+001  0.500000E+000  0.300000E+000  0.200000E+001  0.100000E+001  0.100000E+001  0.100000E+002
 -0.134374E+002  0.761638E+001  0.393000E+002 -0.200000E+002  0.351579E-002 -0.493866E-002  0.606227E-002  0.243975E-002 -0.389113E-002  0.459274E-002  0.220000E+002  0.200000E+001  0.100000E+001  0.500000E+000  0.300000E+000  0.200000E+001  0.100000E+001  0.100000E+001  0.100000E+002
 -0.133068E+002  0.768973E+001  0.397000E+002 -0.200000E+002  0.555000E-002  0.344155E-002  0.653045E-002  0.425008E-002  0.225756E-002  0.481246E-002  0.220000E+002  0.200000E+001  0.100000E+001  0.500000E+000  0.300000E+000  0.200000E+001  0.100000E+001  0.100000E+001  0.100000E+002
 -0.131787E+002  0.776312E+001  0.401000E+002 -0.200000E+002 -0.301817E-002  0.627818E-002  0.696598E-002 -0.197688E-002  0.458249E-002  0.499072E-002  0.220000E+002  0.200000E+001  0.100000E+001  0.500000E+000  0.300000E+000  0.200000E+001  0.100000E+001  0.100000E+001  0.100000E+002
 -0.130531E+002  0.783656E+001  0.405000E+002 -0.200000E+002 -0.671572E-002 -0.221851E-002  0.707267E-002 -0.480710E-002 -0.162314E-002  0.507373E-002  0.220000E+002  0.200000E+001  0.100000E+001  0.500000E+000  0.300000E+000  0.200000E+001  0.100000E+001  0.100000E+001  0.100000E+002
 -0.129297E+002  0.791002E+001  0.409000E+002 -0.200000E+002  0.144217E-002 -0.661324E-002  0.676866E-002  0.129170E-002 -0.489214E-002  0.505979E-002  0.220000E+002  0.200000E+001  0.100000E+001  0.500000E+000  0.300000E+000  0.200000E+001  0.100000E+001  0.100000E+001  0.100000E+002
 -0.128086E+002  0.798353E+001  0.413000E+002 -0.200000E+002  0.621824E-002  0.114088E-002  0.632204E-002  0.490301E-002  0.107175E-002  0.501878E-002  0.220000E+002  0.200000E+001  0.100000E+001  0.500000E+000  0.300000E+000  0.200000E+001  0.100000E+001  0.100000E+001  0.100000E+002
 -0.126898E+002  0.805707E+001  0.417000E+002 -0.200000E+002 -0.132395E-002  0.606922E-002  0.621195E-002 -0.959783E-003  0.495470E-002  0.504680E-002  0.220000E+002  0.200000E+001  0.100000E+001  0.500000E+000  0.300000E+000  0.200000E+001  0.100000E+001  0.100000E+001  0.100000E+002
 -0.125730E+002  0.813064E+001  0.421000E+002 -0.200000E+002 -0.644305E-002 -0.152466E-002  0.662098E-002 -0.510775E-002 -0.858137E-003  0.517933E-002  0.220000E+002  0.200000E+001  0.100000E+001  0.500000E+000  0.300000E+000  0.200000E+001  0.100000E+001  0.100000E+001  0.100000E+002
 -0.124584E+002  0.820425E+001  0.425000E+002 -0.200000E+002  0.128306E-002 -0.707619E-002  0.719158E-002  0.665876E-003 -0.531432E-002  0.535588E-002  0.220000E+002  0.200000E+001  0.100000E+001  0.500000E+000  0.300000E+000  0.200000E+001  0.100000E+001  0.100000E+001  0.100000E+002
 -0.123458E+002  0.827789E+001  0.429000E+002 -0.200000E+002  0.746594E-002  0.603172E-003  0.749026E-002  0.546913E-002  0.369228E-003  0.548158E-002  0.220000E+002  0.200000E+001  0.100000E+001  0.500000E+000  0.300000E+000  0.200000E+001  0.100000E+001  0.100000E+001  0.100000E+002
 -0.122352E+002  0.835156E+001  0.433000E+002 -0.200000E+002  0.110558E-003  0.739056E-002  0.739138E-002 -0.423170E-004  0.550790E-002  0.550806E-002  0.220000E+002  0.200000E+001  0.100000E+001  0.500000E+000  0.300000E+000  0.200000E+001  0.100000E+001  0.100000E+001  0.100000E+002
 -0.121266E+002  0.842526E+001  0.437000E+002 -0.200000E+002 -0.706812E-002  0.515877E-003  0.708693E-002 -0.545239E-002  0.231026E-003  0.545728E-002  0.220000E+002  0.200000E+001  0.100000E+001  0.500000E+000  0.300000E+000  0.200000E+001  0.100000E+001  0.100000E+001  0.100000E+002
 -0.120198E+002  0.849899E+001  0.441000E+002 -0.200000E+002 -0.641531E-003 -0.683573E-002  0.686576E-002 -0.425046E-003 -0.536924E-002  0.538604E-002  0.220000E+002  0.200000E+001  0.100000E+001  0.500000E+000  0.300000E+000  0.200000E+001  0.100000E+001  0.100000E+001  0.100000E+002
 -0.119149E+002  0.857275E+001  0.445000E+002 -0.200000E+002  0.678397E-002 -0.735000E-003  0.682367E-002  0.530383E-002 -0.568001E-003  0.533416E-002  0.220000E+002  0.200000E+001  0.100000E+001  0.500000E+000  0.300000E+000  0.200000E+001  0.100000E+001  0.100000E+001  0.100000E+002
 -0.118117E+002  0.864654E+001  0.449000E+002 -0.200000E+002  0.916508E-003  0.676531E-002  0.682711E-002  0.693896E-003  0.526078E-002  0.530634E-002  0.220000E+002  0.200000E+001  0.100000E+001  0.500000E+000  0.300000E+000  0.200000E+001  0.100000E+001  0.100000E+001  0.100000E+002
 -0.117103E+002  0.872035E+001  0.453000E+002 -0.200000E+002 -0.668348E-002  0.109180E-002  0.677207E-002 -0.523174E-002  0.817015E-003  0.529515E-002  0.220000E+002  0.200000E+001  0.100000E+001  0.500000E+000  0.300000E+000  0.200000E+001  0.100000E+001  0.100000E+001  0.100000E+002
 -0.116106E+002  0.879419E+001  0.457000E+002 -0.200000E+002 -0.118435E-002 -0.663579E-002  0.674065E-002 -0.948062E-003 -0.521542E-002  0.530089E-002  0.220000E+002  0.200000E+001  0.100000E+001  0.500000E+000  0.300000E+000  0.200000E+001  0.100000E+001  0.100000E+001  0.100000E+002
 -0.115126E+002  0.886806E+001  0.461000E+002 -0.200000E+002  0.672434E-002 -0.131859E-002  0.685241E-002  0.520108E-002 -0.110871E-002  0.531794E-002  0.220000E+002  0.200000E+001  0.100000E+001  0.500000E+000  0.300000E+000  0.200000E+001  0.100000E+001  0.100000E+001  0.100000E+002
 -0.114161E+002  0.894196E+001  0.465000E+002 -0.200000E+002  0.167247E-002  0.682354E-002  0.702551E-002  0.130887E-002  0.515016E-002  0.531388E-002  0.220000E+002  0.200000E+001  0.100000E+001  0.500000E+000  0.300000E+000  0.200000E+001  0.100000E+001  0.100000E+001  0.100000E+002
 -0.113213E+002  0.901587E+001  0.469000E+002 -0.200000E+002 -0.666279E-002  0.218604E-002  0.701224E-002 -0.502031E-002  0.151354E-002  0.524350E-002  0.220000E+002  0.200000E+001  0.100000E+001  0.500000E+000  0.300000E+000  0.200000E+001  0.100000E+001  0.100000E+001  0.100000E+002
 -0.112280E+002  0.908982E+001  0.473000E+002 -0.200000E+002 -0.253793E-002 -0.616298E-002  0.666509E-002 -0.165455E-002 -0.481683E-002  0.509307E-002  0.220000E+002  0.200000E+001  0.100000E+001  0.500000E+000  0.300000E+000  0.200000E+001  0.100000E+001  0.100000E+001  0.100000E+002
 -0.111362E+002  0.916378E+001  0.477000E+002 -0.200000E+002  0.560205E-002 -0.247762E-002  0.612548E-002  0.460776E-002 -0.169201E-002  0.490860E-002  0.220000E+002  0.200000E+001  0.100000E+001  0.500000E+000  0.300000E+000  0.200000E+001  0.100000E+001  0.100000E+001  0.100000E+002
 -0.110459E+002  0.923777E+001  0.481000E+002 -0.200000E+002  0.213539E-002  0.536190E-002  0.577147E-002  0.166225E-002  0.447060E-002  0.476963E-002  0.220000E+002  0.200000E+001  0.100000E+001  0.500000E+000  0.300000E+000  0.200000E+001  0.100000E+001  0.100000E+001  0.100000E+002
 -0.109570E+002  0.931179E+001  0.485000E+002 -0.200000E+002 -0.551967E-002  0.192198E-002  0.584472E-002 -0.441880E-002  0.165266E-002  0.471775E-002  0.220000E+002  0.200000E+001  0.100000E+001  0.500000E+000  0.300000E+000  0.200000E+001  0.100000E+001  0.100000E+001  0.100000E+002
 -0.108695E+002  0.938582E+001  0.489000E+002 -0.200000E+002 -0.210677E-002 -0.575563E-002  0.612909E-002 -0.172212E-002 -0.438697E-002  0.471288E-002  0.220000E+002  0.200000E+001  0.100000E+001  0.500000E+000  0.300000E+000  0.200000E+001  0.100000E+001  0.100000E+001  0.100000E+002
 -0.107834E+002  0.945988E+001  0.493000E+002 -0.200000E+002  0.569010E-002 -0.254749E-002  0.623434E-002  0.429296E-002 -0.184835E-002  0.467395E-002  0.220000E+002  0.200000E+001  0.100000E+001  0.500000E+000  0.300000E+000  0.200000E+001  0.100000E+001  0.100000E+001  0.100000E+002
 -0.106986E+002  0.953396E+001  0.497000E+002 -0.200000E+002  0.286719E-002  0.526597E-002  0.599593E-002  0.195502E-002  0.411233E-002  0.455340E-002  0.220000E+002  0.200000E+001  0.100000E+001  0.500000E+000  0.300000E+000  0.200000E+001  0.100000E+001  0.100000E+001  0.100000E+002
 -0.106151E+002  0.960805E+001  0.501000E+002 -0.200000E+002 -0.475787E-002  0.285543E-002  0.554894E-002 -0.389070E-002  0.198531E-002  0.436795E-002  0.220000E+002  0.200000E+001  0.100000E+001  0.500000E+000  0.300000E+000  0.200000E+001  0.100000E+001  0.100000E+001  0.100000E+002
 -0.105330E+002  0.968217E+001  0.505000E+002 -0.200000E+002 -0.263628E-002 -0.443954E-002  0.516328E-002 -0.194399E-002 -0.369086E-002  0.417151E-002  0.220000E+002  0.200000E+001  0.100000E+001  0.500000E+000  0.300000E+000  0.200000E+001  0.100000E+001  0.100000E+001  0.100000E+002
 -0.104520E+002  0.975631E+001  0.509000E+002 -0.200000E+002  0.432042E-002 -0.245656E-002  0.496998E-002  0.353889E-002 -0.187440E-002  0.400463E-002  0.220000E+002  0.200000E+001  0.100000E+001  0.500000E+000  0.300000E+000  0.200000E+001  0.100000E+001  0.100000E+001  0.100000E+002
 -0.103723E+002  0.983047E+001  0.513000E+002 -0.200000E+002  0.239747E-002  0.422894E-002  0.486125E-002  0.181018E-002  0.342105E-002  0.387044E-002  0.220000E+002  0.200000E+001  0.100000E+001  0.500000E+000  0.300000E+000  0.200000E+001  0.100000E+001  0.100000E+001  0.100000E+002
 -0.102938E+002  0.990464E+001  0.517000E+002 -0.200000E+002 -0.407525E-002  0.235554E-002  0.470705E-002 -0.331689E-002  0.175812E-002  0.375403E-002  0.220000E+002  0.200000E+001  0.100000E+001  0.500000E+000  0.300000E+000  0.200000E+001  0.100000E+001  0.100000E+001  0.100000E+002
 -0.102164E+002  0.997883E+001  0.521000E+002 -0.200000E+002 -0.226021E-002 -0.393577E-002  0.453860E-002 -0.171715E-002 -0.321798E-002  0.364747E-002  0.220000E+002  0.200000E+001  0.100000E+001  0.500000E+000  0.300000E+000  0.200000E+001  0.100000E+001  0.100000E+001  0.100000E+002
 -0.101402E+002  0.100530E+002  0.525000E+002 -0.200000E+002  0.387698E-002 -0.219859E-002  0.445699E-002  0.311481E-002 -0.169253E-002  0.354495E-002  0.220000E+002  0.200000E+001  0.100000E+001  0.500000E+000  0.300000E+000  0.200000E+001  0.100000E+001  0.100000E+001  0.100000E+002
 -0.100651E+002  0.101273E+002  0.529000E+002 -0.200000E+002  0.227254E-002  0.379490E-002  0.442331E-002  0.168047E-002  0.298450E-002  0.342508E-002  0.220000E+002  0.200000E+001  0.100000E+001  0.500000E+000  0.300000E+000  0.200000E+001  0.100000E+001  0.100000E+001  0.100000E+002
 -0.999108E+001  0.102015E+002  0.533000E+002 -0.200000E+002 -0.351930E-002  0.239432E-002  0.425656E-002 -0.281029E-002  0.164955E-002  0.325864E-002  0.220000E+002  0.200000E+001  0.100000E+001  0.500000E+000  0.300000E+000  0.200000E+001  0.100000E+001  0.100000E+001  0.100000E+002
 -0.991814E+001  0.102758E+002  0.537000E+002 -0.200000E+002 -0.232715E-002 -0.306393E-002  0.384751E-002 -0.155764E-002 -0.261357E-002  0.304253E-002  0.220000E+002  0.200000E+001  0.100000E+001  0.500000E+000  0.300000E+000  0.200000E+001  0.100000E+001  0.100000E+001  0.100000E+002
 -0.984625E+001  0.103501E+002  0.541000E+002 -0.200000E+002  0.268303E-002 -0.196051E-002  0.332299E-002  0.245102E-002 -0.139723E-002  0.282130E-002  0.220000E+002  0.200000E+001  0.100000E+001  0.500000E+000  0.300000E+000  0.200000E+001  0.100000E+001  0.100000E+001  0.100000E+002
 -0.977538E+001  0.104244E+002  0.545000E+002 -0.200000E+002  0.148488E-002  0.261901E-002  0.301066E-002  0.121640E-002  0.236580E-002  0.266020E-002  0.220000E+002  0.200000E+001  0.100000E+001  0.500000E+000  0.300000E+000  0.200000E+001  0.100000E+001  0.100000E+001  0.100000E+002
 -0.970552E+001  0.104987E+002  0.549000E+002 -0.200000E+002 -0.282003E-002  0.122442E-002  0.307438E-002 -0.234108E-002  0.108224E-002  0.257913E-002  0.220000E+002  0.200000E+001  0.100000E+001  0.500000E+000  0.300000E+000  0.200000E+001  0.100000E+001  0.100000E+001  0.100000E+002
 -0.963664E+001  0.105730E+002  0.553000E+002 -0.200000E+002 -0.129569E-002 -0.297034E-002  0.324064E-002 -0.101826E-002 -0.231010E-002  0.252456E-002  0.220000E+002  0.200000E+001  0.100000E+001  0.500000E+000  0.300000E+000  0.200000E+001  0.100000E+001  0.100000E+001  0.100000E+002
 -0.956872E+001  0.106473E+002  0.557000E+002 -0.200000E+002  0.281568E-002 -0.148223E-002  0.318199E-002  0.221745E-002 -0.981777E-003  0.242507E-002  0.220000E+002  0.200000E+001  0.100000E+001  0.500000E+000  0.300000E+000  0.200000E+001  0.100000E+001  0.100000E+001  0.100000E+002
 -0.950174E+001  0.107217E+002  0.561000E+002 -0.200000E+002  0.146900E-002  0.241855E-002  0.282972E-002  0.905867E-003  0.206876E-002  0.225840E-002  0.220000E+002  0.200000E+001  0.100000E+001  0.500000E+000  0.300000E+000  0.200000E+001  0.100000E+001  0.100000E+001  0.100000E+002
 -0.943568E+001  0.107961E+002  0.565000E+002 -0.200000E+002 -0.206391E-002  0.116492E-002  0.236997E-002 -0.191919E-002  0.761008E-003  0.206456E-002  0.220000E+002  0.200000E+001  0.100000E+001  0.500000E+000  0.300000E+000  0.200000E+001  0.100000E+001  0.100000E+001  0.100000E+002
 -0.937053E+001  0.108705E+002  0.569000E+002 -0.200000E+002 -0.755694E-003 -0.194554E-002  0.208715E-002 -0.573711E-003 -0.181806E-002  0.190643E-002  0.220000E+002  0.200000E+001  0.100000E+001  0.500000E+000  0.300000E+000  0.200000E+001  0.100000E+001  0.100000E+001  0.100000E+002
 -0.930627E+001  0.109449E+002  0.573000E+002 -0.200000E+002  0.199905E-002 -0.462038E-003  0.205175E-002  0.177042E-002 -0.391071E-003  0.181310E-002  0.220000E+002  0.200000E+001  0.100000E+001  0.500000E+000  0.300000E+000  0.200000E+001  0.100000E+001  0.100000E+001  0.100000E+002
 -0.924287E+001  0.110193E+002  0.577000E+002 -0.200000E+002  0.313599E-003  0.204084E-002  0.206480E-002  0.237464E-003  0.174861E-002  0.176466E-002  0.220000E+002  0.200000E+001  0.100000E+001  0.500000E+000  0.300000E+000  0.200000E+001  0.100000E+001  0.100000E+001  0.100000E+002
 -0.918032E+001  0.110937E+002  0.581000E+002 -0.200000E+002 -0.200007E-002  0.188495E-003  0.200894E-002 -0.172798E-002  0.107766E-003  0.173134E-002  0.220000E+002  0.200000E+001  0.100000E+001  0.500000E+000  0.300000E+000  0.200000E+001  0.100000E+001  0.100000E+001  0.100000E+002
 -0.911861E+001  0.111681E+002  0.585000E+002 -0.200000E+002 -0.181162E-004 -0.195324E-002  0.195332E-002  0.943869E-005 -0.170172E-002  0.170175E-002  0.220000E+002  0.200000E+001  0.100000E+001  0.500000E+000  0.300000E+000  0.200000E+001  0.100000E+001  0.100000E+001  0.100000E+002
 -0.905771E+001  0.112426E+002  0.589000E+002 -0.200000E+002  0.195573E-002  0.131882E-003  0.196017E-002  0.166706E-002  0.117768E-003  0.167121E-002  0.220000E+002  0.200000E+001  0.100000E+001  0.500000E+000  0.300000E+000  0.200000E+001  0.100000E+001  0.100000E+001  0.100000E+002
 -0.899762E+001  0.113170E+002  0.593000E+002 -0.200000E+002 -0.198799E-003  0.192923E-002  0.193944E-002 -0.224455E-003  0.161452E-002  0.163005E-002  0.220000E+002  0.200000E+001  0.100000E+001  0.500000E+000  0.300000E+000  0.200000E+001  0.100000E+001  0.100000E+001  0.100000E+002
 -0.893831E+001  0.113915E+002  0.597000E+002 -0.200000E+002 -0.177106E-002 -0.267710E-003  0.179118E-002 -0.154217E-002 -0.351781E-003  0.158178E-002  0.220000E+002  0.200000E+001  0.100000E+001  0.500000E+000  0.300000E+000  0.200000E+001  0.100000E+001  0.100000E+001  0.100000E+002
 -0.887977E+001  0.114660E+002  0.601000E+002 -0.200000E+002  0.500302E-003 -0.153734E-002  0.161670E-002  0.520878E-003 -0.147459E-002  0.156388E-002  0.220000E+002  0.200000E+001  0.100000E+001  0.500000E+000  0.300000E+000  0.200000E+001  0.100000E+001  0.100000E+001  0.100000E+002
 -0.882199E+001  0.115405E+002  0.605000E+002 -0.200000E+002  0.143422E-002  0.917504E-003  0.170259E-002  0.145190E-002  0.721057E-003  0.162109E-002  0.220000E+002  0.200000E+001  0.100000E+001  0.500000E+000  0.300000E+000  0.200000E+001  0.100000E+001  0.100000E+001  0.100000E+002
 -0.876495E+001  0.116150E+002  0.609000E+002 -0.200000E+002 -0.132001E-002  0.159138E-002  0.206759E-002 -0.906002E-003  0.149028E-002  0.174407E-002  0.220000E+002  0.200000E+001  0.100000E+001  0.500000E+000  0.300000E+000  0.200000E+001  0.100000E+001  0.100000E+001  0.100000E+002
 -0.870863E+001  0.116895E+002  0.613000E+002 -0.200000E+002 -0.188468E-002 -0.147879E-002  0.239559E-002 -0.155710E-002 -0.103211E-002  0.186810E-002  0.220000E+002  0.200000E+001  0.100000E+001  0.500000E+000  0.300000E+000  0.200000E+001  0.100000E+001  0.100000E+001  0.100000E+002
 -0.865303E+001  0.117641E+002  0.617000E+002 -0.200000E+002  0.139094E-002 -0.204007E-002  0.246912E-002  0.110252E-002 -0.159497E-002  0.193894E-002  0.220000E+002  0.200000E+001  0.100000E+001  0.500000E+000  0.300000E+000  0.200000E+001  0.100000E+001  0.100000E+001  0.100000E+002
 -0.859813E+001  0.118386E+002  0.621000E+002 -0.200000E+002  0.191897E-002  0.129778E-002  0.231661E-002  0.157473E-002  0.116768E-002  0.196042E-002  0.220000E+002  0.200000E+001  0.100000E+001  0.500000E+000  0.300000E+000  0.200000E+001  0.100000E+001  0.100000E+001  0.100000E+002
 -0.854392E+001  0.119132E+002  0.625000E+002 -0.200000E+002 -0.143408E-002  0.166206E-002  0.219523E-002 -0.127841E-002  0.152241E-002  0.198798E-002  0.220000E+002  0.200000E+001  0.100000E+001  0.500000E+000  0.300000E+000  0.200000E+001  0.100000E+001  0.100000E+001  0.100000E+002
 -0.849038E+001  0.119877E+002  0.629000E+002 -0.200000E+002 -0.153006E-002 -0.179121E-002  0.235574E-002 -0.149210E-002 -0.144008E-002  0.207369E-002  0.220000E+002  0.200000E+001  0.100000E+001  0.500000E+000  0.300000E+000  0.200000E+001  0.100000E+001  0.100000E+001  0.100000E+002
 -0.843750E+001  0.120623E+002  0.633000E+002 -0.200000E+002  0.215462E-002 -0.163151E-002  0.270263E-002  0.161366E-002 -0.151510E-002  0.221346E-002  0.220000E+002  0.200000E+001  0.100000E+001  0.500000E+000  0.300000E+000  0.200000E+001  0.100000E+001  0.100000E+001  0.100000E+002
 -0.838528E+001  0.121369E+002  0.637000E+002 -0.200000E+002  0.184404E-002  0.234992E-002  0.298708E-002  0.157809E-002  0.175720E-002  0.236180E-002  0.220000E+002  0.200000E+001  0.100000E+001  0.500000E+000  0.300000E+000  0.200000E+001  0.100000E+001  0.100000E+001  0.100000E+002
 -0.833369E+001  0.122115E+002  0.641000E+002 -0.200000E+002 -0.240295E-002  0.198973E-002  0.311980E-002 -0.186025E-002  0.164627E-002  0.248409E-002  0.220000E+002  0.200000E+001  0.100000E+001  0.500000E+000  0.300000E+000  0.200000E+001  0.100000E+001  0.100000E+001  0.100000E+002
 -0.828272E+001  0.122861E+002  0.645000E+002 -0.200000E+002 -0.202952E-002 -0.245135E-002  0.318246E-002 -0.169814E-002 -0.193960E-002  0.257793E-002  0.220000E+002  0.200000E+001  0.100000E+001  0.500000E+000  0.300000E+000  0.200000E+001  0.100000E+001  0.100000E+001  0.100000E+002
 -0.823238E+001  0.123607E+002  0.649000E+002 -0.200000E+002  0.255554E-002 -0.205202E-002  0.327744E-002  0.201271E-002 -0.173394E-002  0.265660E-002  0.220000E+002  0.200000E+001  0.100000E+001  0.500000E+000  0.300000E+000  0.200000E+001  0.100000E+001  0.100000E+001  0.100000E+002
 -0.818263E+001  0.124354E+002  0.653000E+002 -0.200000E+002  0.211079E-002  0.265557E-002  0.339227E-002  0.175898E-002  0.208520E-002  0.272801E-002  0.220000E+002  0.200000E+001  0.100000E+001  0.500000E+000  0.300000E+000  0.200000E+001  0.100000E+001  0.100000E+001  0.100000E+002
 -0.813348E+001  0.125100E+002  0.657000E+002 -0.200000E+002 -0.270458E-002  0.214694E-002  0.345313E-002 -0.216149E-002  0.177292E-002  0.279558E-002  0.220000E+002  0.200000E+001  0.100000E+001  0.500000E+000  0.300000E+000  0.200000E+001  0.100000E+001  0.100000E+001  0.100000E+002
 -0.808492E+001  0.125846E+002  0.661000E+002 -0.200000E+002 -0.209803E-002 -0.277263E-002  0.347695E-002 -0.178015E-002 -0.225365E-002  0.287191E-002  0.220000E+002  0.200000E+001  0.100000E+001  0.500000E+000  0.300000E+000  0.200000E+001  0.100000E+001  0.100000E+001  0.100000E+002
 -0.803692E+001  0.126593E+002  0.665000E+002 -0.200000E+002  0.296326E-002 -0.203129E-002  0.359264E-002  0.236839E-002 -0.180124E-002  0.297552E-002  0.220000E+002  0.200000E+001  0.100000E+001  0.500000E+000  0.300000E+000  0.200000E+001  0.100000E+001  0.100000E+001  0.100000E+002
 -0.798949E+001  0.127340E+002  0.669000E+002 -0.200000E+002  0.209892E-002  0.324748E-002  0.386673E-002  0.185994E-002  0.248764E-002  0.310608E-002  0.220000E+002  0.200000E+001  0.100000E+001  0.500000E+000  0.300000E+000  0.200000E+001  0.100000E+001  0.100000E+001  0.100000E+002
 -0.794261E+001  0.128086E+002  0.673000E+002 -0.200000E+002 -0.344770E-002  0.234836E-002  0.417150E-002 -0.257439E-002  0.195416E-002  0.323206E-002  0.220000E+002  0.200000E+001  0.100000E+001  0.500000E+000  0.300000E+000  0.200000E+001  0.100000E+001  0.100000E+001  0.100000E+002
 -0.789628E+001  0.128833E+002  0.677000E+002 -0.200000E+002 -0.262683E-002 -0.342355E-002  0.431520E-002 -0.204706E-002 -0.260680E-002  0.331450E-002  0.220000E+002  0.200000E+001  0.100000E+001  0.500000E+000  0.300000E+000  0.200000E+001  0.100000E+001  0.100000E+001  0.100000E+002
 -0.785048E+001  0.129580E+002  0.681000E+002 -0.200000E+002  0.324730E-002 -0.272208E-002  0.423730E-002  0.260513E-002 -0.209648E-002  0.334394E-002  0.220000E+002  0.200000E+001  0.100000E+001  0.500000E+000  0.300000E+000  0.200000E+001  0.100000E+001  0.100000E+001  0.100000E+002
 -0.780520E+001  0.130327E+002  0.685000E+002 -0.200000E+002  0.259256E-002  0.314849E-002  0.407852E-002  0.209588E-002  0.261770E-002  0.335337E-002  0.220000E+002  0.200000E+001  0.100000E+001  0.500000E+000  0.300000E+000  0.200000E+001  0.100000E+001  0.100000E+001  0.100000E+002
 -0.776044E+001  0.131074E+002  0.689000E+002 -0.200000E+002 -0.327613E-002  0.241941E-002  0.407267E-002 -0.267644E-002  0.208235E-002  0.339109E-002  0.220000E+002  0.200000E+001  0.100000E+001  0.500000E+000  0.300000E+000  0.200000E+001  0.100000E+001  0.100000E+001  0.100000E+002
 -0.771619E+001  0.131821E+002  0.693000E+002 -0.200000E+002 -0.241537E-002 -0.354665E-002  0.429100E-002 -0.210151E-002 -0.276780E-002  0.347520E-002  0.220000E+002  0.200000E+001  0.100000E+001  0.500000E+000  0.300000E+000  0.200000E+001  0.100000E+001  0.100000E+001  0.100000E+002
 -0.767244E+001  0.132568E+002  0.697000E+002 -0.200000E+002  0.374609E-002 -0.260834E-002  0.456471E-002  0.284876E-002 -0.216590E-002  0.357863E-002  0.220000E+002  0.200000E+001  0.100000E+001  0.500000E+000  0.300000E+000  0.200000E+001  0.100000E+001  0.100000E+001  0.100000E+002
 -0.762918E+001  0.133315E+002  0.701000E+002 -0.200000E+002  0.283903E-002  0.375913E-002  0.471075E-002  0.224904E-002  0.288847E-002  0.366080E-002  0.220000E+002  0.200000E+001  0.100000E+001  0.500000E+000  0.300000E+000  0.200000E+001  0.100000E+001  0.100000E+001  0.100000E+002
 -0.758639E+001  0.134063E+002  0.705000E+002 -0.200000E+002 -0.366235E-002  0.295356E-002  0.470493E-002 -0.289114E-002  0.231610E-002  0.370446E-002  0.220000E+002  0.200000E+001  0.100000E+001  0.500000E+000  0.300000E+000  0.200000E+001  0.100000E+001  0.100000E+001  0.100000E+002
 -0.754409E+001  0.134810E+002  0.709000E+002 -0.200000E+002 -0.295315E-002 -0.359856E-002  0.465518E-002 -0.235407E-002 -0.288183E-002  0.372109E-002  0.220000E+002  0.200000E+001  0.100000E+001  0.500000E+000  0.300000E+000  0.200000E+001  0.100000E+001  0.100000E+001  0.100000E+002
 -0.750225E+001  0.135558E+002  0.713000E+002 -0.200000E+002  0.360968E-002 -0.294146E-002  0.465639E-002  0.287859E-002 -0.237222E-002  0.373011E-002  0.220000E+002  0.200000E+001  0.100000E+001  0.500000E+000  0.300000E+000  0.200000E+001  0.100000E+001  0.100000E+001  0.100000E+002
 -0.746087E+001  0.136305E+002  0.717000E+002 -0.200000E+002  0.296917E-002  0.362952E-002  0.468928E-002  0.238227E-002  0.288371E-002  0.374046E-002  0.220000E+002  0.200000E+001  0.100000E+001  0.500000E+000  0.300000E+000  0.200000E+001  0.100000E+001  0.100000E+001  0.100000E+002
 -0.741994E+001  0.137053E+002  0.721000E+002 -0.200000E+002 -0.361507E-002  0.298641E-002  0.468907E-002 -0.289591E-002  0.238797E-002  0.375349E-002  0.220000E+002  0.200000E+001  0.100000E+001  0.500000E+000  0.300000E+000  0.200000E+001  0.100000E+001  0.100000E+001  0.100000E+002
 -0.737945E+001  0.137801E+002  0.725000E+002 -0.200000E+002 -0.295042E-002 -0.362049E-002  0.467043E-002 -0.239398E-002 -0.291879E-002  0.377498E-002  0.220000E+002  0.200000E+001  0.100000E+001  0.500000E+000  0.300000E+000  0.200000E+001  0.100000E+001  0.100000E+001  0.100000E+002
 -0.733941E+001  0.138548E+002  0.729000E+002 -0.200000E+002  0.370997E-002 -0.292291E-002  0.472306E-002  0.295105E-002 -0.241372E-002  0.381245E-002  0.220000E+002  0.200000E+001  0.100000E+001  0.500000E+000  0.300000E+000  0.200000E+001  0.100000E+001  0.100000E+001  0.100000E+002
 -0.729979E+001  0.139296E+002  0.733000E+002 -0.200000E+002  0.300766E-002  0.383339E-002  0.487246E-002  0.245777E-002  0.297468E-002  0.385867E-002  0.220000E+002  0.200000E+001  0.100000E+001  0.500000E+000  0.300000E+000  0.200000E+001  0.100000E+001  0.100000E+001  0.100000E+002
 -0.726059E+001  0.140044E+002  0.737000E+002 -0.200000E+002 -0.384927E-002  0.319921E-002  0.500518E-002 -0.296473E-002  0.251420E-002  0.388726E-002  0.220000E+002  0.200000E+001  0.100000E+001  0.500000E+000  0.300000E+000  0.200000E+001  0.100000E+001  0.100000E+001  0.100000E+002
 -0.722181E+001  0.140792E+002  0.741000E+002 -0.200000E+002 -0.334707E-002 -0.369006E-002  0.498191E-002 -0.254993E-002 -0.291641E-002  0.387396E-002  0.220000E+002  0.200000E+001  0.100000E+001  0.500000E+000  0.300000E+000  0.200000E+001  0.100000E+001  0.100000E+001  0.100000E+002
 -0.718345E+001  0.141540E+002  0.745000E+002 -0.200000E+002  0.346842E-002 -0.330650E-002  0.479196E-002  0.285795E-002 -0.253964E-002  0.382331E-002  0.220000E+002  0.200000E+001  0.100000E+001  0.500000E+000  0.300000E+000  0.200000E+001  0.100000E+001  0.100000E+001  0.100000E+002
 -0.714548E+001  0.142288E+002  0.749000E+002 -0.200000E+002  0.310872E-002  0.337757E-002  0.459044E-002  0.249366E-002  0.282880E-002  0.377100E-002  0.220000E+002  0.200000E+001  0.100000E+001  0.500000E+000  0.300000E+000  0.200000E+001  0.100000E+001  0.100000E+001  0.100000E+002
 -0.710791E+001  0.143036E+002  0.753000E+002 -0.200000E+002 -0.348608E-002  0.294312E-002  0.456232E-002 -0.284233E-002  0.245181E-002  0.375369E-002  0.220000E+002  0.200000E+001  0.100000E+001  0.500000E+000  0.300000E+000  0.200000E+001  0.100000E+001  0.100000E+001  0.100000E+002
 -0.707073E+001  0.143785E+002  0.757000E+002 -0.200000E+002 -0.296115E-002 -0.366239E-002  0.470973E-002 -0.244671E-002 -0.287249E-002  0.377327E-002  0.220000E+002  0.200000E+001  0.100000E+001  0.500000E+000  0.300000E+000  0.200000E+001  0.100000E+001  0.100000E+001  0.100000E+002
 -0.703394E+001  0.144533E+002  0.761000E+002 -0.200000E+002  0.371714E-002 -0.312259E-002  0.485466E-002  0.287932E-002 -0.247426E-002  0.379637E-002  0.220000E+002  0.200000E+001  0.100000E+001  0.500000E+000  0.300000E+000  0.200000E+001  0.100000E+001  0.100000E+001  0.100000E+002
 -0.699753E+001  0.145281E+002  0.765000E+002 -0.200000E+002  0.325422E-002  0.359829E-002  0.485156E-002  0.250110E-002  0.284588E-002  0.378874E-002  0.220000E+002  0.200000E+001  0.100000E+001  0.500000E+000  0.300000E+000  0.200000E+001  0.100000E+001  0.100000E+001  0.100000E+002
 -0.696149E+001  0.146030E+002  0.769000E+002 -0.200000E+002 -0.342125E-002  0.324109E-002  0.471271E-002 -0.278887E-002  0.249822E-002  0.374418E-002  0.220000E+002  0.200000E+001  0.100000E+001  0.500000E+000  0.300000E+000  0.200000E+001  0.100000E+001  0.100000E+001  0.100000E+002
 -0.692582E+001  0.146778E+002  0.773000E+002 -0.200000E+002 -0.312659E-002 -0.331954E-002  0.456015E-002 -0.246374E-002 -0.273650E-002  0.368218E-002  0.220000E+002  0.200000E+001  0.100000E+001  0.500000E+000  0.300000E+000  0.200000E+001  0.100000E+001  0.100000E+001  0.100000E+002
 -0.689051E+001  0.147527E+002  0.777000E+002 -0.200000E+002  0.330706E-002 -0.302462E-002  0.448163E-002  0.270244E-002 -0.241499E-002  0.362427E-002  0.220000E+002  0.200000E+001  0.100000E+001  0.500000E+000  0.300000E+000  0.200000E+001  0.100000E+001  0.100000E+001  0.100000E+002
 -0.685555E+001  0.148275E+002  0.781000E+002 -0.200000E+002  0.297607E-002  0.330537E-002  0.444775E-002  0.236644E-002  0.268252E-002  0.357715E-002  0.220000E+002  0.200000E+001  0.100000E+001  0.500000E+000  0.300000E+000  0.200000E+001  0.100000E+001  0.100000E+001  0.100000E+002
 -0.682095E+001  0.149024E+002  0.785000E+002 -0.200000E+002 -0.327240E-002  0.292970E-002  0.439224E-002 -0.266964E-002  0.232128E-002  0.353770E-002  0.220000E+002  0.200000E+001  0.100000E+001  0.500000E+000  0.300000E+000  0.200000E+001  0.100000E+001  0.100000E+001  0.100000E+002
 -0.678669E+001  0.149772E+002  0.789000E+002 -0.200000E+002 -0.284949E-002 -0.325198E-002  0.432377E-002 -0.228073E-002 -0.266219E-002  0.350557E-002  0.220000E+002  0.200000E+001  0.100000E+001  0.500000E+000  0.300000E+000  0.200000E+001  0.100000E+001  0.100000E+001  0.100000E+002
 -0.675278E+001  0.150521E+002  0.793000E+002 -0.200000E+002  0.328585E-002 -0.278570E-002  0.430777E-002  0.265634E-002 -0.225095E-002  0.348180E-002  0.220000E+002  0.200000E+001  0.100000E+001  0.500000E+000  0.300000E+000  0.200000E+001  0.100000E+001  0.100000E+001  0.100000E+002
 -0.671920E+001  0.151270E+002  0.797000E+002 -0.200000E+002  0.280511E-002  0.332114E-002  0.434725E-002  0.223374E-002  0.263833E-002  0.345694E-002  0.220000E+002  0.200000E+001  0.100000E+001  0.500000E+000  0.300000E+000  0.200000E+001  0.100000E+001  0.100000E+001  0.100000E+002
 -0.668595E+001  0.152019E+002  0.801000E+002 -0.200000E+002 -0.325500E-002  0.287412E-002  0.434230E-002 -0.259464E-002  0.221423E-002  0.341101E-002  0.220000E+002  0.200000E+001  0.100000E+001  0.500000E+000  0.300000E+000  0.200000E+001  0.100000E+001  0.100000E+001  0.100000E+002
 -0.665302E+001  0.152768E+002  0.805000E+002 -0.200000E+002 -0.286323E-002 -0.307260E-002  0.419987E-002 -0.216743E-002 -0.253152E-002  0.333262E-002  0.220000E+002  0.200000E+001  0.100000E+001  0.500000E+000  0.300000E+000  0.200000E+001  0.100000E+001  0.100000E+001  0.100000E+002
 -0.662042E+001  0.153517E+002  0.809000E+002 -0.200000E+002  0.289857E-002 -0.269009E-002  0.395453E-002  0.247766E-002 -0.208319E-002  0.323705E-002  0.220000E+002  0.200000E+001  0.100000E+001  0.500000E+000  0.300000E+000  0.200000E+001  0.100000E+001  0.100000E+001  0.100000E+002
 -0.658814E+001  0.154266E+002  0.813000E+002 -0.200000E+002  0.243249E-002  0.287706E-002  0.376755E-002  0.198190E-002  0.246015E-002  0.315916E-002  0.220000E+002  0.200000E+001  0.100000E+001  0.500000E+000  0.300000E+000  0.200000E+001  0.100000E+001  0.100000E+001  0.100000E+002
 -0.655616E+001  0.155015E+002  0.817000E+002 -0.200000E+002 -0.300945E-002  0.226315E-002  0.376545E-002 -0.247668E-002  0.189945E-002  0.312119E-002  0.220000E+002  0.200000E+001  0.100000E+001  0.500000E+000  0.300000E+000  0.200000E+001  0.100000E+001  0.100000E+001  0.100000E+002
 -0.652450E+001  0.155764E+002  0.821000E+002 -0.200000E+002 -0.226873E-002 -0.314272E-002  0.387605E-002 -0.185377E-002 -0.249535E-002  0.310858E-002  0.220000E+002  0.200000E+001  0.100000E+001  0.500000E+000  0.300000E+000  0.200000E+001  0.100000E+001  0.100000E+001  0.100000E+002
 -0.649313E+001  0.156513E+002  0.825000E+002 -0.200000E+002  0.312889E-002 -0.235882E-002  0.391842E-002  0.248437E-002 -0.182805E-002  0.308445E-002  0.220000E+002  0.200000E+001  0.100000E+001  0.500000E+000  0.300000E+000  0.200000E+001  0.100000E+001  0.100000E+001  0.100000E+002
 -0.646207E+001  0.157262E+002  0.829000E+002 -0.200000E+002  0.236787E-002  0.297537E-002  0.380258E-002  0.178811E-002  0.244087E-002  0.302575E-002  0.220000E+002  0.200000E+001  0.100000E+001  0.500000E+000  0.300000E+000  0.200000E+001  0.100000E+001  0.100000E+001  0.100000E+002
 -0.643130E+001  0.158011E+002  0.833000E+002 -0.200000E+002 -0.281990E-002  0.222885E-002  0.359438E-002 -0.238986E-002  0.171471E-002  0.294137E-002  0.220000E+002  0.200000E+001  0.100000E+001  0.500000E+000  0.300000E+000  0.200000E+001  0.100000E+001  0.100000E+001  0.100000E+002
 -0.640082E+001  0.158760E+002  0.837000E+002 -0.200000E+002 -0.202228E-002 -0.277236E-002  0.343156E-002 -0.161697E-002 -0.235754E-002  0.285878E-002  0.220000E+002  0.200000E+001  0.100000E+001  0.500000E+000  0.300000E+000  0.200000E+001  0.100000E+001  0.100000E+001  0.100000E+002
 -0.637063E+001  0.159510E+002  0.841000E+002 -0.200000E+002  0.281316E-002 -0.186215E-002  0.337364E-002  0.234976E-002 -0.151706E-002  0.279693E-002  0.220000E+002  0.200000E+001  0.100000E+001  0.500000E+000  0.300000E+000  0.200000E+001  0.100000E+001  0.100000E+001  0.100000E+002
 -0.634072E+001  0.160259E+002  0.845000E+002 -0.200000E+002  0.177089E-002  0.285213E-002  0.335719E-002  0.142807E-002  0.235525E-002  0.275438E-002  0.220000E+002  0.200000E+001  0.100000E+001  0.500000E+000  0.300000E+000  0.200000E+001  0.100000E+001  0.100000E+001  0.100000E+002
 -0.631108E+001  0.161008E+002  0.849000E+002 -0.200000E+002 -0.285161E-002  0.168865E-002  0.331410E-002 -0.236304E-002  0.134913E-002  0.272105E-002  0.220000E+002  0.200000E+001  0.100000E+001  0.500000E+000  0.300000E+000  0.200000E+001  0.100000E+001  0.100000E+001  0.100000E+002
 -0.628173E+001  0.161758E+002  0.853000E+002 -0.200000E+002 -0.158047E-002 -0.285315E-002  0.326165E-002 -0.127664E-002 -0.237014E-002  0.269210E-002  0.220000E+002  0.200000E+001  0.100000E+001  0.500000E+000  0.300000E+000  0.200000E+001  0.100000E+001  0.100000E+001  0.100000E+002
 -0.625264E+001  0.162507E+002  0.857000E+002 -0.200000E+002  0.288869E-002 -0.148652E-002  0.324874E-002  0.237409E-002 -0.121124E-002  0.266522E-002  0.220000E+002  0.200000E+001  0.100000E+001  0.500000E+000  0.300000E+000  0.200000E+001  0.100000E+001  0.100000E+001  0.100000E+002
 -0.622382E+001  0.163257E+002  0.861000E+002 -0.200000E+002  0.144955E-002  0.291190E-002  0.325275E-002  0.115055E-002  0.236690E-002  0.263173E-002  0.220000E+002  0.200000E+001  0.100000E+001  0.500000E+000  0.300000E+000  0.200000E+001  0.100000E+001  0.100000E+001  0.100000E+002
 -0.619526E+001  0.164006E+002  0.865000E+002 -0.200000E+002 -0.285339E-002  0.142615E-002  0.318994E-002 -0.234385E-002  0.108136E-002  0.258127E-002  0.220000E+002  0.200000E+001  0.100000E+001  0.500000E+000  0.300000E+000  0.200000E+001  0.100000E+001  0.100000E+001  0.100000E+002
 -0.616697E+001  0.164756E+002  0.869000E+002 -0.200000E+002 -0.131584E-002 -0.273094E-002  0.303141E-002 -0.988023E-003 -0.231637E-002  0.251829E-002  0.220000E+002  0.200000E+001  0.100000E+001  0.500000E+000  0.300000E+000  0.200000E+001  0.100000E+001  0.100000E+001  0.100000E+002
 -0.613893E+001  0.165506E+002  0.873000E+002 -0.200000E+002  0.266095E-002 -0.108650E-002  0.287422E-002  0.230855E-002 -0.871716E-003  0.246765E-002  0.220000E+002  0.200000E+001  0.100000E+001  0.500000E+000  0.300000E+000  0.200000E+001  0.100000E+001  0.100000E+001  0.100000E+002
 -0.611114E+001  0.166255E+002  0.877000E+002 -0.200000E+002  0.838073E-003  0.273601E-002  0.286149E-002  0.756416E-003  0.233463E-002  0.245411E-002  0.220000E+002  0.200000E+001  0.100000E+001  0.500000E+000  0.300000E+000  0.200000E+001  0.100000E+001  0.100000E+001  0.100000E+002
 -0.608360E+001  0.167005E+002  0.881000E+002 -0.200000E+002 -0.290864E-002  0.710140E-003  0.299408E-002 -0.238125E-002  0.669599E-003  0.247360E-002  0.220000E+002  0.200000E+001  0.100000E+001  0.500000E+000  0.300000E+000  0.200000E+001  0.100000E+001  0.100000E+001  0.100000E+002
 -0.605631E+001  0.167755E+002  0.885000E+002 -0.200000E+002 -0.729638E-003 -0.302756E-002  0.311424E-002 -0.615312E-003 -0.241674E-002  0.249384E-002  0.220000E+002  0.200000E+001  0.100000E+001  0.500000E+000  0.300000E+000  0.200000E+001  0.100000E+001  0.100000E+001  0.100000E+002
 -0.602926E+001  0.168505E+002  0.889000E+002 -0.200000E+002  0.299503E-002 -0.776459E-003  0.309405E-002  0.242037E-002 -0.568984E-003  0.248635E-002  0.220000E+002  0.200000E+001  0.100000E+001  0.500000E+000  0.300000E+000  0.200000E+001  0.100000E+001  0.100000E+001  0.100000E+002
 -0.600245E+001  0.169254E+002  0.893000E+002 -0.200000E+002  0.710318E-003  0.286749E-002  0.295416E-002  0.500716E-003  0.240139E-002  0.245304E-002  0.220000E+002  0.200000E+001  0.100000E+001  0.500000E+000  0.300000E+000  0.200000E+001  0.100000E+001  0.100000E+001  0.100000E+002
 -0.597588E+001  0.170004E+002  0.897000E+002 -0.200000E+002 -0.278696E-002  0.514220E-003  0.283400E-002 -0.238826E-002  0.402660E-003  0.242196E-002  0.220000E+002  0.200000E+001  0.100000E+001  0.500000E+000  0.300000E+000  0.200000E+001  0.100000E+001  0.100000E+001  0.100000E+002
 -0.594954E+001  0.170754E+002  0.901000E+002 -0.200000E+002 -0.295118E-003 -0.282862E-002  0.284397E-002 -0.292625E-003 -0.240098E-002  0.241875E-002  0.220000E+002  0.200000E+001  0.100000E+001  0.500000E+000  0.300000E+000  0.200000E+001  0.100000E+001  0.100000E+001  0.100000E+002
 -0.592343E+001  0.171504E+002  0.905000E+002 -0.200000E+002  0.293954E-002 -0.154767E-003  0.294361E-002  0.243624E-002 -0.193522E-003  0.244391E-002  0.220000E+002  0.200000E+001  0.100000E+001  0.500000E+000  0.300000E+000  0.200000E+001  0.100000E+001  0.100000E+001  0.100000E+002
 -0.589755E+001  0.172254E+002  0.909000E+002 -0.200000E+002  0.901707E-004  0.302397E-002  0.302531E-002  0.113418E-003  0.247723E-002  0.247983E-002  0.220000E+002  0.200000E+001  0.100000E+001  0.500000E+000  0.300000E+000  0.200000E+001  0.100000E+001  0.100000E+001  0.100000E+002
 -0.587189E+001  0.173004E+002  0.913000E+002 -0.200000E+002 -0.305549E-002  0.304142E-004  0.305564E-002 -0.251232E-002  0.456990E-004  0.251273E-002  0.220000E+002  0.200000E+001  0.100000E+001  0.500000E+000  0.300000E+000  0.200000E+001  0.100000E+001  0.100000E+001  0.100000E+002
 -0.584646E+001  0.173754E+002  0.917000E+002 -0.200000E+002  0.579422E-004 -0.308059E-002  0.308114E-002  0.173716E-004 -0.254050E-002  0.254055E-002  0.220000E+002  0.200000E+001  0.100000E+001  0.500000E+000  0.300000E+000  0.200000E+001  0.100000E+001  0.100000E+001  0.100000E+002
 -0.582124E+001  0.174504E+002  0.921000E+002 -0.200000E+002  0.312879E-002  0.139434E-003  0.313190E-002  0.256281E-002  0.778852E-004  0.256399E-002  0.220000E+002  0.200000E+001  0.100000E+001  0.500000E+000  0.300000E+000  0.200000E+001  0.100000E+001  0.100000E+001  0.100000E+002
 -0.579624E+001  0.175254E+002  0.925000E+002 -0.200000E+002 -0.183879E-003  0.316239E-002  0.316773E-002 -0.138641E-003  0.257660E-002  0.258032E-002  0.220000E+002  0.200000E+001  0.100000E+001  0.500000E+000  0.300000E+000  0.200000E+001  0.100000E+001  0.100000E+001  0.100000E+002
 -0.577145E+001  0.176005E+002  0.929000E+002 -0.200000E+002 -0.313644E-002 -0.233230E-003  0.314510E-002 -0.258240E-002 -0.208711E-003  0.259082E-002  0.220000E+002  0.200000E+001  0.100000E+001  0.500000E+000  0.300000E+000  0.200000E+001  0.100000E+001  0.100000E+001  0.100000E+002
 -0.574687E+001  0.176755E+002  0.933000E+002 -0.200000E+002  0.358965E-003 -0.308436E-002  0.310518E-002  0.295456E-003 -0.259224E-002  0.260903E-002  0.220000E+002  0.200000E+001  0.100000E+001  0.500000E+000  0.300000E+000  0.200000E+001  0.100000E+001  0.100000E+001  0.100000E+002
 -0.572250E+001  0.177505E+002  0.937000E+002 -0.200000E+002  0.310268E-002  0.558221E-003  0.315250E-002  0.262305E-002  0.391009E-003  0.265204E-002  0.220000E+002  0.200000E+001  0.100000E+001  0.500000E+000  0.300000E+000  0.200000E+001  0.100000E+001  0.100000E+001  0.100000E+002
 -0.569834E+001  0.178255E+002  0.941000E+002 -0.200000E+002 -0.728748E-003  0.323797E-002  0.331897E-002 -0.473007E-003  0.267817E-002  0.271962E-002  0.220000E+002  0.200000E+001  0.100000E+001  0.500000E+000  0.300000E+000  0.200000E+001  0.100000E+001  0.100000E+001  0.100000E+002
 -0.567437E+001  0.179005E+002  0.945000E+002 -0.200000E+002 -0.341371E-002 -0.771773E-003  0.349987E-002 -0.273849E-002 -0.524322E-003  0.278823E-002  0.220000E+002  0.200000E+001  0.100000E+001  0.500000E+000  0.300000E+000  0.200000E+001  0.100000E+001  0.100000E+001  0.100000E+002
 -0.565061E+001  0.179756E+002  0.949000E+002 -0.200000E+002  0.708650E-003 -0.349814E-002  0.356920E-002  0.552054E-003 -0.277727E-002  0.283160E-002  0.220000E+002  0.200000E+001  0.100000E+001  0.500000E+000  0.300000E+000  0.200000E+001  0.100000E+001  0.100000E+001  0.100000E+002
 -0.562705E+001  0.180506E+002  0.953000E+002 -0.200000E+002  0.344484E-002  0.668893E-003  0.350918E-002  0.278562E-002  0.583341E-003  0.284605E-002  0.220000E+002  0.200000E+001  0.100000E+001  0.500000E+000  0.300000E+000  0.200000E+001  0.100000E+001  0.100000E+001  0.100000E+002
 -0.560368E+001  0.181256E+002  0.957000E+002 -0.200000E+002 -0.755645E-003  0.334437E-002  0.342867E-002 -0.640246E-003  0.278149E-002  0.285423E-002  0.220000E+002  0.200000E+001  0.100000E+001  0.500000E+000  0.300000E+000  0.200000E+001  0.100000E+001  0.100000E+001  0.100000E+002
 -0.558050E+001  0.182007E+002  0.961000E+002 -0.200000E+002 -0.332636E-002 -0.940377E-003  0.345673E-002 -0.279212E-002 -0.719656E-003  0.288337E-002  0.220000E+002  0.200000E+001  0.100000E+001  0.500000E+000  0.300000E+000  0.200000E+001  0.100000E+001  0.100000E+001  0.100000E+002
 -0.555752E+001  0.182757E+002  0.965000E+002 -0.200000E+002  0.110374E-002 -0.342540E-002  0.359883E-002  0.798638E-003 -0.282877E-002  0.293934E-002  0.220000E+002  0.200000E+001  0.100000E+001  0.500000E+000  0.300000E+000  0.200000E+001  0.100000E+001  0.100000E+001  0.100000E+002
 -0.553472E+001  0.183508E+002  0.969000E+002 -0.200000E+002  0.356104E-002  0.116756E-002  0.374756E-002  0.287973E-002  0.857561E-003  0.300470E-002  0.220000E+002  0.200000E+001  0.100000E+001  0.500000E+000  0.300000E+000  0.200000E+001  0.100000E+001  0.100000E+001  0.100000E+002
 -0.551210E+001  0.184258E+002  0.973000E+002 -0.200000E+002 -0.116329E-002  0.364153E-002  0.382282E-002 -0.895535E-003  0.292568E-002  0.305968E-002  0.220000E+002  0.200000E+001  0.100000E+001  0.500000E+000  0.300000E+000  0.200000E+001  0.100000E+001  0.100000E+001  0.100000E+002
 -0.548967E+001  0.185009E+002  0.977000E+002 -0.200000E+002 -0.365881E-002 -0.117021E-002  0.384139E-002 -0.295764E-002 -0.924650E-003  0.309881E-002  0.220000E+002  0.200000E+001  0.100000E+001  0.500000E+000  0.300000E+000  0.200000E+001  0.100000E+001  0.100000E+001  0.100000E+002
 -0.546743E+001  0.185759E+002  0.981000E+002 -0.200000E+002  0.121563E-002 -0.366853E-002  0.386469E-002  0.954667E-003 -0.297883E-002  0.312807E-002  0.220000E+002  0.200000E+001  0.100000E+001  0.500000E+000  0.300000E+000  0.200000E+001  0.100000E+001  0.100000E+001  0.100000E+002
 -0.544536E+001  0.186510E+002  0.985000E+002 -0.200000E+002  0.369976E-002  0.126241E-002  0.390921E-002  0.299420E-002  0.987394E-003  0.315281E-002  0.220000E+002  0.200000E+001  0.100000E+001  0.500000E+000  0.300000E+000  0.200000E+001  0.100000E+001  0.100000E+001  0.100000E+002
 -0.542347E+001  0.187260E+002  0.989000E+002 -0.200000E+002 -0.128483E-002  0.372074E-002  0.393633E-002 -0.102348E-002  0.300457E-002  0.317411E-002  0.220000E+002  0.200000E+001  0.100000E+001  0.500000E+000  0.300000E+000  0.200000E+001  0.100000E+001  0.100000E+001  0.100000E+002
 -0.540175E+001  0.188011E+002  0.993000E+002 -0.200000E+002 -0.370132E-002 -0.131855E-002  0.392916E-002 -0.301238E-002 -0.106731E-002  0.319587E-002  0.220000E+002  0.200000E+001  0.100000E+001  0.500000E+000  0.300000E+000  0.200000E+001  0.100000E+001  0.100000E+001  0.100000E+002
 -0.538020E+001  0.188762E+002  0.997000E+002 -0.200000E+002  0.141127E-002 -0.367836E-002  0.393980E-002  0.112038E-002 -0.302718E-002  0.322785E-002  0.220000E+002  0.200000E+001  0.100000E+001  0.500000E+000  0.300000E+000  0.200000E+001  0.100000E+001  0.100000E+001  0.100000E+002
