 % the field is pss
% Dinn5 settings , t1, t2, t3, t4, tm, tp, eps, step, IntLimit
%   0.250000E+001  0.250000E+001  0.250000E+001  0.280000E+002  0.200000E-001  0.000000E+000  0.100000E-005  0.100000E-001  0.100000E+006
%psi, R, x, z, re(u), im(u), abs(u), re(w), im(w), abs(w), fieldCode, cp(1), cp(2), cs(1), cs(2), rho(1), rho(2), h, w
 -0.893898E+002  0.177001E+001  0.100000E+000 -0.200000E+002 -0.595353E-003 -0.117718E-004  0.595469E-003  0.252944E-005  0.500141E-007  0.252994E-005  0.220000E+002  0.200000E+001  0.100000E+001  0.500000E+000  0.300000E+000  0.200000E+001  0.100000E+001  0.100000E+001  0.100000E+002
 -0.869519E+002  0.177242E+001  0.500000E+000 -0.200000E+002 -0.295273E-002 -0.153083E-003  0.295670E-002  0.627165E-004  0.325151E-005  0.628007E-004  0.220000E+002  0.200000E+001  0.100000E+001  0.500000E+000  0.300000E+000  0.200000E+001  0.100000E+001  0.100000E+001  0.100000E+002
 -0.845249E+002  0.177802E+001  0.900000E+000 -0.200000E+002 -0.519134E-002 -0.660151E-003  0.523315E-002  0.198410E-003  0.252306E-004  0.200007E-003  0.220000E+002  0.200000E+001  0.100000E+001  0.500000E+000  0.300000E+000  0.200000E+001  0.100000E+001  0.100000E+001  0.100000E+002
 -0.821175E+002  0.178679E+001  0.130000E+001 -0.200000E+002 -0.713036E-002 -0.177308E-002  0.734750E-002  0.393427E-003  0.978323E-004  0.405409E-003  0.220000E+002  0.200000E+001  0.100000E+001  0.500000E+000  0.300000E+000  0.200000E+001  0.100000E+001  0.100000E+001  0.100000E+002
 -0.797378E+002  0.179869E+001  0.170000E+001 -0.200000E+002 -0.846432E-002 -0.361207E-002  0.920282E-002  0.610289E-003  0.260435E-003  0.663536E-003  0.220000E+002  0.200000E+001  0.100000E+001  0.500000E+000  0.300000E+000  0.200000E+001  0.100000E+001  0.100000E+001  0.100000E+002
 -0.773933E+002  0.181364E+001  0.210000E+001 -0.200000E+002 -0.877013E-002 -0.606612E-002  0.106636E-001  0.780404E-003  0.539789E-003  0.948896E-003  0.220000E+002  0.200000E+001  0.100000E+001  0.500000E+000  0.300000E+000  0.200000E+001  0.100000E+001  0.100000E+001  0.100000E+002
 -0.750909E+002  0.183157E+001  0.250000E+001 -0.200000E+002 -0.761051E-002 -0.864170E-002  0.115152E-001  0.805307E-003  0.914422E-003  0.121848E-002  0.220000E+002  0.200000E+001  0.100000E+001  0.500000E+000  0.300000E+000  0.200000E+001  0.100000E+001  0.100000E+001  0.100000E+002
 -0.728367E+002  0.185240E+001  0.290000E+001 -0.200000E+002 -0.480282E-002 -0.102853E-001  0.113514E-001  0.588748E-003  0.126081E-002  0.139150E-002  0.220000E+002  0.200000E+001  0.100000E+001  0.500000E+000  0.300000E+000  0.200000E+001  0.100000E+001  0.100000E+001  0.100000E+002
 -0.706360E+002  0.187604E+001  0.330000E+001 -0.200000E+002 -0.100467E-002 -0.904832E-002  0.910392E-002  0.139931E-003  0.126025E-002  0.126799E-002  0.220000E+002  0.200000E+001  0.100000E+001  0.500000E+000  0.300000E+000  0.200000E+001  0.100000E+001  0.100000E+001  0.100000E+002
 -0.684931E+002  0.190237E+001  0.370000E+001 -0.200000E+002  0.640691E-002  0.151344E-002  0.658324E-002 -0.998794E-003 -0.235935E-003  0.102628E-002  0.220000E+002  0.200000E+001  0.100000E+001  0.500000E+000  0.300000E+000  0.200000E+001  0.100000E+001  0.100000E+001  0.100000E+002
 -0.664115E+002  0.193128E+001  0.410000E+001 -0.200000E+002  0.145677E-001  0.980496E-002  0.175601E-001 -0.251167E-002 -0.169050E-002  0.302759E-002  0.220000E+002  0.200000E+001  0.100000E+001  0.500000E+000  0.300000E+000  0.200000E+001  0.100000E+001  0.100000E+001  0.100000E+002
 -0.643939E+002  0.196267E+001  0.450000E+001 -0.200000E+002  0.153806E-001  0.233414E-001  0.279533E-001 -0.290431E-002 -0.440754E-002  0.527839E-002  0.220000E+002  0.200000E+001  0.100000E+001  0.500000E+000  0.300000E+000  0.200000E+001  0.100000E+001  0.100000E+001  0.100000E+002
 -0.624422E+002  0.199642E+001  0.490000E+001 -0.200000E+002  0.627204E-002  0.390469E-001  0.395474E-001 -0.128658E-002 -0.800968E-002  0.811236E-002  0.220000E+002  0.200000E+001  0.100000E+001  0.500000E+000  0.300000E+000  0.200000E+001  0.100000E+001  0.100000E+001  0.100000E+002
 -0.605574E+002  0.203240E+001  0.530000E+001 -0.200000E+002 -0.150134E-001  0.505694E-001  0.527510E-001  0.332255E-002 -0.111913E-001  0.116741E-001  0.220000E+002  0.200000E+001  0.100000E+001  0.500000E+000  0.300000E+000  0.200000E+001  0.100000E+001  0.100000E+001  0.100000E+002
 -0.587402E+002  0.207050E+001  0.570000E+001 -0.200000E+002 -0.465291E-001  0.490709E-001  0.676233E-001  0.110434E-001 -0.116467E-001  0.160500E-001  0.220000E+002  0.200000E+001  0.100000E+001  0.500000E+000  0.300000E+000  0.200000E+001  0.100000E+001  0.100000E+001  0.100000E+002
 -0.569902E+002  0.211061E+001  0.610000E+001 -0.200000E+002 -0.796165E-001  0.264472E-001  0.838943E-001  0.201616E-001 -0.669733E-002  0.212448E-001  0.220000E+002  0.200000E+001  0.100000E+001  0.500000E+000  0.300000E+000  0.200000E+001  0.100000E+001  0.100000E+001  0.100000E+002
 -0.553071E+002  0.215262E+001  0.650000E+001 -0.200000E+002 -0.990301E-001 -0.192300E-001  0.100880E+000  0.266355E-001  0.517218E-002  0.271330E-001  0.220000E+002  0.200000E+001  0.100000E+001  0.500000E+000  0.300000E+000  0.200000E+001  0.100000E+001  0.100000E+001  0.100000E+002
 -0.536897E+002  0.219641E+001  0.690000E+001 -0.200000E+002 -0.876936E-001 -0.782499E-001  0.117530E+000  0.249508E-001  0.222639E-001  0.334399E-001  0.220000E+002  0.200000E+001  0.100000E+001  0.500000E+000  0.300000E+000  0.200000E+001  0.100000E+001  0.100000E+001  0.100000E+002
 -0.521367E+002  0.224188E+001  0.730000E+001 -0.200000E+002 -0.360837E-001 -0.128061E+000  0.133047E+000  0.108215E-001  0.384052E-001  0.399007E-001  0.220000E+002  0.200000E+001  0.100000E+001  0.500000E+000  0.300000E+000  0.200000E+001  0.100000E+001  0.100000E+001  0.100000E+002
 -0.506465E+002  0.228893E+001  0.770000E+001 -0.200000E+002  0.473380E-001 -0.145552E+000  0.153056E+000 -0.149152E-001  0.458604E-001  0.482249E-001  0.220000E+002  0.200000E+001  0.100000E+001  0.500000E+000  0.300000E+000  0.200000E+001  0.100000E+001  0.100000E+001  0.100000E+002
 -0.492173E+002  0.233747E+001  0.810000E+001 -0.200000E+002  0.121528E+000 -0.987297E-001  0.156578E+000 -0.401108E-001  0.325861E-001  0.516791E-001  0.220000E+002  0.200000E+001  0.100000E+001  0.500000E+000  0.300000E+000  0.200000E+001  0.100000E+001  0.100000E+001  0.100000E+002
 -0.478470E+002  0.238740E+001  0.850000E+001 -0.200000E+002  0.155904E+000 -0.380998E-002  0.155951E+000 -0.537569E-001  0.131371E-002  0.537730E-001  0.220000E+002  0.200000E+001  0.100000E+001  0.500000E+000  0.300000E+000  0.200000E+001  0.100000E+001  0.100000E+001  0.100000E+002
 -0.465336E+002  0.243864E+001  0.890000E+001 -0.200000E+002  0.117421E+000  0.971652E-001  0.152410E+000 -0.421930E-001 -0.349146E-001  0.547657E-001  0.220000E+002  0.200000E+001  0.100000E+001  0.500000E+000  0.300000E+000  0.200000E+001  0.100000E+001  0.100000E+001  0.100000E+002
 -0.452749E+002  0.249111E+001  0.930000E+001 -0.200000E+002  0.163069E-001  0.146241E+000  0.147147E+000 -0.609245E-002 -0.546374E-001  0.549761E-001  0.220000E+002  0.200000E+001  0.100000E+001  0.500000E+000  0.300000E+000  0.200000E+001  0.100000E+001  0.100000E+001  0.100000E+002
 -0.440687E+002  0.254473E+001  0.970000E+001 -0.200000E+002 -0.914736E-001  0.107330E+000  0.141022E+000  0.354587E-001 -0.416053E-001  0.546656E-001  0.220000E+002  0.200000E+001  0.100000E+001  0.500000E+000  0.300000E+000  0.200000E+001  0.100000E+001  0.100000E+001  0.100000E+002
 -0.429127E+002  0.259943E+001  0.101000E+002 -0.200000E+002 -0.134576E+000  0.507611E-003  0.134577E+000  0.540186E-001 -0.203754E-003  0.540190E-001  0.220000E+002  0.200000E+001  0.100000E+001  0.500000E+000  0.300000E+000  0.200000E+001  0.100000E+001  0.100000E+001  0.100000E+002
 -0.418048E+002  0.265515E+001  0.105000E+002 -0.200000E+002 -0.798242E-001 -0.100226E+000  0.128129E+000  0.331174E-001  0.415817E-001  0.531583E-001  0.220000E+002  0.200000E+001  0.100000E+001  0.500000E+000  0.300000E+000  0.200000E+001  0.100000E+001  0.100000E+001  0.100000E+002
 -0.407428E+002  0.271182E+001  0.109000E+002 -0.200000E+002  0.321623E-001 -0.117532E+000  0.121853E+000 -0.137678E-001  0.503121E-001  0.521619E-001  0.220000E+002  0.200000E+001  0.100000E+001  0.500000E+000  0.300000E+000  0.200000E+001  0.100000E+001  0.100000E+001  0.100000E+002
 -0.397247E+002  0.276938E+001  0.113000E+002 -0.200000E+002  0.109624E+000 -0.374298E-001  0.115838E+000 -0.483403E-001  0.165052E-001  0.510804E-001  0.220000E+002  0.200000E+001  0.100000E+001  0.500000E+000  0.300000E+000  0.200000E+001  0.100000E+001  0.100000E+001  0.100000E+002
 -0.387483E+002  0.282778E+001  0.117000E+002 -0.200000E+002  0.857494E-001  0.690987E-001  0.110125E+000 -0.388912E-001 -0.313394E-001  0.499468E-001  0.220000E+002  0.200000E+001  0.100000E+001  0.500000E+000  0.300000E+000  0.200000E+001  0.100000E+001  0.100000E+001  0.100000E+002
 -0.378117E+002  0.288697E+001  0.121000E+002 -0.200000E+002 -0.151701E-001  0.103624E+000  0.104729E+000  0.706633E-002 -0.482690E-001  0.487835E-001  0.220000E+002  0.200000E+001  0.100000E+001  0.500000E+000  0.300000E+000  0.200000E+001  0.100000E+001  0.100000E+001  0.100000E+002
 -0.369129E+002  0.294690E+001  0.125000E+002 -0.200000E+002 -0.933001E-001  0.349958E-001  0.996474E-001  0.445732E-001 -0.167189E-001  0.476056E-001  0.220000E+002  0.200000E+001  0.100000E+001  0.500000E+000  0.300000E+000  0.200000E+001  0.100000E+001  0.100000E+001  0.100000E+002
 -0.360502E+002  0.300753E+001  0.129000E+002 -0.200000E+002 -0.703945E-001 -0.636015E-001  0.948711E-001  0.344466E-001  0.311225E-001  0.464239E-001  0.220000E+002  0.200000E+001  0.100000E+001  0.500000E+000  0.300000E+000  0.200000E+001  0.100000E+001  0.100000E+001  0.100000E+002
 -0.352217E+002  0.306881E+001  0.133000E+002 -0.200000E+002  0.252374E-001 -0.867909E-001  0.903858E-001 -0.126335E-001  0.434465E-001  0.452461E-001  0.220000E+002  0.200000E+001  0.100000E+001  0.500000E+000  0.300000E+000  0.200000E+001  0.100000E+001  0.100000E+001  0.100000E+002
 -0.344259E+002  0.313071E+001  0.137000E+002 -0.200000E+002  0.852727E-001 -0.124357E-001  0.861747E-001 -0.436161E-001  0.636071E-002  0.440775E-001  0.220000E+002  0.200000E+001  0.100000E+001  0.500000E+000  0.300000E+000  0.200000E+001  0.100000E+001  0.100000E+001  0.100000E+002
 -0.336610E+002  0.319318E+001  0.141000E+002 -0.200000E+002  0.429764E-001  0.700943E-001  0.822203E-001 -0.224352E-001 -0.365918E-001  0.429220E-001  0.220000E+002  0.200000E+001  0.100000E+001  0.500000E+000  0.300000E+000  0.200000E+001  0.100000E+001  0.100000E+001  0.100000E+002
 -0.329256E+002  0.325621E+001  0.145000E+002 -0.200000E+002 -0.466859E-001  0.631146E-001  0.785049E-001  0.248473E-001 -0.335911E-001  0.417822E-001  0.220000E+002  0.200000E+001  0.100000E+001  0.500000E+000  0.300000E+000  0.200000E+001  0.100000E+001  0.100000E+001  0.100000E+002
 -0.322183E+002  0.331975E+001  0.149000E+002 -0.200000E+002 -0.722328E-001 -0.202267E-001  0.750113E-001  0.391537E-001  0.109638E-001  0.406598E-001  0.220000E+002  0.200000E+001  0.100000E+001  0.500000E+000  0.300000E+000  0.200000E+001  0.100000E+001  0.100000E+001  0.100000E+002
 -0.315376E+002  0.338378E+001  0.153000E+002 -0.200000E+002 -0.515513E-002 -0.715374E-001  0.717229E-001  0.284311E-002  0.394536E-001  0.395559E-001  0.220000E+002  0.200000E+001  0.100000E+001  0.500000E+000  0.300000E+000  0.200000E+001  0.100000E+001  0.100000E+001  0.100000E+002
 -0.308823E+002  0.344826E+001  0.157000E+002 -0.200000E+002  0.632300E-001 -0.266689E-001  0.686241E-001 -0.354473E-001  0.149508E-001  0.384713E-001  0.220000E+002  0.200000E+001  0.100000E+001  0.500000E+000  0.300000E+000  0.200000E+001  0.100000E+001  0.100000E+001  0.100000E+002
 -0.302511E+002  0.351318E+001  0.161000E+002 -0.200000E+002  0.428073E-001  0.498403E-001  0.657003E-001 -0.243721E-001 -0.283763E-001  0.374061E-001  0.220000E+002  0.200000E+001  0.100000E+001  0.500000E+000  0.300000E+000  0.200000E+001  0.100000E+001  0.100000E+001  0.100000E+002
 -0.296429E+002  0.357852E+001  0.165000E+002 -0.200000E+002 -0.337701E-001  0.531108E-001  0.629379E-001  0.195097E-001 -0.306833E-001  0.363606E-001  0.220000E+002  0.200000E+001  0.100000E+001  0.500000E+000  0.300000E+000  0.200000E+001  0.100000E+001  0.100000E+001  0.100000E+002
 -0.290566E+002  0.364424E+001  0.169000E+002 -0.200000E+002 -0.578695E-001 -0.170347E-001  0.603246E-001  0.338966E-001  0.997793E-002  0.353347E-001  0.220000E+002  0.200000E+001  0.100000E+001  0.500000E+000  0.300000E+000  0.200000E+001  0.100000E+001  0.100000E+001  0.100000E+002
 -0.284911E+002  0.371033E+001  0.173000E+002 -0.200000E+002  0.115735E-002 -0.578375E-001  0.578491E-001 -0.686787E-003  0.343215E-001  0.343284E-001  0.220000E+002  0.200000E+001  0.100000E+001  0.500000E+000  0.300000E+000  0.200000E+001  0.100000E+001  0.100000E+001  0.100000E+002
 -0.279455E+002  0.377677E+001  0.177000E+002 -0.200000E+002  0.539971E-001 -0.128325E-001  0.555010E-001 -0.324381E-001  0.770894E-002  0.333415E-001  0.220000E+002  0.200000E+001  0.100000E+001  0.500000E+000  0.300000E+000  0.200000E+001  0.100000E+001  0.100000E+001  0.100000E+002
 -0.274188E+002  0.384353E+001  0.181000E+002 -0.200000E+002  0.243410E-001  0.473847E-001  0.532710E-001 -0.147927E-001 -0.287970E-001  0.323742E-001  0.220000E+002  0.200000E+001  0.100000E+001  0.500000E+000  0.300000E+000  0.200000E+001  0.100000E+001  0.100000E+001  0.100000E+002
 -0.269101E+002  0.391062E+001  0.185000E+002 -0.200000E+002 -0.389762E-001  0.331249E-001  0.511508E-001  0.239464E-001 -0.203515E-001  0.314263E-001  0.220000E+002  0.200000E+001  0.100000E+001  0.500000E+000  0.300000E+000  0.200000E+001  0.100000E+001  0.100000E+001  0.100000E+002
 -0.264186E+002  0.397800E+001  0.189000E+002 -0.200000E+002 -0.392002E-001 -0.296203E-001  0.491327E-001  0.243325E-001  0.183861E-001  0.304979E-001  0.220000E+002  0.200000E+001  0.100000E+001  0.500000E+000  0.300000E+000  0.200000E+001  0.100000E+001  0.100000E+001  0.100000E+002
 -0.259435E+002  0.404566E+001  0.193000E+002 -0.200000E+002  0.200100E-001 -0.427595E-001  0.472099E-001 -0.125413E-001  0.267997E-001  0.295890E-001  0.220000E+002  0.200000E+001  0.100000E+001  0.500000E+000  0.300000E+000  0.200000E+001  0.100000E+001  0.100000E+001  0.100000E+002
 -0.254840E+002  0.411359E+001  0.197000E+002 -0.200000E+002  0.441022E-001  0.106776E-001  0.453764E-001 -0.278938E-001 -0.675339E-002  0.286997E-001  0.220000E+002  0.200000E+001  0.100000E+001  0.500000E+000  0.300000E+000  0.200000E+001  0.100000E+001  0.100000E+001  0.100000E+002
 -0.250395E+002  0.418178E+001  0.201000E+002 -0.200000E+002 -0.200639E-002  0.435803E-001  0.436265E-001  0.127992E-002 -0.278008E-001  0.278302E-001  0.220000E+002  0.200000E+001  0.100000E+001  0.500000E+000  0.300000E+000  0.200000E+001  0.100000E+001  0.100000E+001  0.100000E+002
 -0.246093E+002  0.425021E+001  0.205000E+002 -0.200000E+002 -0.415593E-001  0.575018E-002  0.419553E-001  0.267261E-001 -0.369784E-002  0.269807E-001  0.220000E+002  0.200000E+001  0.100000E+001  0.500000E+000  0.300000E+000  0.200000E+001  0.100000E+001  0.100000E+001  0.100000E+002
 -0.241928E+002  0.431888E+001  0.209000E+002 -0.200000E+002 -0.124456E-001 -0.383913E-001  0.403582E-001  0.806445E-002  0.248767E-001  0.261512E-001  0.220000E+002  0.200000E+001  0.100000E+001  0.500000E+000  0.300000E+000  0.200000E+001  0.100000E+001  0.100000E+001  0.100000E+002
 -0.237893E+002  0.438776E+001  0.213000E+002 -0.200000E+002  0.343981E-001 -0.180177E-001  0.388312E-001 -0.224487E-001  0.117586E-001  0.253419E-001  0.220000E+002  0.200000E+001  0.100000E+001  0.500000E+000  0.300000E+000  0.200000E+001  0.100000E+001  0.100000E+001  0.100000E+002
 -0.233983E+002  0.445686E+001  0.217000E+002 -0.200000E+002  0.224676E-001  0.298625E-001  0.373706E-001 -0.147615E-001 -0.196200E-001  0.245529E-001  0.220000E+002  0.200000E+001  0.100000E+001  0.500000E+000  0.300000E+000  0.200000E+001  0.100000E+001  0.100000E+001  0.100000E+002
 -0.230193E+002  0.452615E+001  0.221000E+002 -0.200000E+002 -0.250247E-001  0.258421E-001  0.359729E-001  0.165457E-001 -0.170861E-001  0.237843E-001  0.220000E+002  0.200000E+001  0.100000E+001  0.500000E+000  0.300000E+000  0.200000E+001  0.100000E+001  0.100000E+001  0.100000E+002
 -0.226517E+002  0.459564E+001  0.225000E+002 -0.200000E+002 -0.282183E-001 -0.200824E-001  0.346349E-001  0.187685E-001  0.133572E-001  0.230363E-001  0.220000E+002  0.200000E+001  0.100000E+001  0.500000E+000  0.300000E+000  0.200000E+001  0.100000E+001  0.100000E+001  0.100000E+002
 -0.222951E+002  0.466532E+001  0.229000E+002 -0.200000E+002  0.151938E-001 -0.296922E-001  0.333539E-001 -0.101624E-001  0.198596E-001  0.223087E-001  0.220000E+002  0.200000E+001  0.100000E+001  0.500000E+000  0.300000E+000  0.200000E+001  0.100000E+001  0.100000E+001  0.100000E+002
 -0.219489E+002  0.473516E+001  0.233000E+002 -0.200000E+002  0.303693E-001  0.104808E-001  0.321270E-001 -0.204198E-001 -0.704711E-002  0.216016E-001  0.220000E+002  0.200000E+001  0.100000E+001  0.500000E+000  0.300000E+000  0.200000E+001  0.100000E+001  0.100000E+001  0.100000E+002
 -0.216129E+002  0.480518E+001  0.237000E+002 -0.200000E+002 -0.603432E-002  0.303579E-001  0.309518E-001  0.407755E-002 -0.205136E-001  0.209149E-001  0.220000E+002  0.200000E+001  0.100000E+001  0.500000E+000  0.300000E+000  0.200000E+001  0.100000E+001  0.100000E+001  0.100000E+002
 -0.212865E+002  0.487536E+001  0.241000E+002 -0.200000E+002 -0.297641E-001 -0.191836E-002  0.298259E-001  0.202066E-001  0.130236E-002  0.202486E-001  0.220000E+002  0.200000E+001  0.100000E+001  0.500000E+000  0.300000E+000  0.200000E+001  0.100000E+001  0.100000E+001  0.100000E+002
 -0.209694E+002  0.494569E+001  0.245000E+002 -0.200000E+002 -0.182518E-002 -0.286891E-001  0.287471E-001  0.124457E-002  0.195628E-001  0.196023E-001  0.220000E+002  0.200000E+001  0.100000E+001  0.500000E+000  0.300000E+000  0.200000E+001  0.100000E+001  0.100000E+001  0.100000E+002
 -0.206612E+002  0.501616E+001  0.249000E+002 -0.200000E+002  0.272263E-001 -0.517246E-002  0.277133E-001 -0.186426E-001  0.354173E-002  0.189761E-001  0.220000E+002  0.200000E+001  0.100000E+001  0.500000E+000  0.300000E+000  0.200000E+001  0.100000E+001  0.100000E+001  0.100000E+002
 -0.203616E+002  0.508678E+001  0.253000E+002 -0.200000E+002  0.811412E-002  0.254608E-001  0.267225E-001 -0.557777E-002 -0.175022E-001  0.183695E-001  0.220000E+002  0.200000E+001  0.100000E+001  0.500000E+000  0.300000E+000  0.200000E+001  0.100000E+001  0.100000E+001  0.100000E+002
 -0.200701E+002  0.515754E+001  0.257000E+002 -0.200000E+002 -0.234686E-001  0.106521E-001  0.257729E-001  0.161924E-001 -0.734952E-002  0.177823E-001  0.220000E+002  0.200000E+001  0.100000E+001  0.500000E+000  0.300000E+000  0.200000E+001  0.100000E+001  0.100000E+001  0.100000E+002
 -0.197866E+002  0.522842E+001  0.261000E+002 -0.200000E+002 -0.127968E-001 -0.213164E-001  0.248626E-001  0.886017E-002  0.147589E-001  0.172142E-001  0.220000E+002  0.200000E+001  0.100000E+001  0.500000E+000  0.300000E+000  0.200000E+001  0.100000E+001  0.100000E+001  0.100000E+002
 -0.195106E+002  0.529943E+001  0.265000E+002 -0.200000E+002  0.190624E-001 -0.145650E-001  0.239899E-001 -0.132419E-001  0.101177E-001  0.166648E-001  0.220000E+002  0.200000E+001  0.100000E+001  0.500000E+000  0.300000E+000  0.200000E+001  0.100000E+001  0.100000E+001  0.100000E+002
 -0.192420E+002  0.537056E+001  0.269000E+002 -0.200000E+002  0.159781E-001  0.167563E-001  0.231532E-001 -0.111339E-001 -0.116762E-001  0.161338E-001  0.220000E+002  0.200000E+001  0.100000E+001  0.500000E+000  0.300000E+000  0.200000E+001  0.100000E+001  0.100000E+001  0.100000E+002
 -0.189803E+002  0.544180E+001  0.273000E+002 -0.200000E+002 -0.144403E-001  0.170601E-001  0.223510E-001  0.100921E-001 -0.119230E-001  0.156207E-001  0.220000E+002  0.200000E+001  0.100000E+001  0.500000E+000  0.300000E+000  0.200000E+001  0.100000E+001  0.100000E+001  0.100000E+002
 -0.187255E+002  0.551315E+001  0.277000E+002 -0.200000E+002 -0.178371E-001 -0.121494E-001  0.215817E-001  0.125008E-001  0.851474E-002  0.151252E-001  0.220000E+002  0.200000E+001  0.100000E+001  0.500000E+000  0.300000E+000  0.200000E+001  0.100000E+001  0.100000E+001  0.100000E+002
 -0.184772E+002  0.558461E+001  0.281000E+002 -0.200000E+002  0.991269E-002 -0.183360E-001  0.208440E-001 -0.696551E-002  0.128844E-001  0.146468E-001  0.220000E+002  0.200000E+001  0.100000E+001  0.500000E+000  0.300000E+000  0.200000E+001  0.100000E+001  0.100000E+001  0.100000E+002
 -0.182351E+002  0.565617E+001  0.285000E+002 -0.200000E+002  0.185838E-001  0.775341E-002  0.201363E-001 -0.130912E-001 -0.546185E-002  0.141849E-001  0.220000E+002  0.200000E+001  0.100000E+001  0.500000E+000  0.300000E+000  0.200000E+001  0.100000E+001  0.100000E+001  0.100000E+002
 -0.179991E+002  0.572783E+001  0.289000E+002 -0.200000E+002 -0.569003E-002  0.186070E-001  0.194576E-001  0.401782E-002 -0.131387E-001  0.137393E-001  0.220000E+002  0.200000E+001  0.100000E+001  0.500000E+000  0.300000E+000  0.200000E+001  0.100000E+001  0.100000E+001  0.100000E+002
 -0.177689E+002  0.579959E+001  0.293000E+002 -0.200000E+002 -0.184314E-001 -0.373681E-002  0.188064E-001  0.130439E-001  0.264455E-002  0.133093E-001  0.220000E+002  0.200000E+001  0.100000E+001  0.500000E+000  0.300000E+000  0.200000E+001  0.100000E+001  0.100000E+001  0.100000E+002
 -0.175444E+002  0.587144E+001  0.297000E+002 -0.200000E+002  0.190428E-002 -0.180815E-001  0.181815E-001 -0.135054E-002  0.128237E-001  0.128946E-001  0.220000E+002  0.200000E+001  0.100000E+001  0.500000E+000  0.300000E+000  0.200000E+001  0.100000E+001  0.100000E+001  0.100000E+002
 -0.173253E+002  0.594337E+001  0.301000E+002 -0.200000E+002  0.175808E-001  0.199790E-003  0.175819E-001 -0.124938E-001 -0.141981E-003  0.124946E-001  0.220000E+002  0.200000E+001  0.100000E+001  0.500000E+000  0.300000E+000  0.200000E+001  0.100000E+001  0.100000E+001  0.100000E+002
 -0.171114E+002  0.601539E+001  0.305000E+002 -0.200000E+002  0.137193E-002  0.169510E-001  0.170064E-001 -0.976836E-003 -0.120694E-001  0.121089E-001  0.220000E+002  0.200000E+001  0.100000E+001  0.500000E+000  0.300000E+000  0.200000E+001  0.100000E+001  0.100000E+001  0.100000E+002
 -0.169026E+002  0.608749E+001  0.309000E+002 -0.200000E+002 -0.162125E-001  0.280849E-002  0.164540E-001  0.115647E-001 -0.200335E-002  0.117370E-001  0.220000E+002  0.200000E+001  0.100000E+001  0.500000E+000  0.300000E+000  0.200000E+001  0.100000E+001  0.100000E+001  0.100000E+002
 -0.166987E+002  0.615967E+001  0.313000E+002 -0.200000E+002 -0.410938E-002 -0.153842E-001  0.159236E-001  0.293641E-002  0.109930E-001  0.113784E-001  0.220000E+002  0.200000E+001  0.100000E+001  0.500000E+000  0.300000E+000  0.200000E+001  0.100000E+001  0.100000E+001  0.100000E+002
 -0.164995E+002  0.623193E+001  0.317000E+002 -0.200000E+002  0.144834E-001 -0.527565E-002  0.154143E-001 -0.103664E-001  0.377602E-002  0.110327E-001  0.220000E+002  0.200000E+001  0.100000E+001  0.500000E+000  0.300000E+000  0.200000E+001  0.100000E+001  0.100000E+001  0.100000E+002
 -0.163049E+002  0.630426E+001  0.321000E+002 -0.200000E+002  0.630976E-002  0.135258E-001  0.149252E-001 -0.452330E-002 -0.969628E-002  0.106994E-001  0.220000E+002  0.200000E+001  0.100000E+001  0.500000E+000  0.300000E+000  0.200000E+001  0.100000E+001  0.100000E+001  0.100000E+002
 -0.161147E+002  0.637666E+001  0.325000E+002 -0.200000E+002 -0.125259E-001  0.721507E-002  0.144553E-001  0.899294E-002 -0.518005E-002  0.103782E-001  0.220000E+002  0.200000E+001  0.100000E+001  0.500000E+000  0.300000E+000  0.200000E+001  0.100000E+001  0.100000E+001  0.100000E+002
 -0.159288E+002  0.644913E+001  0.329000E+002 -0.200000E+002 -0.799593E-002 -0.114966E-001  0.140038E-001  0.574890E-002  0.826579E-002  0.100684E-001  0.220000E+002  0.200000E+001  0.100000E+001  0.500000E+000  0.300000E+000  0.200000E+001  0.100000E+001  0.100000E+001  0.100000E+002
 -0.157470E+002  0.652166E+001  0.333000E+002 -0.200000E+002  0.104496E-001 -0.865730E-002  0.135700E-001 -0.752332E-002  0.623291E-002  0.976982E-002  0.220000E+002  0.200000E+001  0.100000E+001  0.500000E+000  0.300000E+000  0.200000E+001  0.100000E+001  0.100000E+001  0.100000E+002
 -0.155692E+002  0.659426E+001  0.337000E+002 -0.200000E+002  0.920462E-002  0.939546E-002  0.131529E-001 -0.663560E-002 -0.677318E-002  0.948193E-002  0.220000E+002  0.200000E+001  0.100000E+001  0.500000E+000  0.300000E+000  0.200000E+001  0.100000E+001  0.100000E+001  0.100000E+002
 -0.153953E+002  0.666693E+001  0.341000E+002 -0.200000E+002 -0.834337E-002  0.964378E-002  0.127520E-001  0.602221E-002 -0.696084E-002  0.920436E-002  0.220000E+002  0.200000E+001  0.100000E+001  0.500000E+000  0.300000E+000  0.200000E+001  0.100000E+001  0.100000E+001  0.100000E+002
 -0.152251E+002  0.673965E+001  0.345000E+002 -0.200000E+002 -0.998089E-002 -0.730155E-002  0.123665E-001  0.721274E-002  0.527650E-002  0.893672E-002  0.220000E+002  0.200000E+001  0.100000E+001  0.500000E+000  0.300000E+000  0.200000E+001  0.100000E+001  0.100000E+001  0.100000E+002
 -0.150586E+002  0.681243E+001  0.349000E+002 -0.200000E+002  0.627722E-002 -0.102222E-001  0.119957E-001 -0.454142E-002  0.739555E-002  0.867863E-002  0.220000E+002  0.200000E+001  0.100000E+001  0.500000E+000  0.300000E+000  0.200000E+001  0.100000E+001  0.100000E+001  0.100000E+002
 -0.148956E+002  0.688527E+001  0.353000E+002 -0.200000E+002  0.103742E-001  0.527666E-002  0.116390E-001 -0.751365E-002 -0.382169E-002  0.842973E-002  0.220000E+002  0.200000E+001  0.100000E+001  0.500000E+000  0.300000E+000  0.200000E+001  0.100000E+001  0.100000E+001  0.100000E+002
 -0.147360E+002  0.695816E+001  0.357000E+002 -0.200000E+002 -0.430528E-002  0.104432E-001  0.112958E-001  0.312140E-002 -0.757148E-002  0.818966E-002  0.220000E+002  0.200000E+001  0.100000E+001  0.500000E+000  0.300000E+000  0.200000E+001  0.100000E+001  0.100000E+001  0.100000E+002
 -0.145797E+002  0.703110E+001  0.361000E+002 -0.200000E+002 -0.104355E-001 -0.336773E-002  0.109655E-001  0.757345E-002  0.244410E-002  0.795807E-002  0.220000E+002  0.200000E+001  0.100000E+001  0.500000E+000  0.300000E+000  0.200000E+001  0.100000E+001  0.100000E+001  0.100000E+002
 -0.144266E+002  0.710410E+001  0.365000E+002 -0.200000E+002  0.246787E-002 -0.103575E-001  0.106474E-001 -0.179274E-002  0.752402E-002  0.773465E-002  0.220000E+002  0.200000E+001  0.100000E+001  0.500000E+000  0.300000E+000  0.200000E+001  0.100000E+001  0.100000E+001  0.100000E+002
 -0.142766E+002  0.717714E+001  0.369000E+002 -0.200000E+002  0.102153E-001  0.160900E-002  0.103412E-001 -0.742750E-002 -0.116990E-002  0.751907E-002  0.220000E+002  0.200000E+001  0.100000E+001  0.500000E+000  0.300000E+000  0.200000E+001  0.100000E+001  0.100000E+001  0.100000E+002
 -0.141297E+002  0.725024E+001  0.373000E+002 -0.200000E+002 -0.793668E-003  0.100149E-001  0.100463E-001  0.577581E-003 -0.728820E-002  0.731105E-002  0.220000E+002  0.200000E+001  0.100000E+001  0.500000E+000  0.300000E+000  0.200000E+001  0.100000E+001  0.100000E+001  0.100000E+002
 -0.139857E+002  0.732338E+001  0.377000E+002 -0.200000E+002 -0.976213E-002 -0.240390E-004  0.976216E-002  0.711023E-002  0.175088E-004  0.711025E-002  0.220000E+002  0.200000E+001  0.100000E+001  0.500000E+000  0.300000E+000  0.200000E+001  0.100000E+001  0.100000E+001  0.100000E+002
 -0.138445E+002  0.739656E+001  0.381000E+002 -0.200000E+002 -0.698372E-003 -0.946264E-002  0.948838E-002  0.509070E-003  0.689767E-002  0.691643E-002  0.220000E+002  0.200000E+001  0.100000E+001  0.500000E+000  0.300000E+000  0.200000E+001  0.100000E+001  0.100000E+001  0.100000E+002
 -0.137062E+002  0.746979E+001  0.385000E+002 -0.200000E+002  0.912183E-002 -0.137241E-002  0.922449E-002 -0.665440E-002  0.100117E-002  0.672930E-002  0.220000E+002  0.200000E+001  0.100000E+001  0.500000E+000  0.300000E+000  0.200000E+001  0.100000E+001  0.100000E+001  0.100000E+002
 -0.135705E+002  0.754306E+001  0.389000E+002 -0.200000E+002  0.199737E-002  0.874489E-002  0.897010E-002 -0.145818E-002 -0.638418E-002  0.654859E-002  0.220000E+002  0.200000E+001  0.100000E+001  0.500000E+000  0.300000E+000  0.200000E+001  0.100000E+001  0.100000E+001  0.100000E+002
 -0.134374E+002  0.761638E+001  0.393000E+002 -0.200000E+002 -0.833678E-002  0.257291E-002  0.872478E-002  0.609061E-002 -0.187969E-002  0.637407E-002  0.220000E+002  0.200000E+001  0.100000E+001  0.500000E+000  0.300000E+000  0.200000E+001  0.100000E+001  0.100000E+001  0.100000E+002
 -0.133068E+002  0.768973E+001  0.397000E+002 -0.200000E+002 -0.309900E-002 -0.790221E-002  0.848815E-002  0.226560E-002  0.577710E-002  0.620547E-002  0.220000E+002  0.200000E+001  0.100000E+001  0.500000E+000  0.300000E+000  0.200000E+001  0.100000E+001  0.100000E+001  0.100000E+002
 -0.131787E+002  0.776312E+001  0.401000E+002 -0.200000E+002  0.744567E-002 -0.357599E-002  0.825988E-002 -0.544694E-002  0.261605E-002  0.604259E-002  0.220000E+002  0.200000E+001  0.100000E+001  0.500000E+000  0.300000E+000  0.200000E+001  0.100000E+001  0.100000E+001  0.100000E+002
 -0.130531E+002  0.783656E+001  0.405000E+002 -0.200000E+002  0.400437E-002  0.697137E-002  0.803958E-002 -0.293130E-002 -0.510322E-002  0.588518E-002  0.220000E+002  0.200000E+001  0.100000E+001  0.500000E+000  0.300000E+000  0.200000E+001  0.100000E+001  0.100000E+001  0.100000E+002
 -0.129297E+002  0.791002E+001  0.409000E+002 -0.200000E+002 -0.648330E-002  0.438498E-002  0.782695E-002  0.474886E-002 -0.321189E-002  0.573305E-002  0.220000E+002  0.200000E+001  0.100000E+001  0.500000E+000  0.300000E+000  0.200000E+001  0.100000E+001  0.100000E+001  0.100000E+002
 -0.128086E+002  0.798353E+001  0.413000E+002 -0.200000E+002 -0.471881E-002 -0.598521E-002  0.762167E-002  0.345846E-002  0.438662E-002  0.558600E-002  0.220000E+002  0.200000E+001  0.100000E+001  0.500000E+000  0.300000E+000  0.200000E+001  0.100000E+001  0.100000E+001  0.100000E+002
 -0.126898E+002  0.805707E+001  0.417000E+002 -0.200000E+002  0.548060E-002 -0.500699E-002  0.742340E-002 -0.401908E-002  0.367177E-002  0.544379E-002  0.220000E+002  0.200000E+001  0.100000E+001  0.500000E+000  0.300000E+000  0.200000E+001  0.100000E+001  0.100000E+001  0.100000E+002
 -0.125730E+002  0.813064E+001  0.421000E+002 -0.200000E+002  0.525094E-002  0.497274E-002  0.723191E-002 -0.385278E-002 -0.364865E-002  0.530628E-002  0.220000E+002  0.200000E+001  0.100000E+001  0.500000E+000  0.300000E+000  0.200000E+001  0.100000E+001  0.100000E+001  0.100000E+002
 -0.124584E+002  0.820425E+001  0.425000E+002 -0.200000E+002 -0.446466E-002  0.545211E-002  0.704689E-002  0.327760E-002 -0.400251E-002  0.517327E-002  0.220000E+002  0.200000E+001  0.100000E+001  0.500000E+000  0.300000E+000  0.200000E+001  0.100000E+001  0.100000E+001  0.100000E+002
 -0.123458E+002  0.827789E+001  0.429000E+002 -0.200000E+002 -0.561208E-002 -0.395918E-002  0.686808E-002  0.412205E-002  0.290800E-002  0.504458E-002  0.220000E+002  0.200000E+001  0.100000E+001  0.500000E+000  0.300000E+000  0.200000E+001  0.100000E+001  0.100000E+001  0.100000E+002
 -0.122352E+002  0.835156E+001  0.433000E+002 -0.200000E+002  0.345888E-002 -0.573257E-002  0.669524E-002 -0.254179E-002  0.421263E-002  0.492006E-002  0.220000E+002  0.200000E+001  0.100000E+001  0.500000E+000  0.300000E+000  0.200000E+001  0.100000E+001  0.100000E+001  0.100000E+002
 -0.121266E+002  0.842526E+001  0.437000E+002 -0.200000E+002  0.581535E-002  0.296614E-002  0.652812E-002 -0.427551E-002 -0.218074E-002  0.479954E-002  0.220000E+002  0.200000E+001  0.100000E+001  0.500000E+000  0.300000E+000  0.200000E+001  0.100000E+001  0.100000E+001  0.100000E+002
 -0.120198E+002  0.849899E+001  0.441000E+002 -0.200000E+002 -0.248312E-002  0.586230E-002  0.636651E-002  0.182645E-002 -0.431201E-002  0.468288E-002  0.220000E+002  0.200000E+001  0.100000E+001  0.500000E+000  0.300000E+000  0.200000E+001  0.100000E+001  0.100000E+001  0.100000E+002
 -0.119149E+002  0.857275E+001  0.445000E+002 -0.200000E+002 -0.587526E-002 -0.201181E-002  0.621015E-002  0.432346E-002  0.148044E-002  0.456991E-002  0.220000E+002  0.200000E+001  0.100000E+001  0.500000E+000  0.300000E+000  0.200000E+001  0.100000E+001  0.100000E+001  0.100000E+002
 -0.118117E+002  0.864654E+001  0.449000E+002 -0.200000E+002  0.155395E-002 -0.585623E-002  0.605889E-002 -0.114401E-002  0.431132E-002  0.446052E-002  0.220000E+002  0.200000E+001  0.100000E+001  0.500000E+000  0.300000E+000  0.200000E+001  0.100000E+001  0.100000E+001  0.100000E+002
 -0.117103E+002  0.872035E+001  0.453000E+002 -0.200000E+002  0.580714E-002  0.111115E-002  0.591249E-002 -0.427696E-002 -0.818362E-003  0.435455E-002  0.220000E+002  0.200000E+001  0.100000E+001  0.500000E+000  0.300000E+000  0.200000E+001  0.100000E+001  0.100000E+001  0.100000E+002
 -0.116106E+002  0.879419E+001  0.457000E+002 -0.200000E+002 -0.684798E-003  0.573001E-002  0.577079E-002  0.504557E-003 -0.422185E-002  0.425190E-002  0.220000E+002  0.200000E+001  0.100000E+001  0.500000E+000  0.300000E+000  0.200000E+001  0.100000E+001  0.100000E+001  0.100000E+002
 -0.115126E+002  0.886806E+001  0.461000E+002 -0.200000E+002 -0.562682E-002 -0.276128E-003  0.563359E-002  0.414744E-002  0.203530E-003  0.415243E-002  0.220000E+002  0.200000E+001  0.100000E+001  0.500000E+000  0.300000E+000  0.200000E+001  0.100000E+001  0.100000E+001  0.100000E+002
 -0.114161E+002  0.894196E+001  0.465000E+002 -0.200000E+002 -0.113763E-003 -0.549953E-002  0.550070E-002  0.838843E-004  0.405514E-002  0.405601E-002  0.220000E+002  0.200000E+001  0.100000E+001  0.500000E+000  0.300000E+000  0.200000E+001  0.100000E+001  0.100000E+001  0.100000E+002
 -0.113213E+002  0.901587E+001  0.469000E+002 -0.200000E+002  0.535015E-002 -0.483994E-003  0.537199E-002 -0.394643E-002  0.357009E-003  0.396255E-002  0.220000E+002  0.200000E+001  0.100000E+001  0.500000E+000  0.300000E+000  0.200000E+001  0.100000E+001  0.100000E+001  0.100000E+002
 -0.112280E+002  0.908982E+001  0.473000E+002 -0.200000E+002  0.833790E-003  0.518062E-002  0.524728E-002 -0.615247E-003 -0.382273E-002  0.387193E-002  0.220000E+002  0.200000E+001  0.100000E+001  0.500000E+000  0.300000E+000  0.200000E+001  0.100000E+001  0.100000E+001  0.100000E+002
 -0.111362E+002  0.916378E+001  0.477000E+002 -0.200000E+002 -0.499287E-002  0.116254E-002  0.512643E-002  0.368546E-002 -0.858120E-003  0.378405E-002  0.220000E+002  0.200000E+001  0.100000E+001  0.500000E+000  0.300000E+000  0.200000E+001  0.100000E+001  0.100000E+001  0.100000E+002
 -0.110459E+002  0.923777E+001  0.481000E+002 -0.200000E+002 -0.146972E-002 -0.478880E-002  0.500926E-002  0.108523E-002  0.353600E-002  0.369879E-002  0.220000E+002  0.200000E+001  0.100000E+001  0.500000E+000  0.300000E+000  0.200000E+001  0.100000E+001  0.100000E+001  0.100000E+002
 -0.109570E+002  0.931179E+001  0.485000E+002 -0.200000E+002  0.457030E-002 -0.175507E-002  0.489570E-002 -0.337575E-002  0.129634E-002  0.361610E-002  0.220000E+002  0.200000E+001  0.100000E+001  0.500000E+000  0.300000E+000  0.200000E+001  0.100000E+001  0.100000E+001  0.100000E+002
 -0.108695E+002  0.938582E+001  0.489000E+002 -0.200000E+002  0.201825E-002  0.433914E-002  0.478555E-002 -0.149120E-002 -0.320601E-002  0.353584E-002  0.220000E+002  0.200000E+001  0.100000E+001  0.500000E+000  0.300000E+000  0.200000E+001  0.100000E+001  0.100000E+001  0.100000E+002
 -0.107834E+002  0.945988E+001  0.493000E+002 -0.200000E+002 -0.409711E-002  0.225920E-002  0.467871E-002  0.302810E-002 -0.166973E-002  0.345795E-002  0.220000E+002  0.200000E+001  0.100000E+001  0.500000E+000  0.300000E+000  0.200000E+001  0.100000E+001  0.100000E+001  0.100000E+002
 -0.106986E+002  0.953396E+001  0.497000E+002 -0.200000E+002 -0.247791E-002 -0.384593E-002  0.457507E-002  0.183192E-002  0.284329E-002  0.338234E-002  0.220000E+002  0.200000E+001  0.100000E+001  0.500000E+000  0.300000E+000  0.200000E+001  0.100000E+001  0.100000E+001  0.100000E+002
 -0.106151E+002  0.960805E+001  0.501000E+002 -0.200000E+002  0.358725E-002 -0.267445E-002  0.447449E-002 -0.265281E-002  0.197779E-002  0.330893E-002  0.220000E+002  0.200000E+001  0.100000E+001  0.500000E+000  0.300000E+000  0.200000E+001  0.100000E+001  0.100000E+001  0.100000E+002
 -0.105330E+002  0.968217E+001  0.505000E+002 -0.200000E+002  0.284902E-002  0.332268E-002  0.437688E-002 -0.210746E-002 -0.245784E-002  0.323765E-002  0.220000E+002  0.200000E+001  0.100000E+001  0.500000E+000  0.300000E+000  0.200000E+001  0.100000E+001  0.100000E+001  0.100000E+002
 -0.104520E+002  0.975631E+001  0.509000E+002 -0.200000E+002 -0.305374E-002  0.300186E-002  0.428212E-002  0.225951E-002 -0.222112E-002  0.316840E-002  0.220000E+002  0.200000E+001  0.100000E+001  0.500000E+000  0.300000E+000  0.200000E+001  0.100000E+001  0.100000E+001  0.100000E+002
 -0.103723E+002  0.983047E+001  0.513000E+002 -0.200000E+002 -0.313335E-002 -0.278192E-002  0.419010E-002  0.231901E-002  0.205892E-002  0.310113E-002  0.220000E+002  0.200000E+001  0.100000E+001  0.500000E+000  0.300000E+000  0.200000E+001  0.100000E+001  0.100000E+001  0.100000E+002
 -0.102938E+002  0.990464E+001  0.517000E+002 -0.200000E+002  0.250862E-002 -0.324391E-002  0.410075E-002 -0.185712E-002  0.240145E-002  0.303576E-002  0.220000E+002  0.200000E+001  0.100000E+001  0.500000E+000  0.300000E+000  0.200000E+001  0.100000E+001  0.100000E+001  0.100000E+002
 -0.102164E+002  0.997883E+001  0.521000E+002 -0.200000E+002  0.333403E-002  0.223518E-002  0.401395E-002 -0.246878E-002 -0.165510E-002  0.297224E-002  0.220000E+002  0.200000E+001  0.100000E+001  0.500000E+000  0.300000E+000  0.200000E+001  0.100000E+001  0.100000E+001  0.100000E+002
 -0.101402E+002  0.100530E+002  0.525000E+002 -0.200000E+002 -0.196286E-002  0.340427E-002  0.392962E-002  0.145381E-002 -0.252139E-002  0.291049E-002  0.220000E+002  0.200000E+001  0.100000E+001  0.500000E+000  0.300000E+000  0.200000E+001  0.100000E+001  0.100000E+001  0.100000E+002
 -0.100651E+002  0.101273E+002  0.529000E+002 -0.200000E+002 -0.345526E-002 -0.169287E-002  0.384768E-002  0.255976E-002  0.125412E-002  0.285047E-002  0.220000E+002  0.200000E+001  0.100000E+001  0.500000E+000  0.300000E+000  0.200000E+001  0.100000E+001  0.100000E+001  0.100000E+002
 -0.999108E+001  0.102015E+002  0.533000E+002 -0.200000E+002  0.142633E-002 -0.348763E-002  0.376802E-002 -0.105691E-002  0.258432E-002  0.279209E-002  0.220000E+002  0.200000E+001  0.100000E+001  0.500000E+000  0.300000E+000  0.200000E+001  0.100000E+001  0.100000E+001  0.100000E+002
 -0.991814E+001  0.102758E+002  0.537000E+002 -0.200000E+002  0.350213E-002  0.116429E-002  0.369060E-002 -0.259564E-002 -0.862926E-003  0.273532E-002  0.220000E+002  0.200000E+001  0.100000E+001  0.500000E+000  0.300000E+000  0.200000E+001  0.100000E+001  0.100000E+001  0.100000E+002
 -0.984625E+001  0.103501E+002  0.541000E+002 -0.200000E+002 -0.907738E-003  0.349950E-002  0.361532E-002  0.672923E-003 -0.259425E-002  0.268010E-002  0.220000E+002  0.200000E+001  0.100000E+001  0.500000E+000  0.300000E+000  0.200000E+001  0.100000E+001  0.100000E+001  0.100000E+002
 -0.977538E+001  0.104244E+002  0.545000E+002 -0.200000E+002 -0.348052E-002 -0.657589E-003  0.354210E-002  0.258072E-002  0.487585E-003  0.262637E-002  0.220000E+002  0.200000E+001  0.100000E+001  0.500000E+000  0.300000E+000  0.200000E+001  0.100000E+001  0.100000E+001  0.100000E+002
 -0.970552E+001  0.104987E+002  0.549000E+002 -0.200000E+002  0.414679E-003 -0.344602E-002  0.347088E-002 -0.307537E-003  0.255565E-002  0.257409E-002  0.220000E+002  0.200000E+001  0.100000E+001  0.500000E+000  0.300000E+000  0.200000E+001  0.100000E+001  0.100000E+001  0.100000E+002
 -0.963664E+001  0.105730E+002  0.553000E+002 -0.200000E+002  0.339684E-002  0.179773E-003  0.340159E-002 -0.251968E-002 -0.133350E-003  0.252320E-002  0.220000E+002  0.200000E+001  0.100000E+001  0.500000E+000  0.300000E+000  0.200000E+001  0.100000E+001  0.100000E+001  0.100000E+002
 -0.956872E+001  0.106473E+002  0.557000E+002 -0.200000E+002  0.464377E-004  0.333385E-002  0.333418E-002 -0.344528E-004 -0.247344E-002  0.247368E-002  0.220000E+002  0.200000E+001  0.100000E+001  0.500000E+000  0.300000E+000  0.200000E+001  0.100000E+001  0.100000E+001  0.100000E+002
 -0.950174E+001  0.107217E+002  0.561000E+002 -0.200000E+002 -0.325794E-002  0.263311E-003  0.326856E-002  0.241757E-002 -0.195391E-003  0.242545E-002  0.220000E+002  0.200000E+001  0.100000E+001  0.500000E+000  0.300000E+000  0.200000E+001  0.100000E+001  0.100000E+001  0.100000E+002
 -0.943568E+001  0.107961E+002  0.565000E+002 -0.200000E+002 -0.470308E-003 -0.317001E-002  0.320470E-002  0.349058E-003  0.235275E-002  0.237850E-002  0.220000E+002  0.200000E+001  0.100000E+001  0.500000E+000  0.300000E+000  0.200000E+001  0.100000E+001  0.100000E+001  0.100000E+002
 -0.937053E+001  0.108705E+002  0.569000E+002 -0.200000E+002  0.307094E-002 -0.666920E-003  0.314253E-002 -0.227963E-002  0.495070E-003  0.233277E-002  0.220000E+002  0.200000E+001  0.100000E+001  0.500000E+000  0.300000E+000  0.200000E+001  0.100000E+001  0.100000E+001  0.100000E+002
 -0.930627E+001  0.109449E+002  0.573000E+002 -0.200000E+002  0.852720E-003  0.296167E-002  0.308198E-002 -0.633104E-003 -0.219890E-002  0.228823E-002  0.220000E+002  0.200000E+001  0.100000E+001  0.500000E+000  0.300000E+000  0.200000E+001  0.100000E+001  0.100000E+001  0.100000E+002
 -0.924287E+001  0.110193E+002  0.577000E+002 -0.200000E+002 -0.284309E-002  0.102735E-002  0.302301E-002  0.211122E-002 -0.762886E-003  0.224482E-002  0.220000E+002  0.200000E+001  0.100000E+001  0.500000E+000  0.300000E+000  0.200000E+001  0.100000E+001  0.100000E+001  0.100000E+002
 -0.918032E+001  0.110937E+002  0.581000E+002 -0.200000E+002 -0.119052E-002 -0.271613E-002  0.296558E-002  0.884201E-003  0.201727E-002  0.220254E-002  0.220000E+002  0.200000E+001  0.100000E+001  0.500000E+000  0.300000E+000  0.200000E+001  0.100000E+001  0.100000E+001  0.100000E+002
 -0.911861E+001  0.111681E+002  0.585000E+002 -0.200000E+002  0.258166E-002 -0.134196E-002  0.290961E-002 -0.191771E-002  0.996834E-003  0.216132E-002  0.220000E+002  0.200000E+001  0.100000E+001  0.500000E+000  0.300000E+000  0.200000E+001  0.100000E+001  0.100000E+001  0.100000E+002
 -0.905771E+001  0.112426E+002  0.589000E+002 -0.200000E+002  0.148154E-002  0.244062E-002  0.285510E-002 -0.110069E-002 -0.181323E-002  0.212116E-002  0.220000E+002  0.200000E+001  0.100000E+001  0.500000E+000  0.300000E+000  0.200000E+001  0.100000E+001  0.100000E+001  0.100000E+002
 -0.899762E+001  0.113170E+002  0.593000E+002 -0.200000E+002 -0.229385E-002  0.160907E-002  0.280194E-002  0.170445E-002 -0.119563E-002  0.208199E-002  0.220000E+002  0.200000E+001  0.100000E+001  0.500000E+000  0.300000E+000  0.200000E+001  0.100000E+001  0.100000E+001  0.100000E+002
 -0.893831E+001  0.113915E+002  0.597000E+002 -0.200000E+002 -0.172455E-002 -0.214225E-002  0.275015E-002  0.128163E-002  0.159204E-002  0.204381E-002  0.220000E+002  0.200000E+001  0.100000E+001  0.500000E+000  0.300000E+000  0.200000E+001  0.100000E+001  0.100000E+001  0.100000E+002
 -0.887977E+001  0.114660E+002  0.601000E+002 -0.200000E+002  0.198665E-002 -0.182794E-002  0.269965E-002 -0.147662E-002  0.135866E-002  0.200658E-002  0.220000E+002  0.200000E+001  0.100000E+001  0.500000E+000  0.300000E+000  0.200000E+001  0.100000E+001  0.100000E+001  0.100000E+002
 -0.882199E+001  0.115405E+002  0.605000E+002 -0.200000E+002  0.191925E-002  0.182789E-002  0.265042E-002 -0.142673E-002 -0.135881E-002  0.197026E-002  0.220000E+002  0.200000E+001  0.100000E+001  0.500000E+000  0.300000E+000  0.200000E+001  0.100000E+001  0.100000E+001  0.100000E+002
 -0.876495E+001  0.116150E+002  0.609000E+002 -0.200000E+002 -0.166678E-002  0.199857E-002  0.260239E-002  0.123922E-002 -0.148590E-002  0.193483E-002  0.220000E+002  0.200000E+001  0.100000E+001  0.500000E+000  0.300000E+000  0.200000E+001  0.100000E+001  0.100000E+001  0.100000E+002
 -0.870863E+001  0.116895E+002  0.613000E+002 -0.200000E+002 -0.206604E-002 -0.150410E-002  0.255555E-002  0.153627E-002  0.111842E-002  0.190026E-002  0.220000E+002  0.200000E+001  0.100000E+001  0.500000E+000  0.300000E+000  0.200000E+001  0.100000E+001  0.100000E+001  0.100000E+002
 -0.865303E+001  0.117641E+002  0.617000E+002 -0.200000E+002  0.134061E-002 -0.212183E-002  0.250987E-002 -0.996991E-003  0.157797E-002  0.186654E-002  0.220000E+002  0.200000E+001  0.100000E+001  0.500000E+000  0.300000E+000  0.200000E+001  0.100000E+001  0.100000E+001  0.100000E+002
 -0.859813E+001  0.118386E+002  0.621000E+002 -0.200000E+002  0.216615E-002  0.117705E-002  0.246529E-002 -0.161114E-002 -0.875467E-003  0.183363E-002  0.220000E+002  0.200000E+001  0.100000E+001  0.500000E+000  0.300000E+000  0.200000E+001  0.100000E+001  0.100000E+001  0.100000E+002
 -0.854392E+001  0.119132E+002  0.625000E+002 -0.200000E+002 -0.101412E-002  0.219923E-002  0.242179E-002  0.754375E-003 -0.163595E-002  0.180151E-002  0.220000E+002  0.200000E+001  0.100000E+001  0.500000E+000  0.300000E+000  0.200000E+001  0.100000E+001  0.100000E+001  0.100000E+002
 -0.849038E+001  0.119877E+002  0.629000E+002 -0.200000E+002 -0.222137E-002 -0.852481E-003  0.237933E-002  0.165262E-002  0.634218E-003  0.177014E-002  0.220000E+002  0.200000E+001  0.100000E+001  0.500000E+000  0.300000E+000  0.200000E+001  0.100000E+001  0.100000E+001  0.100000E+002
 -0.843750E+001  0.120623E+002  0.633000E+002 -0.200000E+002  0.692783E-003 -0.223288E-002  0.233788E-002 -0.515470E-003  0.166139E-002  0.173952E-002  0.220000E+002  0.200000E+001  0.100000E+001  0.500000E+000  0.300000E+000  0.200000E+001  0.100000E+001  0.100000E+001  0.100000E+002
 -0.838528E+001  0.121369E+002  0.637000E+002 -0.200000E+002  0.223411E-002  0.535632E-003  0.229742E-002 -0.166250E-002 -0.398588E-003  0.170962E-002  0.220000E+002  0.200000E+001  0.100000E+001  0.500000E+000  0.300000E+000  0.200000E+001  0.100000E+001  0.100000E+001  0.100000E+002
 -0.833369E+001  0.122115E+002  0.641000E+002 -0.200000E+002 -0.381607E-003  0.222542E-002  0.225790E-002  0.284004E-003 -0.165623E-002  0.168040E-002  0.220000E+002  0.200000E+001  0.100000E+001  0.500000E+000  0.300000E+000  0.200000E+001  0.100000E+001  0.100000E+001  0.100000E+002
 -0.828272E+001  0.122861E+002  0.645000E+002 -0.200000E+002 -0.220725E-002 -0.231231E-003  0.221932E-002  0.164289E-002  0.172109E-003  0.165188E-002  0.220000E+002  0.200000E+001  0.100000E+001  0.500000E+000  0.300000E+000  0.200000E+001  0.100000E+001  0.100000E+001  0.100000E+002
 -0.823238E+001  0.123607E+002  0.649000E+002 -0.200000E+002  0.850102E-004 -0.218000E-002  0.218165E-002 -0.632816E-004  0.162279E-002  0.162402E-002  0.220000E+002  0.200000E+001  0.100000E+001  0.500000E+000  0.300000E+000  0.200000E+001  0.100000E+001  0.100000E+001  0.100000E+002
 -0.818263E+001  0.124354E+002  0.653000E+002 -0.200000E+002  0.214410E-002 -0.565818E-004  0.214485E-002 -0.159624E-002  0.421240E-004  0.159680E-002  0.220000E+002  0.200000E+001  0.100000E+001  0.500000E+000  0.300000E+000  0.200000E+001  0.100000E+001  0.100000E+001  0.100000E+002
 -0.813348E+001  0.125100E+002  0.657000E+002 -0.200000E+002  0.193105E-003  0.210002E-002  0.210888E-002 -0.143778E-003 -0.156359E-002  0.157019E-002  0.220000E+002  0.200000E+001  0.100000E+001  0.500000E+000  0.300000E+000  0.200000E+001  0.100000E+001  0.100000E+001  0.100000E+002
 -0.808492E+001  0.125846E+002  0.661000E+002 -0.200000E+002 -0.204825E-002  0.324186E-003  0.207375E-002  0.152521E-002 -0.241401E-003  0.154419E-002  0.220000E+002  0.200000E+001  0.100000E+001  0.500000E+000  0.300000E+000  0.200000E+001  0.100000E+001  0.100000E+001  0.100000E+002
 -0.803692E+001  0.126593E+002  0.665000E+002 -0.200000E+002 -0.449441E-003 -0.198926E-002  0.203940E-002  0.334705E-003  0.148143E-002  0.151877E-002  0.220000E+002  0.200000E+001  0.100000E+001  0.500000E+000  0.300000E+000  0.200000E+001  0.100000E+001  0.100000E+001  0.100000E+002
 -0.798949E+001  0.127340E+002  0.669000E+002 -0.200000E+002  0.192357E-002 -0.568573E-003  0.200584E-002 -0.143265E-002  0.423466E-003  0.149393E-002  0.220000E+002  0.200000E+001  0.100000E+001  0.500000E+000  0.300000E+000  0.200000E+001  0.100000E+001  0.100000E+001  0.100000E+002
 -0.794261E+001  0.128086E+002  0.673000E+002 -0.200000E+002  0.681285E-003  0.185168E-002  0.197304E-002 -0.507462E-003 -0.137924E-002  0.146964E-002  0.220000E+002  0.200000E+001  0.100000E+001  0.500000E+000  0.300000E+000  0.200000E+001  0.100000E+001  0.100000E+001  0.100000E+002
 -0.789628E+001  0.128833E+002  0.677000E+002 -0.200000E+002 -0.177411E-002  0.787334E-003  0.194097E-002  0.132159E-002 -0.586510E-003  0.144589E-002  0.220000E+002  0.200000E+001  0.100000E+001  0.500000E+000  0.300000E+000  0.200000E+001  0.100000E+001  0.100000E+001  0.100000E+002
 -0.785048E+001  0.129580E+002  0.681000E+002 -0.200000E+002 -0.886476E-003 -0.169136E-002  0.190960E-002  0.660426E-003  0.126007E-002  0.142265E-002  0.220000E+002  0.200000E+001  0.100000E+001  0.500000E+000  0.300000E+000  0.200000E+001  0.100000E+001  0.100000E+001  0.100000E+002
 -0.780520E+001  0.130327E+002  0.685000E+002 -0.200000E+002  0.160399E-002 -0.978576E-003  0.187893E-002 -0.119508E-002  0.729108E-003  0.139994E-002  0.220000E+002  0.200000E+001  0.100000E+001  0.500000E+000  0.300000E+000  0.200000E+001  0.100000E+001  0.100000E+001  0.100000E+002
 -0.776044E+001  0.131074E+002  0.689000E+002 -0.200000E+002  0.106346E-002  0.151248E-002  0.184893E-002 -0.792422E-003 -0.112701E-002  0.137771E-002  0.220000E+002  0.200000E+001  0.100000E+001  0.500000E+000  0.300000E+000  0.200000E+001  0.100000E+001  0.100000E+001  0.100000E+002
 -0.771619E+001  0.131821E+002  0.693000E+002 -0.200000E+002 -0.141739E-002  0.114104E-002  0.181960E-002  0.105624E-002 -0.850304E-003  0.135597E-002  0.220000E+002  0.200000E+001  0.100000E+001  0.500000E+000  0.300000E+000  0.200000E+001  0.100000E+001  0.100000E+001  0.100000E+002
 -0.767244E+001  0.132568E+002  0.697000E+002 -0.200000E+002 -0.121120E-002 -0.131920E-002  0.179089E-002  0.902669E-003  0.983157E-003  0.133469E-002  0.220000E+002  0.200000E+001  0.100000E+001  0.500000E+000  0.300000E+000  0.200000E+001  0.100000E+001  0.100000E+001  0.100000E+002
 -0.762918E+001  0.133315E+002  0.701000E+002 -0.200000E+002  0.121844E-002 -0.127393E-002  0.176281E-002 -0.908143E-003  0.949500E-003  0.131388E-002  0.220000E+002  0.200000E+001  0.100000E+001  0.500000E+000  0.300000E+000  0.200000E+001  0.100000E+001  0.100000E+001  0.100000E+002
 -0.758639E+001  0.134063E+002  0.705000E+002 -0.200000E+002  0.132920E-002  0.111562E-002  0.173533E-002 -0.990774E-003 -0.831571E-003  0.129350E-002  0.220000E+002  0.200000E+001  0.100000E+001  0.500000E+000  0.300000E+000  0.200000E+001  0.100000E+001  0.100000E+001  0.100000E+002
 -0.754409E+001  0.134810E+002  0.709000E+002 -0.200000E+002 -0.101121E-002  0.137702E-002  0.170843E-002  0.753811E-003 -0.102651E-002  0.127356E-002  0.220000E+002  0.200000E+001  0.100000E+001  0.500000E+000  0.300000E+000  0.200000E+001  0.100000E+001  0.100000E+001  0.100000E+002
 -0.750225E+001  0.135558E+002  0.713000E+002 -0.200000E+002 -0.141746E-002 -0.905719E-003  0.168211E-002  0.105673E-002  0.675224E-003  0.125404E-002  0.220000E+002  0.200000E+001  0.100000E+001  0.500000E+000  0.300000E+000  0.200000E+001  0.100000E+001  0.100000E+001  0.100000E+002
 -0.746087E+001  0.136305E+002  0.717000E+002 -0.200000E+002  0.799603E-003 -0.145057E-002  0.165636E-002 -0.596160E-003  0.108151E-002  0.123493E-002  0.220000E+002  0.200000E+001  0.100000E+001  0.500000E+000  0.300000E+000  0.200000E+001  0.100000E+001  0.100000E+001  0.100000E+002
 -0.741994E+001  0.137053E+002  0.721000E+002 -0.200000E+002  0.147644E-002  0.693328E-003  0.163113E-002 -0.110087E-002 -0.516964E-003  0.121621E-002  0.220000E+002  0.200000E+001  0.100000E+001  0.500000E+000  0.300000E+000  0.200000E+001  0.100000E+001  0.100000E+001  0.100000E+002
 -0.737945E+001  0.137801E+002  0.725000E+002 -0.200000E+002 -0.587336E-003  0.149520E-002  0.160642E-002  0.437967E-003 -0.111495E-002  0.119788E-002  0.220000E+002  0.200000E+001  0.100000E+001  0.500000E+000  0.300000E+000  0.200000E+001  0.100000E+001  0.100000E+001  0.100000E+002
 -0.733941E+001  0.138548E+002  0.729000E+002 -0.200000E+002 -0.150702E-002 -0.482055E-003  0.158224E-002  0.112384E-002  0.359487E-003  0.117994E-002  0.220000E+002  0.200000E+001  0.100000E+001  0.500000E+000  0.300000E+000  0.200000E+001  0.100000E+001  0.100000E+001  0.100000E+002
 -0.729979E+001  0.139296E+002  0.733000E+002 -0.200000E+002  0.377893E-003 -0.151206E-002  0.155857E-002 -0.281830E-003  0.112768E-002  0.116237E-002  0.220000E+002  0.200000E+001  0.100000E+001  0.500000E+000  0.300000E+000  0.200000E+001  0.100000E+001  0.100000E+001  0.100000E+002
 -0.726059E+001  0.140044E+002  0.737000E+002 -0.200000E+002  0.151048E-002  0.275256E-003  0.153536E-002 -0.112659E-002 -0.205298E-003  0.114514E-002  0.220000E+002  0.200000E+001  0.100000E+001  0.500000E+000  0.300000E+000  0.200000E+001  0.100000E+001  0.100000E+001  0.100000E+002
 -0.722181E+001  0.140792E+002  0.741000E+002 -0.200000E+002 -0.174512E-003  0.150252E-002  0.151262E-002  0.130168E-003 -0.112073E-002  0.112826E-002  0.220000E+002  0.200000E+001  0.100000E+001  0.500000E+000  0.300000E+000  0.200000E+001  0.100000E+001  0.100000E+001  0.100000E+002
 -0.718345E+001  0.141540E+002  0.745000E+002 -0.200000E+002 -0.148843E-002 -0.760036E-004  0.149037E-002  0.111029E-002  0.566948E-004  0.111174E-002  0.220000E+002  0.200000E+001  0.100000E+001  0.500000E+000  0.300000E+000  0.200000E+001  0.100000E+001  0.100000E+001  0.100000E+002
 -0.714548E+001  0.142288E+002  0.749000E+002 -0.200000E+002 -0.199051E-004 -0.146841E-002  0.146855E-002  0.148492E-004  0.109543E-002  0.109553E-002  0.220000E+002  0.200000E+001  0.100000E+001  0.500000E+000  0.300000E+000  0.200000E+001  0.100000E+001  0.100000E+001  0.100000E+002
 -0.710791E+001  0.143036E+002  0.753000E+002 -0.200000E+002  0.144276E-002 -0.112922E-003  0.144717E-002 -0.107637E-002  0.842455E-004  0.107966E-002  0.220000E+002  0.200000E+001  0.100000E+001  0.500000E+000  0.300000E+000  0.200000E+001  0.100000E+001  0.100000E+001  0.100000E+002
 -0.707073E+001  0.143785E+002  0.757000E+002 -0.200000E+002  0.202746E-003  0.141174E-002  0.142622E-002 -0.151268E-003 -0.105329E-002  0.106410E-002  0.220000E+002  0.200000E+001  0.100000E+001  0.500000E+000  0.300000E+000  0.200000E+001  0.100000E+001  0.100000E+001  0.100000E+002
 -0.703394E+001  0.144533E+002  0.761000E+002 -0.200000E+002 -0.137564E-002  0.289107E-003  0.140569E-002  0.102643E-002 -0.215715E-003  0.104885E-002  0.220000E+002  0.200000E+001  0.100000E+001  0.500000E+000  0.300000E+000  0.200000E+001  0.100000E+001  0.100000E+001  0.100000E+002
 -0.699753E+001  0.145281E+002  0.765000E+002 -0.200000E+002 -0.371758E-003 -0.133477E-002  0.138557E-002  0.277402E-003  0.995992E-003  0.103390E-002  0.220000E+002  0.200000E+001  0.100000E+001  0.500000E+000  0.300000E+000  0.200000E+001  0.100000E+001  0.100000E+001  0.100000E+002
 -0.696149E+001  0.146030E+002  0.769000E+002 -0.200000E+002  0.128942E-002 -0.450459E-003  0.136584E-002 -0.962213E-003  0.336148E-003  0.101924E-002  0.220000E+002  0.200000E+001  0.100000E+001  0.500000E+000  0.300000E+000  0.200000E+001  0.100000E+001  0.100000E+001  0.100000E+002
 -0.692582E+001  0.146778E+002  0.773000E+002 -0.200000E+002  0.525006E-003  0.123992E-002  0.134649E-002 -0.391802E-003 -0.925328E-003  0.100486E-002  0.220000E+002  0.200000E+001  0.100000E+001  0.500000E+000  0.300000E+000  0.200000E+001  0.100000E+001  0.100000E+001  0.100000E+002
 -0.689051E+001  0.147527E+002  0.777000E+002 -0.200000E+002 -0.118660E-002  0.595238E-003  0.132753E-002  0.885590E-003 -0.444240E-003  0.990767E-003  0.220000E+002  0.200000E+001  0.100000E+001  0.500000E+000  0.300000E+000  0.200000E+001  0.100000E+001  0.100000E+001  0.100000E+002
 -0.685555E+001  0.148275E+002  0.781000E+002 -0.200000E+002 -0.660962E-003 -0.112978E-002  0.130892E-002  0.493320E-003  0.843228E-003  0.976934E-003  0.220000E+002  0.200000E+001  0.100000E+001  0.500000E+000  0.300000E+000  0.200000E+001  0.100000E+001  0.100000E+001  0.100000E+002
 -0.682095E+001  0.149024E+002  0.785000E+002 -0.200000E+002  0.106980E-002 -0.722079E-003  0.129069E-002 -0.798509E-003  0.538967E-003  0.963380E-003  0.220000E+002  0.200000E+001  0.100000E+001  0.500000E+000  0.300000E+000  0.200000E+001  0.100000E+001  0.100000E+001  0.100000E+002
 -0.678669E+001  0.149772E+002  0.789000E+002 -0.200000E+002  0.778440E-003  0.100699E-002  0.127279E-002 -0.581068E-003 -0.751669E-003  0.950077E-003  0.220000E+002  0.200000E+001  0.100000E+001  0.500000E+000  0.300000E+000  0.200000E+001  0.100000E+001  0.100000E+001  0.100000E+002
 -0.675278E+001  0.150521E+002  0.793000E+002 -0.200000E+002 -0.941694E-003  0.829973E-003  0.125525E-002  0.702968E-003 -0.619569E-003  0.937032E-003  0.220000E+002  0.200000E+001  0.100000E+001  0.500000E+000  0.300000E+000  0.200000E+001  0.100000E+001  0.100000E+001  0.100000E+002
 -0.671920E+001  0.151270E+002  0.797000E+002 -0.200000E+002 -0.876591E-003 -0.874243E-003  0.123803E-002  0.654404E-003  0.652651E-003  0.924229E-003  0.220000E+002  0.200000E+001  0.100000E+001  0.500000E+000  0.300000E+000  0.200000E+001  0.100000E+001  0.100000E+001  0.100000E+002
 -0.668595E+001  0.152019E+002  0.801000E+002 -0.200000E+002  0.804975E-003 -0.918245E-003  0.122113E-002 -0.600972E-003  0.685537E-003  0.911663E-003  0.220000E+002  0.200000E+001  0.100000E+001  0.500000E+000  0.300000E+000  0.200000E+001  0.100000E+001  0.100000E+001  0.100000E+002
 -0.665302E+001  0.152768E+002  0.805000E+002 -0.200000E+002  0.954910E-003  0.734223E-003  0.120455E-002 -0.712947E-003 -0.548180E-003  0.899330E-003  0.220000E+002  0.200000E+001  0.100000E+001  0.500000E+000  0.300000E+000  0.200000E+001  0.100000E+001  0.100000E+001  0.100000E+002
 -0.662042E+001  0.153517E+002  0.809000E+002 -0.200000E+002 -0.662321E-003  0.986598E-003  0.118829E-002  0.494522E-003 -0.736643E-003  0.887240E-003  0.220000E+002  0.200000E+001  0.100000E+001  0.500000E+000  0.300000E+000  0.200000E+001  0.100000E+001  0.100000E+001  0.100000E+002
 -0.658814E+001  0.154266E+002  0.813000E+002 -0.200000E+002 -0.101328E-002 -0.589587E-003  0.117233E-002  0.756606E-003  0.440237E-003  0.875364E-003  0.220000E+002  0.200000E+001  0.100000E+001  0.500000E+000  0.300000E+000  0.200000E+001  0.100000E+001  0.100000E+001  0.100000E+002
 -0.655616E+001  0.155015E+002  0.817000E+002 -0.200000E+002  0.516343E-003 -0.103500E-002  0.115665E-002 -0.385566E-003  0.772859E-003  0.863697E-003  0.220000E+002  0.200000E+001  0.100000E+001  0.500000E+000  0.300000E+000  0.200000E+001  0.100000E+001  0.100000E+001  0.100000E+002
 -0.652450E+001  0.155764E+002  0.821000E+002 -0.200000E+002  0.105183E-002  0.442899E-003  0.114128E-002 -0.785470E-003 -0.330740E-003  0.852262E-003  0.220000E+002  0.200000E+001  0.100000E+001  0.500000E+000  0.300000E+000  0.200000E+001  0.100000E+001  0.100000E+001  0.100000E+002
 -0.649313E+001  0.156513E+002  0.825000E+002 -0.200000E+002 -0.369558E-003  0.106382E-002  0.112618E-002  0.275985E-003 -0.794459E-003  0.841031E-003  0.220000E+002  0.200000E+001  0.100000E+001  0.500000E+000  0.300000E+000  0.200000E+001  0.100000E+001  0.100000E+001  0.100000E+002
 -0.646207E+001  0.157262E+002  0.829000E+002 -0.200000E+002 -0.107104E-002 -0.296618E-003  0.111136E-002  0.799890E-003  0.221524E-003  0.829998E-003  0.220000E+002  0.200000E+001  0.100000E+001  0.500000E+000  0.300000E+000  0.200000E+001  0.100000E+001  0.100000E+001  0.100000E+002
 -0.643130E+001  0.158011E+002  0.833000E+002 -0.200000E+002  0.224362E-003 -0.107361E-002  0.109680E-002 -0.167569E-003  0.801841E-003  0.819163E-003  0.220000E+002  0.200000E+001  0.100000E+001  0.500000E+000  0.300000E+000  0.200000E+001  0.100000E+001  0.100000E+001  0.100000E+002
 -0.640082E+001  0.158760E+002  0.837000E+002 -0.200000E+002  0.107162E-002  0.153066E-003  0.108250E-002 -0.800397E-003 -0.114325E-003  0.808520E-003  0.220000E+002  0.200000E+001  0.100000E+001  0.500000E+000  0.300000E+000  0.200000E+001  0.100000E+001  0.100000E+001  0.100000E+002
 -0.637063E+001  0.159510E+002  0.841000E+002 -0.200000E+002 -0.829831E-004  0.106525E-002  0.106848E-002  0.619830E-004 -0.795671E-003  0.798082E-003  0.220000E+002  0.200000E+001  0.100000E+001  0.500000E+000  0.300000E+000  0.200000E+001  0.100000E+001  0.100000E+001  0.100000E+002
 -0.634072E+001  0.160259E+002  0.845000E+002 -0.200000E+002 -0.105459E-002 -0.143790E-004  0.105469E-002  0.787744E-003  0.107406E-004  0.787817E-003  0.220000E+002  0.200000E+001  0.100000E+001  0.500000E+000  0.300000E+000  0.200000E+001  0.100000E+001  0.100000E+001  0.100000E+002
 -0.631108E+001  0.161008E+002  0.849000E+002 -0.200000E+002 -0.525165E-004 -0.103982E-002  0.104115E-002  0.392299E-004  0.776748E-003  0.777738E-003  0.220000E+002  0.200000E+001  0.100000E+001  0.500000E+000  0.300000E+000  0.200000E+001  0.100000E+001  0.100000E+001  0.100000E+002
 -0.628173E+001  0.161758E+002  0.853000E+002 -0.200000E+002  0.102112E-002 -0.117480E-003  0.102785E-002 -0.762808E-003  0.877614E-004  0.767840E-003  0.220000E+002  0.200000E+001  0.100000E+001  0.500000E+000  0.300000E+000  0.200000E+001  0.100000E+001  0.100000E+001  0.100000E+002
 -0.625264E+001  0.162507E+002  0.857000E+002 -0.200000E+002  0.180290E-003  0.998640E-003  0.101478E-002 -0.134688E-003 -0.746048E-003  0.758108E-003  0.220000E+002  0.200000E+001  0.100000E+001  0.500000E+000  0.300000E+000  0.200000E+001  0.100000E+001  0.100000E+001  0.100000E+002
 -0.622382E+001  0.163257E+002  0.861000E+002 -0.200000E+002 -0.972596E-003  0.240761E-003  0.100195E-002  0.726621E-003 -0.179871E-003  0.748554E-003  0.220000E+002  0.200000E+001  0.100000E+001  0.500000E+000  0.300000E+000  0.200000E+001  0.100000E+001  0.100000E+001  0.100000E+002
 -0.619526E+001  0.164006E+002  0.865000E+002 -0.200000E+002 -0.298699E-003 -0.943170E-003  0.989339E-003  0.223166E-003  0.704666E-003  0.739160E-003  0.220000E+002  0.200000E+001  0.100000E+001  0.500000E+000  0.300000E+000  0.200000E+001  0.100000E+001  0.100000E+001  0.100000E+002
 -0.616697E+001  0.164756E+002  0.869000E+002 -0.200000E+002  0.910570E-003 -0.353936E-003  0.976939E-003 -0.680337E-003  0.264445E-003  0.729925E-003  0.220000E+002  0.200000E+001  0.100000E+001  0.500000E+000  0.300000E+000  0.200000E+001  0.100000E+001  0.100000E+001  0.100000E+002
 -0.613893E+001  0.165506E+002  0.873000E+002 -0.200000E+002  0.406334E-003  0.875024E-003  0.964767E-003 -0.303607E-003 -0.653805E-003  0.720859E-003  0.220000E+002  0.200000E+001  0.100000E+001  0.500000E+000  0.300000E+000  0.200000E+001  0.100000E+001  0.100000E+001  0.100000E+002
 -0.611114E+001  0.166255E+002  0.877000E+002 -0.200000E+002 -0.836727E-003  0.455727E-003  0.952785E-003  0.625214E-003 -0.340526E-003  0.711934E-003  0.220000E+002  0.200000E+001  0.100000E+001  0.500000E+000  0.300000E+000  0.200000E+001  0.100000E+001  0.100000E+001  0.100000E+002
 -0.608360E+001  0.167005E+002  0.881000E+002 -0.200000E+002 -0.502024E-003 -0.795927E-003  0.941025E-003  0.375133E-003  0.594751E-003  0.703174E-003  0.220000E+002  0.200000E+001  0.100000E+001  0.500000E+000  0.300000E+000  0.200000E+001  0.100000E+001  0.100000E+001  0.100000E+002
 -0.605631E+001  0.167755E+002  0.885000E+002 -0.200000E+002  0.752842E-003 -0.545102E-003  0.929466E-003 -0.562577E-003  0.407339E-003  0.694563E-003  0.220000E+002  0.200000E+001  0.100000E+001  0.500000E+000  0.300000E+000  0.200000E+001  0.100000E+001  0.100000E+001  0.100000E+002
 -0.602926E+001  0.168505E+002  0.889000E+002 -0.200000E+002  0.584854E-003  0.707696E-003  0.918089E-003 -0.437061E-003 -0.528860E-003  0.686087E-003  0.220000E+002  0.200000E+001  0.100000E+001  0.500000E+000  0.300000E+000  0.200000E+001  0.100000E+001  0.100000E+001  0.100000E+002
 -0.600245E+001  0.169254E+002  0.893000E+002 -0.200000E+002 -0.660738E-003  0.621239E-003  0.906925E-003  0.493787E-003 -0.464268E-003  0.677768E-003  0.220000E+002  0.200000E+001  0.100000E+001  0.500000E+000  0.300000E+000  0.200000E+001  0.100000E+001  0.100000E+001  0.100000E+002
 -0.597588E+001  0.170004E+002  0.897000E+002 -0.200000E+002 -0.654161E-003 -0.612189E-003  0.895936E-003  0.488889E-003  0.457521E-003  0.669580E-003  0.220000E+002  0.200000E+001  0.100000E+001  0.500000E+000  0.300000E+000  0.200000E+001  0.100000E+001  0.100000E+001  0.100000E+002
 -0.594954E+001  0.170754E+002  0.901000E+002 -0.200000E+002  0.562286E-003 -0.683573E-003  0.885120E-003 -0.420241E-003  0.510888E-003  0.661520E-003  0.220000E+002  0.200000E+001  0.100000E+001  0.500000E+000  0.300000E+000  0.200000E+001  0.100000E+001  0.100000E+001  0.100000E+002
 -0.592343E+001  0.171504E+002  0.905000E+002 -0.200000E+002  0.709483E-003  0.511272E-003  0.874509E-003 -0.530272E-003 -0.382127E-003  0.653612E-003  0.220000E+002  0.200000E+001  0.100000E+001  0.500000E+000  0.300000E+000  0.200000E+001  0.100000E+001  0.100000E+001  0.100000E+002
 -0.589755E+001  0.172254E+002  0.909000E+002 -0.200000E+002 -0.459368E-003  0.731819E-003  0.864048E-003  0.343346E-003 -0.546984E-003  0.645816E-003  0.220000E+002  0.200000E+001  0.100000E+001  0.500000E+000  0.300000E+000  0.200000E+001  0.100000E+001  0.100000E+001  0.100000E+002
 -0.587189E+001  0.173004E+002  0.913000E+002 -0.200000E+002 -0.750616E-003 -0.406813E-003  0.853769E-003  0.561053E-003  0.304075E-003  0.638155E-003  0.220000E+002  0.200000E+001  0.100000E+001  0.500000E+000  0.300000E+000  0.200000E+001  0.100000E+001  0.100000E+001  0.100000E+002
 -0.584646E+001  0.173754E+002  0.917000E+002 -0.200000E+002  0.353832E-003 -0.765887E-003  0.843670E-003 -0.264483E-003  0.572486E-003  0.630628E-003  0.220000E+002  0.200000E+001  0.100000E+001  0.500000E+000  0.300000E+000  0.200000E+001  0.100000E+001  0.100000E+001  0.100000E+002
 -0.582124E+001  0.174504E+002  0.921000E+002 -0.200000E+002  0.777638E-003  0.300646E-003  0.833732E-003 -0.581289E-003 -0.224735E-003  0.623220E-003  0.220000E+002  0.200000E+001  0.100000E+001  0.500000E+000  0.300000E+000  0.200000E+001  0.100000E+001  0.100000E+001  0.100000E+002
 -0.579624E+001  0.175254E+002  0.925000E+002 -0.200000E+002 -0.247475E-003  0.785908E-003  0.823951E-003  0.184995E-003 -0.587490E-003  0.615928E-003  0.220000E+002  0.200000E+001  0.100000E+001  0.500000E+000  0.300000E+000  0.200000E+001  0.100000E+001  0.100000E+001  0.100000E+002
 -0.577145E+001  0.176005E+002  0.929000E+002 -0.200000E+002 -0.790749E-003 -0.194534E-003  0.814326E-003  0.591128E-003  0.145424E-003  0.608753E-003  0.220000E+002  0.200000E+001  0.100000E+001  0.500000E+000  0.300000E+000  0.200000E+001  0.100000E+001  0.100000E+001  0.100000E+002
 -0.574687E+001  0.176755E+002  0.933000E+002 -0.200000E+002  0.142028E-003 -0.792224E-003  0.804855E-003 -0.106177E-003  0.592249E-003  0.601692E-003  0.220000E+002  0.200000E+001  0.100000E+001  0.500000E+000  0.300000E+000  0.200000E+001  0.100000E+001  0.100000E+001  0.100000E+002
 -0.572250E+001  0.177505E+002  0.937000E+002 -0.200000E+002  0.790427E-003  0.901535E-004  0.795552E-003 -0.590924E-003 -0.673989E-004  0.594755E-003  0.220000E+002  0.200000E+001  0.100000E+001  0.500000E+000  0.300000E+000  0.200000E+001  0.100000E+001  0.100000E+001  0.100000E+002
 -0.569834E+001  0.178255E+002  0.941000E+002 -0.200000E+002 -0.391133E-004  0.785408E-003  0.786381E-003  0.292421E-004 -0.587190E-003  0.587917E-003  0.220000E+002  0.200000E+001  0.100000E+001  0.500000E+000  0.300000E+000  0.200000E+001  0.100000E+001  0.100000E+001  0.100000E+002
 -0.567437E+001  0.179005E+002  0.945000E+002 -0.200000E+002 -0.777281E-003  0.109127E-004  0.777357E-003  0.581131E-003 -0.815887E-005  0.581189E-003  0.220000E+002  0.200000E+001  0.100000E+001  0.500000E+000  0.300000E+000  0.200000E+001  0.100000E+001  0.100000E+001  0.100000E+002
 -0.565061E+001  0.179756E+002  0.949000E+002 -0.200000E+002 -0.597485E-004 -0.766153E-003  0.768479E-003  0.446721E-004  0.572828E-003  0.574568E-003  0.220000E+002  0.200000E+001  0.100000E+001  0.500000E+000  0.300000E+000  0.200000E+001  0.100000E+001  0.100000E+001  0.100000E+002
 -0.562705E+001  0.180506E+002  0.953000E+002 -0.200000E+002  0.752138E-003 -0.107227E-003  0.759743E-003 -0.562367E-003  0.801726E-004  0.568053E-003  0.220000E+002  0.200000E+001  0.100000E+001  0.500000E+000  0.300000E+000  0.200000E+001  0.100000E+001  0.100000E+001  0.100000E+002
 -0.560368E+001  0.181256E+002  0.957000E+002 -0.200000E+002  0.153190E-003  0.735362E-003  0.751149E-003 -0.114542E-003 -0.549840E-003  0.561644E-003  0.220000E+002  0.200000E+001  0.100000E+001  0.500000E+000  0.300000E+000  0.200000E+001  0.100000E+001  0.100000E+001  0.100000E+002
 -0.558050E+001  0.182007E+002  0.961000E+002 -0.200000E+002 -0.715955E-003  0.197491E-003  0.742694E-003  0.535344E-003 -0.147671E-003  0.555338E-003  0.220000E+002  0.200000E+001  0.100000E+001  0.500000E+000  0.300000E+000  0.200000E+001  0.100000E+001  0.100000E+001  0.100000E+002
 -0.555752E+001  0.182757E+002  0.965000E+002 -0.200000E+002 -0.239978E-003 -0.694042E-003  0.734360E-003  0.179445E-003  0.518974E-003  0.549121E-003  0.220000E+002  0.200000E+001  0.100000E+001  0.500000E+000  0.300000E+000  0.200000E+001  0.100000E+001  0.100000E+001  0.100000E+002
 -0.553472E+001  0.183508E+002  0.969000E+002 -0.200000E+002  0.669771E-003 -0.280522E-003  0.726144E-003 -0.500839E-003  0.209767E-003  0.542993E-003  0.220000E+002  0.200000E+001  0.100000E+001  0.500000E+000  0.300000E+000  0.200000E+001  0.100000E+001  0.100000E+001  0.100000E+002
 -0.551210E+001  0.184258E+002  0.973000E+002 -0.200000E+002  0.319032E-003  0.643317E-003  0.718080E-003 -0.238571E-003 -0.481070E-003  0.536977E-003  0.220000E+002  0.200000E+001  0.100000E+001  0.500000E+000  0.300000E+000  0.200000E+001  0.100000E+001  0.100000E+001  0.100000E+002
 -0.548967E+001  0.185009E+002  0.977000E+002 -0.200000E+002 -0.614812E-003  0.355375E-003  0.710131E-003  0.459767E-003 -0.265755E-003  0.531047E-003  0.220000E+002  0.200000E+001  0.100000E+001  0.500000E+000  0.300000E+000  0.200000E+001  0.100000E+001  0.100000E+001  0.100000E+002
 -0.546743E+001  0.185759E+002  0.981000E+002 -0.200000E+002 -0.389454E-003 -0.584418E-003  0.702296E-003  0.291248E-003  0.437049E-003  0.525202E-003  0.220000E+002  0.200000E+001  0.100000E+001  0.500000E+000  0.300000E+000  0.200000E+001  0.100000E+001  0.100000E+001  0.100000E+002
 -0.544536E+001  0.186510E+002  0.985000E+002 -0.200000E+002  0.552310E-003 -0.421199E-003  0.694589E-003 -0.413048E-003  0.314996E-003  0.519453E-003  0.220000E+002  0.200000E+001  0.100000E+001  0.500000E+000  0.300000E+000  0.200000E+001  0.100000E+001  0.100000E+001  0.100000E+002
 -0.542347E+001  0.187260E+002  0.989000E+002 -0.200000E+002  0.450520E-003  0.518644E-003  0.686994E-003 -0.336933E-003 -0.387881E-003  0.513786E-003  0.220000E+002  0.200000E+001  0.100000E+001  0.500000E+000  0.300000E+000  0.200000E+001  0.100000E+001  0.100000E+001  0.100000E+002
 -0.540175E+001  0.188011E+002  0.993000E+002 -0.200000E+002 -0.483593E-003  0.477355E-003  0.679507E-003  0.361676E-003 -0.357011E-003  0.508200E-003  0.220000E+002  0.200000E+001  0.100000E+001  0.500000E+000  0.300000E+000  0.200000E+001  0.100000E+001  0.100000E+001  0.100000E+002
 -0.538020E+001  0.188762E+002  0.997000E+002 -0.200000E+002 -0.501669E-003 -0.447333E-003  0.672145E-003  0.375205E-003  0.334566E-003  0.502706E-003  0.220000E+002  0.200000E+001  0.100000E+001  0.500000E+000  0.300000E+000  0.200000E+001  0.100000E+001  0.100000E+001  0.100000E+002
