 % the field is ups
 %psi, re(u), im(u), abs(u), re(w), im(w), abs(w)
   5.00 -0.113635E-004  0.873311E-004  0.880673E-004  0.821898E-005 -0.385599E-004  0.394261E-004
   5.50  0.263086E-004 -0.878849E-004  0.917382E-004 -0.132678E-004  0.388530E-004  0.410560E-004
   6.00 -0.391215E-004  0.842192E-004  0.928621E-004  0.173913E-004 -0.377678E-004  0.415796E-004
   6.50  0.485985E-004 -0.772169E-004  0.912374E-004 -0.201623E-004  0.355986E-004  0.409118E-004
   7.00 -0.539888E-004  0.678884E-004  0.867388E-004  0.213080E-004 -0.326698E-004  0.390044E-004
   7.50  0.549793E-004 -0.571905E-004  0.793314E-004 -0.207069E-004  0.292716E-004  0.358553E-004
   8.00 -0.516392E-004  0.458889E-004  0.690825E-004  0.183737E-004 -0.256111E-004  0.315202E-004
   8.50  0.443489E-004 -0.344754E-004  0.561728E-004 -0.144401E-004  0.217836E-004  0.261351E-004
   9.00 -0.337347E-004  0.231382E-004  0.409073E-004  0.914067E-005 -0.177628E-004  0.199767E-004
   9.50  0.206204E-004 -0.117822E-004  0.237491E-004 -0.280503E-005  0.134134E-004  0.137036E-004
  10.00 -0.600031E-005  0.960413E-007  0.600107E-005 -0.414088E-005 -0.852212E-005  0.947488E-005
  10.50 -0.897265E-005  0.123409E-004  0.152580E-004  0.111702E-004  0.284943E-005  0.115279E-004
  11.00  0.229981E-004 -0.259167E-004  0.346495E-004 -0.176540E-004  0.380062E-005  0.180585E-004
  11.50 -0.346600E-004  0.408191E-004  0.535492E-004  0.228759E-004 -0.114956E-004  0.256019E-004
  12.00  0.425058E-004 -0.568602E-004  0.709918E-004 -0.260754E-004  0.200836E-004  0.329132E-004
  12.50 -0.451955E-004  0.733207E-004  0.861311E-004  0.265337E-004 -0.291112E-004  0.393891E-004
  13.00  0.417362E-004 -0.888584E-004  0.981720E-004 -0.237078E-004  0.377755E-004  0.445987E-004
  13.50 -0.317908E-004  0.101539E-003  0.106399E-003  0.174085E-004 -0.449415E-004  0.481954E-004
  14.00  0.160148E-004 -0.109047E-003  0.110217E-003 -0.799484E-005  0.492617E-004  0.499063E-004
  14.50  0.367165E-005  0.109129E-003  0.109190E-003 -0.346572E-005 -0.494215E-004  0.495429E-004
  15.00 -0.240157E-004 -0.100245E-003  0.103082E-003  0.151518E-004  0.445101E-004  0.470184E-004
  15.50  0.407281E-004  0.823656E-004  0.918851E-004 -0.246461E-004 -0.344654E-004  0.423709E-004
  16.00 -0.492688E-004 -0.576672E-004  0.758480E-004  0.293700E-004  0.204769E-004  0.358036E-004
  16.50  0.461294E-004  0.308356E-004  0.554865E-004 -0.273019E-004 -0.516423E-005  0.277860E-004
  17.00 -0.304005E-004 -0.859017E-005  0.315909E-004  0.178624E-004 -0.767428E-005  0.194412E-004
  17.50  0.513691E-005 -0.182494E-005  0.545145E-005 -0.269590E-005  0.138970E-004  0.141560E-004
  18.00  0.222033E-004 -0.487445E-005  0.227320E-004 -0.140573E-004 -0.104090E-004  0.174915E-004
  18.50 -0.409817E-004  0.291416E-004  0.502865E-004  0.264176E-004 -0.321606E-005  0.266127E-004
  19.00  0.406131E-004 -0.645178E-004  0.762362E-004 -0.283551E-004  0.235387E-004  0.368522E-004
  19.50 -0.152764E-004  0.978339E-004  0.990194E-004  0.164254E-004 -0.433225E-004  0.463318E-004
  20.00 -0.316003E-004 -0.112819E-003  0.117161E-003  0.769260E-005  0.535103E-004  0.540605E-004
  20.50  0.856916E-004  0.968930E-004  0.129350E-003 -0.362229E-004 -0.470061E-004  0.593436E-004
  21.00 -0.125361E-003 -0.488067E-004  0.134527E-003  0.572417E-004  0.229705E-004  0.616787E-004
  21.50  0.130870E-003 -0.170996E-004  0.131982E-003 -0.598014E-004  0.107395E-004  0.607581E-004
  22.00 -0.959940E-004  0.743609E-004  0.121426E-003  0.404601E-004 -0.394435E-004  0.565050E-004
  22.50  0.353716E-004 -0.968015E-004  0.103062E-003 -0.747416E-005  0.485651E-004  0.491368E-004
  23.00  0.195344E-004  0.751386E-004  0.776364E-004 -0.213734E-004 -0.329977E-004  0.393150E-004
  23.50 -0.378054E-004 -0.272476E-004  0.466013E-004  0.284972E-004  0.301102E-005  0.286559E-004
  24.00  0.118473E-004 -0.867452E-005  0.146835E-004 -0.943117E-005  0.194203E-004  0.215892E-004
  24.50  0.309876E-004 -0.394758E-006  0.309901E-004 -0.203442E-004 -0.149039E-004  0.252193E-004
  25.00 -0.427426E-004  0.525439E-004  0.677332E-004  0.331305E-004 -0.163977E-004  0.369664E-004
  25.50 -0.710242E-005 -0.102376E-003  0.102622E-003 -0.103044E-004  0.494179E-004  0.504807E-004
  26.00  0.964560E-004  0.907231E-004  0.132418E-003 -0.375124E-004 -0.503122E-004  0.627575E-004
  26.50 -0.154627E-003  0.116721E-005  0.154631E-003  0.718696E-004  0.675620E-005  0.721865E-004
  27.00  0.117353E-003 -0.119127E-003  0.167221E-003 -0.566050E-004  0.532244E-004  0.776979E-004
  27.50  0.590075E-005  0.168613E-003  0.168716E-003 -0.449998E-005 -0.784811E-004  0.786100E-004
  28.00 -0.122078E-003 -0.100887E-003  0.158370E-003  0.614964E-004  0.423263E-004  0.746547E-004
  28.50  0.133727E-003 -0.264215E-004  0.136312E-003 -0.617823E-004  0.234537E-004  0.660843E-004
  29.00 -0.431318E-004  0.943455E-004  0.103737E-003  0.817912E-005 -0.533054E-004  0.539292E-004
  29.50 -0.389363E-004 -0.502966E-004  0.636065E-004  0.359049E-004  0.194092E-004  0.408152E-004
  30.00  0.187889E-004 -0.219658E-004  0.289054E-004 -0.171422E-004  0.284731E-004  0.332351E-004
  30.50  0.526319E-004  0.146177E-005  0.526522E-004 -0.346319E-004 -0.185324E-004  0.392787E-004
  31.00 -0.329252E-004  0.950953E-004  0.100634E-003  0.346943E-004 -0.427871E-004  0.550856E-004
  31.50 -0.102600E-003 -0.104898E-003  0.146733E-003  0.378203E-004  0.623374E-004  0.729131E-004
  32.00  0.177023E-003 -0.533310E-004  0.184882E-003 -0.875972E-004  0.132553E-004  0.885944E-004
  32.50 -0.370891E-004  0.207781E-003  0.211065E-003  0.246858E-004 -0.966547E-004  0.997573E-004
  33.00 -0.180765E-003 -0.129374E-003  0.222292E-003  0.846026E-004  0.620121E-004  0.104896E-003
  33.50  0.186065E-003 -0.111126E-003  0.216724E-003 -0.857764E-004  0.574200E-004  0.103221E-003
  34.00  0.331561E-004  0.191099E-003  0.193954E-003 -0.274992E-004 -0.907033E-004  0.947803E-004
  34.50 -0.154197E-003 -0.195435E-004  0.155431E-003  0.805164E-004 -0.674099E-005  0.807981E-004
  35.00  0.291713E-004 -0.101701E-003  0.105802E-003  0.139088E-005  0.646175E-004  0.646325E-004
  35.50  0.619245E-004 -0.193693E-005  0.619548E-004 -0.529512E-004  0.106532E-004  0.540122E-004
  36.00  0.567105E-004  0.532211E-004  0.777726E-004 -0.286598E-004 -0.518839E-004  0.592733E-004
  36.50 -0.790857E-004  0.113318E-003  0.138187E-003  0.625536E-004 -0.479718E-004  0.788305E-004
  37.00 -0.154268E-003 -0.130119E-003  0.201816E-003  0.627257E-004  0.815930E-004  0.102917E-003
  37.50  0.189925E-003 -0.171393E-003  0.255826E-003 -0.103187E-003  0.703186E-004  0.124869E-003
  38.00  0.166193E-003  0.241510E-003  0.293168E-003 -0.714699E-004 -0.121274E-003  0.140767E-003
  38.50 -0.271816E-003  0.146899E-003  0.308971E-003  0.131080E-003 -0.691411E-004  0.148198E-003
  39.00 -0.124217E-003 -0.273580E-003  0.300460E-003  0.670010E-004  0.129736E-003  0.146015E-003
  39.50  0.244966E-003 -0.107416E-003  0.267482E-003 -0.116134E-003  0.680040E-004  0.134580E-003
  40.00  0.101661E-003  0.187997E-003  0.213724E-003 -0.733952E-004 -0.904358E-004  0.116471E-003
  40.50 -0.106910E-003  0.106816E-003  0.151127E-003  0.535954E-004 -0.822282E-004  0.981527E-004
  41.00 -0.117539E-003 -0.717028E-005  0.117758E-003  0.913618E-004  0.720634E-005  0.916456E-004
  41.50 -0.104524E-003 -0.124417E-003  0.162495E-003  0.462431E-004  0.958893E-004  0.106457E-003
  42.00  0.115971E-003 -0.219389E-003  0.248155E-003 -0.900103E-004  0.102776E-003  0.136619E-003
  42.50  0.325410E-003  0.815171E-004  0.335465E-003 -0.156264E-003 -0.683947E-004  0.170577E-003
  43.00 -0.148189E-004  0.406772E-003  0.407042E-003  0.280476E-004 -0.198142E-003  0.200117E-003
  43.50 -0.444964E-003  0.818338E-004  0.452426E-003  0.218042E-003 -0.295095E-004  0.220030E-003
  44.00 -0.194105E-003 -0.422509E-003  0.464963E-003  0.962811E-004  0.205885E-003  0.227285E-003
  44.50  0.329683E-003 -0.294445E-003  0.442029E-003 -0.155611E-003  0.157056E-003  0.221091E-003
  45.00  0.345613E-003  0.173151E-003  0.386561E-003 -0.191187E-003 -0.699977E-004  0.203598E-003
  45.50  0.165711E-004  0.310817E-003  0.311258E-003 -0.350902E-004 -0.177993E-003  0.181419E-003
  46.00 -0.170331E-003  0.183951E-003  0.250700E-003  0.105782E-003 -0.129825E-003  0.167465E-003
  46.50 -0.259244E-003  0.596812E-004  0.266025E-003  0.176038E-003 -0.177720E-004  0.176933E-003
  47.00 -0.315426E-003 -0.184058E-003  0.365200E-003  0.158907E-003  0.140972E-003  0.212425E-003
  47.50 -0.531327E-004 -0.493213E-003  0.496066E-003 -0.166844E-004  0.261496E-003  0.262028E-003
  48.00  0.485568E-003 -0.387239E-003  0.621072E-003 -0.266254E-003  0.163315E-003  0.312351E-003
  48.50  0.676633E-003  0.241174E-003  0.718330E-003 -0.323304E-003 -0.143214E-003  0.353604E-003
  49.00  0.177517E-003  0.753164E-003  0.773801E-003 -0.764361E-004 -0.371655E-003  0.379433E-003
  49.50 -0.518002E-003  0.582991E-003  0.779875E-003  0.252483E-003 -0.293003E-003  0.386780E-003
  50.00 -0.735774E-003 -0.385132E-004  0.736781E-003  0.376496E-003 -0.112036E-005  0.376497E-003
  50.50 -0.431361E-003 -0.494878E-003  0.656488E-003  0.254146E-003  0.247426E-003  0.354697E-003
  51.00 -0.353481E-004 -0.570026E-003  0.571121E-003  0.426289E-004  0.331689E-003  0.334417E-003
  51.50  0.222085E-003 -0.493727E-003  0.541376E-003 -0.144271E-003  0.301708E-003  0.334428E-003
  52.00  0.472864E-003 -0.404027E-003  0.621964E-003 -0.307450E-003  0.203543E-003  0.368721E-003
  52.50  0.784685E-003 -0.129446E-003  0.795291E-003 -0.434260E-003  0.491404E-005  0.434287E-003
  53.00  0.895456E-003  0.457973E-003  0.100577E-002 -0.423460E-003 -0.294631E-003  0.515874E-003
  53.50  0.494522E-003  0.110316E-002  0.120893E-002 -0.186980E-003 -0.567282E-003  0.597302E-003
  54.00 -0.353772E-003  0.132834E-002  0.137464E-002  0.214966E-003 -0.630283E-003  0.665933E-003
  54.50 -0.118510E-002  0.891494E-003  0.148298E-002  0.584522E-003 -0.408707E-003  0.713237E-003
  55.00 -0.152314E-002  0.163340E-004  0.152323E-002  0.734952E-003 -0.559064E-005  0.734973E-003
  55.50 -0.125255E-002 -0.816370E-003  0.149511E-002  0.622763E-003  0.384143E-003  0.731710E-003
  56.00 -0.637164E-003 -0.125964E-002  0.141162E-002  0.348456E-003  0.618245E-003  0.709682E-003
  56.50 -0.374287E-004 -0.130338E-002  0.130391E-002  0.516070E-004  0.679653E-003  0.681610E-003
  57.00  0.372945E-003 -0.116773E-002  0.122584E-002 -0.191264E-003  0.638027E-003  0.666078E-003
  57.50  0.667319E-003 -0.104986E-002  0.124400E-002 -0.388740E-003  0.560807E-003  0.682366E-003
  58.00  0.101525E-002 -0.958161E-003  0.139600E-002 -0.583198E-003  0.456161E-003  0.740407E-003
  58.50  0.148865E-002 -0.737428E-003  0.166129E-002 -0.786093E-003  0.282152E-003  0.835196E-003
  59.00  0.197794E-002 -0.221210E-003  0.199027E-002 -0.952232E-003 -0.185132E-005  0.952234E-003
  59.50  0.225318E-002  0.622974E-003  0.233772E-002 -0.100327E-002 -0.388465E-003  0.107585E-002
  60.00  0.210137E-002  0.164887E-002  0.267105E-002 -0.875040E-003 -0.811367E-003  0.119332E-002
  60.50  0.144286E-002  0.259416E-002  0.296842E-002 -0.555104E-003 -0.117067E-002  0.129561E-002
  61.00  0.368649E-003  0.319492E-002  0.321611E-002 -0.914836E-004 -0.137400E-002  0.137704E-002
  61.50 -0.902423E-003  0.328508E-002  0.340677E-002  0.426133E-003 -0.136994E-002  0.143469E-002
  62.00 -0.210879E-002  0.284090E-002  0.353804E-002  0.898398E-003 -0.116078E-002  0.146783E-002
  62.50 -0.302878E-002  0.196691E-002  0.361140E-002  0.124563E-002 -0.794478E-003  0.147743E-002
  63.00 -0.353156E-002  0.844821E-003  0.363121E-002  0.142459E-002 -0.344369E-003  0.146562E-002
  63.50 -0.358889E-002 -0.326422E-003  0.360370E-002  0.143085E-002  0.113244E-003  0.143532E-002
  64.00 -0.325654E-002 -0.137835E-002  0.353623E-002  0.129046E-002  0.516075E-003  0.138983E-002
  64.50 -0.264096E-002 -0.219884E-002  0.343651E-002  0.104683E-002  0.824466E-003  0.133251E-002
  65.00 -0.186513E-002 -0.273705E-002  0.331212E-002  0.747884E-003  0.102226E-002  0.126663E-002
  65.50 -0.104238E-002 -0.299384E-002  0.317012E-002  0.436565E-003  0.111252E-002  0.119511E-002
  66.00 -0.261262E-003 -0.300540E-002  0.301674E-002  0.145571E-003  0.111103E-002  0.112053E-002
  66.50  0.419569E-003 -0.282633E-002  0.285730E-002 -0.104152E-003  0.103980E-002  0.104500E-002
  67.00  0.969463E-003 -0.251582E-002  0.269614E-002 -0.302357E-003  0.921906E-003  0.970221E-003
  67.50  0.138006E-002 -0.212841E-002  0.253667E-002 -0.447137E-003  0.778158E-003  0.897475E-003
  68.00  0.165842E-002 -0.170904E-002  0.238142E-002 -0.542218E-003  0.625349E-003  0.827685E-003
  68.50  0.182072E-002 -0.129137E-002  0.223219E-002 -0.594518E-003  0.475789E-003  0.761464E-003
  69.00  0.188720E-002 -0.898393E-003  0.209013E-002 -0.612257E-003  0.337617E-003  0.699174E-003
  69.50  0.187871E-002 -0.544040E-003  0.195590E-002 -0.603663E-003  0.215510E-003  0.640979E-003
  70.00  0.181458E-002 -0.235270E-003  0.182977E-002 -0.576200E-003  0.111518E-003  0.586893E-003
  70.50  0.171151E-002  0.259621E-004  0.171170E-002 -0.536200E-003  0.258498E-004  0.536823E-003
  71.00  0.158324E-002  0.241017E-003  0.160148E-002 -0.488762E-003 -0.424759E-004  0.490604E-003
  71.50  0.144063E-002  0.413258E-003  0.149873E-002 -0.437812E-003 -0.951193E-004  0.448026E-003
  72.00  0.129194E-002  0.547099E-003  0.140301E-002 -0.386251E-003 -0.134059E-003  0.408854E-003
  72.50  0.114328E-002  0.647354E-003  0.131383E-002 -0.336125E-003 -0.161350E-003  0.372845E-003
  73.00  0.998973E-003  0.718817E-003  0.123071E-002 -0.288802E-003 -0.178967E-003  0.339758E-003
  73.50  0.861964E-003  0.766015E-003  0.115315E-002 -0.245126E-003 -0.188725E-003  0.309360E-003
  74.00  0.734131E-003  0.793075E-003  0.108070E-002 -0.205548E-003 -0.192233E-003  0.281432E-003
  74.50  0.616554E-003  0.803668E-003  0.101293E-002 -0.170238E-003 -0.190883E-003  0.255768E-003
  75.00  0.509720E-003  0.801004E-003  0.949432E-003 -0.139161E-003 -0.185857E-003  0.232182E-003
  75.50  0.413687E-003  0.787848E-003  0.889855E-003 -0.112150E-003 -0.178138E-003  0.210502E-003
  76.00  0.328215E-003  0.766558E-003  0.833868E-003 -0.889485E-004 -0.168539E-003  0.190570E-003
  76.50  0.252856E-003  0.739120E-003  0.781176E-003 -0.692493E-004 -0.157713E-003  0.172247E-003
  77.00  0.187032E-003  0.707197E-003  0.731511E-003 -0.527209E-004 -0.146186E-003  0.155402E-003
  77.50  0.130080E-003  0.672162E-003  0.684633E-003 -0.390249E-004 -0.134367E-003  0.139920E-003
  78.00  0.812999E-004  0.635143E-003  0.640325E-003 -0.278298E-004 -0.122575E-003  0.125694E-003
  78.50  0.399794E-004  0.597054E-003  0.598391E-003 -0.188189E-004 -0.111047E-003  0.112630E-003
  79.00  0.541480E-005  0.558625E-003  0.558651E-003 -0.116965E-004 -0.999583E-004  0.100640E-003
  79.50 -0.230732E-004  0.520433E-003  0.520945E-003 -0.619035E-005 -0.894312E-004  0.896452E-004
  80.00 -0.461300E-004  0.482923E-003  0.485121E-003 -0.205331E-005 -0.795462E-004  0.795727E-004
  80.50 -0.643610E-004  0.446428E-003  0.451043E-003  0.936382E-006 -0.703507E-004  0.703570E-004
  81.00 -0.783281E-004  0.411191E-003  0.418585E-003  0.297577E-005 -0.618665E-004  0.619380E-004
  81.50 -0.885474E-004  0.377377E-003  0.387626E-003  0.423851E-005 -0.540953E-004  0.542611E-004
  82.00 -0.954891E-004  0.345089E-003  0.358056E-003  0.487637E-005 -0.470244E-004  0.472765E-004
  82.50 -0.995790E-004  0.314377E-003  0.329771E-003  0.502092E-005 -0.406300E-004  0.409390E-004
  83.00 -0.101200E-003  0.285252E-003  0.302672E-003  0.478537E-005 -0.348812E-004  0.352079E-004
  83.50 -0.100694E-003  0.257688E-003  0.276663E-003  0.426654E-005 -0.297424E-004  0.300469E-004
  84.00 -0.983660E-004  0.231633E-003  0.251654E-003  0.354671E-005 -0.251757E-004  0.254243E-004
  84.50 -0.944839E-004  0.207015E-003  0.227558E-003  0.269521E-005 -0.211419E-004  0.213131E-004
  85.00 -0.892849E-004  0.183746E-003  0.204290E-003  0.177008E-005 -0.176027E-004  0.176914E-004
  85.50 -0.829772E-004  0.161725E-003  0.181770E-003  0.819530E-006 -0.145208E-004  0.145439E-004
  86.00 -0.757427E-004  0.140841E-003  0.159916E-003 -0.116628E-006 -0.118618E-004  0.118623E-004
  86.50 -0.677399E-004  0.120978E-003  0.138652E-003 -0.100580E-005 -0.959344E-005  0.964602E-005
  87.00 -0.591075E-004  0.102014E-003  0.117900E-003 -0.182162E-005 -0.768711E-005  0.790000E-005
  87.50 -0.499667E-004  0.838234E-004  0.975860E-004 -0.254306E-005 -0.611746E-005  0.662499E-005
  88.00 -0.404243E-004  0.662803E-004  0.776351E-004 -0.315363E-005 -0.486291E-005  0.579597E-005
  88.50 -0.305749E-004  0.492560E-004  0.579739E-004 -0.364072E-005 -0.390571E-005  0.533942E-005
  89.00 -0.205032E-004  0.326210E-004  0.385293E-004 -0.399499E-005 -0.323198E-005  0.513864E-005
  89.50 -0.102872E-004  0.162456E-004  0.192287E-004 -0.421005E-005 -0.283176E-005  0.507379E-005
  90.00  0.000000E+000  0.000000E+000  0.000000E+000 -0.428214E-005 -0.269903E-005  0.506177E-005
  90.50  0.102872E-004 -0.162456E-004  0.192287E-004 -0.421005E-005 -0.283176E-005  0.507379E-005
  91.00  0.205032E-004 -0.326210E-004  0.385293E-004 -0.399499E-005 -0.323198E-005  0.513864E-005
  91.50  0.305749E-004 -0.492560E-004  0.579739E-004 -0.364072E-005 -0.390571E-005  0.533942E-005
  92.00  0.404243E-004 -0.662803E-004  0.776351E-004 -0.315363E-005 -0.486291E-005  0.579597E-005
  92.50  0.499667E-004 -0.838234E-004  0.975860E-004 -0.254306E-005 -0.611746E-005  0.662499E-005
  93.00  0.591075E-004 -0.102014E-003  0.117900E-003 -0.182162E-005 -0.768711E-005  0.790000E-005
  93.50  0.677399E-004 -0.120978E-003  0.138652E-003 -0.100580E-005 -0.959344E-005  0.964602E-005
  94.00  0.757427E-004 -0.140841E-003  0.159916E-003 -0.116628E-006 -0.118618E-004  0.118623E-004
  94.50  0.829772E-004 -0.161725E-003  0.181770E-003  0.819530E-006 -0.145208E-004  0.145439E-004
  95.00  0.892849E-004 -0.183746E-003  0.204290E-003  0.177008E-005 -0.176027E-004  0.176914E-004
  95.50  0.944839E-004 -0.207015E-003  0.227558E-003  0.269521E-005 -0.211419E-004  0.213131E-004
  96.00  0.983660E-004 -0.231633E-003  0.251654E-003  0.354671E-005 -0.251757E-004  0.254243E-004
  96.50  0.100694E-003 -0.257688E-003  0.276663E-003  0.426654E-005 -0.297424E-004  0.300469E-004
  97.00  0.101200E-003 -0.285252E-003  0.302672E-003  0.478537E-005 -0.348812E-004  0.352079E-004
  97.50  0.995790E-004 -0.314377E-003  0.329771E-003  0.502092E-005 -0.406300E-004  0.409390E-004
  98.00  0.954891E-004 -0.345089E-003  0.358056E-003  0.487637E-005 -0.470244E-004  0.472765E-004
  98.50  0.885474E-004 -0.377377E-003  0.387626E-003  0.423851E-005 -0.540953E-004  0.542611E-004
  99.00  0.783281E-004 -0.411191E-003  0.418585E-003  0.297577E-005 -0.618665E-004  0.619380E-004
  99.50  0.643610E-004 -0.446428E-003  0.451043E-003  0.936382E-006 -0.703507E-004  0.703570E-004
 100.00  0.461300E-004 -0.482923E-003  0.485121E-003 -0.205331E-005 -0.795462E-004  0.795727E-004
 100.50  0.230732E-004 -0.520433E-003  0.520945E-003 -0.619035E-005 -0.894312E-004  0.896452E-004
 101.00 -0.541480E-005 -0.558625E-003  0.558651E-003 -0.116965E-004 -0.999583E-004  0.100640E-003
 101.50 -0.399794E-004 -0.597054E-003  0.598391E-003 -0.188189E-004 -0.111047E-003  0.112630E-003
 102.00 -0.812999E-004 -0.635143E-003  0.640325E-003 -0.278298E-004 -0.122575E-003  0.125694E-003
 102.50 -0.130080E-003 -0.672162E-003  0.684633E-003 -0.390249E-004 -0.134367E-003  0.139920E-003
 103.00 -0.187032E-003 -0.707197E-003  0.731511E-003 -0.527209E-004 -0.146186E-003  0.155402E-003
 103.50 -0.252856E-003 -0.739120E-003  0.781176E-003 -0.692493E-004 -0.157713E-003  0.172247E-003
 104.00 -0.328215E-003 -0.766558E-003  0.833868E-003 -0.889485E-004 -0.168539E-003  0.190570E-003
 104.50 -0.413687E-003 -0.787848E-003  0.889855E-003 -0.112150E-003 -0.178138E-003  0.210502E-003
 105.00 -0.509720E-003 -0.801004E-003  0.949432E-003 -0.139161E-003 -0.185857E-003  0.232182E-003
 105.50 -0.616554E-003 -0.803668E-003  0.101293E-002 -0.170238E-003 -0.190883E-003  0.255768E-003
 106.00 -0.734131E-003 -0.793075E-003  0.108070E-002 -0.205548E-003 -0.192233E-003  0.281432E-003
 106.50 -0.861964E-003 -0.766015E-003  0.115315E-002 -0.245126E-003 -0.188725E-003  0.309360E-003
 107.00 -0.998973E-003 -0.718817E-003  0.123071E-002 -0.288802E-003 -0.178967E-003  0.339758E-003
 107.50 -0.114328E-002 -0.647354E-003  0.131383E-002 -0.336125E-003 -0.161350E-003  0.372845E-003
 108.00 -0.129194E-002 -0.547099E-003  0.140301E-002 -0.386251E-003 -0.134059E-003  0.408854E-003
 108.50 -0.144063E-002 -0.413258E-003  0.149873E-002 -0.437812E-003 -0.951193E-004  0.448026E-003
 109.00 -0.158324E-002 -0.241017E-003  0.160148E-002 -0.488762E-003 -0.424759E-004  0.490604E-003
 109.50 -0.171151E-002 -0.259621E-004  0.171170E-002 -0.536200E-003  0.258498E-004  0.536823E-003
 110.00 -0.181458E-002  0.235270E-003  0.182977E-002 -0.576200E-003  0.111518E-003  0.586893E-003
 110.50 -0.187871E-002  0.544040E-003  0.195590E-002 -0.603663E-003  0.215510E-003  0.640979E-003
 111.00 -0.188720E-002  0.898393E-003  0.209013E-002 -0.612257E-003  0.337617E-003  0.699174E-003
 111.50 -0.182072E-002  0.129137E-002  0.223219E-002 -0.594518E-003  0.475789E-003  0.761464E-003
 112.00 -0.165842E-002  0.170904E-002  0.238142E-002 -0.542218E-003  0.625349E-003  0.827685E-003
 112.50 -0.138006E-002  0.212841E-002  0.253667E-002 -0.447137E-003  0.778158E-003  0.897475E-003
 113.00 -0.969463E-003  0.251582E-002  0.269614E-002 -0.302357E-003  0.921906E-003  0.970221E-003
 113.50 -0.419569E-003  0.282633E-002  0.285730E-002 -0.104152E-003  0.103980E-002  0.104500E-002
 114.00  0.261262E-003  0.300540E-002  0.301674E-002  0.145571E-003  0.111103E-002  0.112053E-002
 114.50  0.104238E-002  0.299384E-002  0.317012E-002  0.436565E-003  0.111252E-002  0.119511E-002
 115.00  0.186513E-002  0.273705E-002  0.331212E-002  0.747884E-003  0.102226E-002  0.126663E-002
 115.50  0.264096E-002  0.219884E-002  0.343651E-002  0.104683E-002  0.824466E-003  0.133251E-002
 116.00  0.325654E-002  0.137835E-002  0.353623E-002  0.129046E-002  0.516075E-003  0.138983E-002
 116.50  0.358889E-002  0.326422E-003  0.360370E-002  0.143085E-002  0.113244E-003  0.143532E-002
 117.00  0.353156E-002 -0.844821E-003  0.363121E-002  0.142459E-002 -0.344369E-003  0.146562E-002
 117.50  0.302878E-002 -0.196691E-002  0.361140E-002  0.124563E-002 -0.794478E-003  0.147743E-002
 118.00  0.210879E-002 -0.284090E-002  0.353804E-002  0.898398E-003 -0.116078E-002  0.146783E-002
 118.50  0.902423E-003 -0.328508E-002  0.340677E-002  0.426133E-003 -0.136994E-002  0.143469E-002
 119.00 -0.368649E-003 -0.319492E-002  0.321611E-002 -0.914836E-004 -0.137400E-002  0.137704E-002
 119.50 -0.144286E-002 -0.259416E-002  0.296842E-002 -0.555104E-003 -0.117067E-002  0.129561E-002
 120.00 -0.210137E-002 -0.164887E-002  0.267105E-002 -0.875040E-003 -0.811367E-003  0.119332E-002
 120.50 -0.225318E-002 -0.622974E-003  0.233772E-002 -0.100327E-002 -0.388465E-003  0.107585E-002
 121.00 -0.197794E-002  0.221210E-003  0.199027E-002 -0.952232E-003 -0.185132E-005  0.952234E-003
 121.50 -0.148865E-002  0.737428E-003  0.166129E-002 -0.786093E-003  0.282152E-003  0.835196E-003
 122.00 -0.101525E-002  0.958161E-003  0.139600E-002 -0.583198E-003  0.456161E-003  0.740407E-003
 122.50 -0.667319E-003  0.104986E-002  0.124400E-002 -0.388740E-003  0.560807E-003  0.682366E-003
 123.00 -0.372945E-003  0.116773E-002  0.122584E-002 -0.191264E-003  0.638027E-003  0.666078E-003
 123.50  0.374287E-004  0.130338E-002  0.130391E-002  0.516070E-004  0.679653E-003  0.681610E-003
 124.00  0.637164E-003  0.125964E-002  0.141162E-002  0.348456E-003  0.618245E-003  0.709682E-003
 124.50  0.125255E-002  0.816370E-003  0.149511E-002  0.622763E-003  0.384143E-003  0.731710E-003
 125.00  0.152314E-002 -0.163340E-004  0.152323E-002  0.734952E-003 -0.559064E-005  0.734973E-003
 125.50  0.118510E-002 -0.891494E-003  0.148298E-002  0.584522E-003 -0.408707E-003  0.713237E-003
 126.00  0.353772E-003 -0.132834E-002  0.137464E-002  0.214966E-003 -0.630283E-003  0.665933E-003
 126.50 -0.494522E-003 -0.110316E-002  0.120893E-002 -0.186980E-003 -0.567282E-003  0.597302E-003
 127.00 -0.895456E-003 -0.457973E-003  0.100577E-002 -0.423460E-003 -0.294631E-003  0.515874E-003
 127.50 -0.784685E-003  0.129446E-003  0.795291E-003 -0.434260E-003  0.491404E-005  0.434287E-003
 128.00 -0.472864E-003  0.404027E-003  0.621964E-003 -0.307450E-003  0.203543E-003  0.368721E-003
 128.50 -0.222085E-003  0.493727E-003  0.541376E-003 -0.144271E-003  0.301708E-003  0.334428E-003
 129.00  0.353481E-004  0.570026E-003  0.571121E-003  0.426289E-004  0.331689E-003  0.334417E-003
 129.50  0.431361E-003  0.494878E-003  0.656488E-003  0.254146E-003  0.247426E-003  0.354697E-003
 130.00  0.735774E-003  0.385132E-004  0.736781E-003  0.376496E-003 -0.112036E-005  0.376497E-003
 130.50  0.518002E-003 -0.582991E-003  0.779875E-003  0.252483E-003 -0.293003E-003  0.386780E-003
 131.00 -0.177517E-003 -0.753164E-003  0.773801E-003 -0.764361E-004 -0.371655E-003  0.379433E-003
 131.50 -0.676633E-003 -0.241174E-003  0.718330E-003 -0.323304E-003 -0.143214E-003  0.353604E-003
 132.00 -0.485568E-003  0.387239E-003  0.621072E-003 -0.266254E-003  0.163315E-003  0.312351E-003
 132.50  0.531327E-004  0.493213E-003  0.496066E-003 -0.166844E-004  0.261496E-003  0.262028E-003
 133.00  0.315426E-003  0.184058E-003  0.365200E-003  0.158907E-003  0.140972E-003  0.212425E-003
 133.50  0.259244E-003 -0.596812E-004  0.266025E-003  0.176038E-003 -0.177720E-004  0.176933E-003
 134.00  0.170331E-003 -0.183951E-003  0.250700E-003  0.105782E-003 -0.129825E-003  0.167465E-003
 134.50 -0.165711E-004 -0.310817E-003  0.311258E-003 -0.350902E-004 -0.177993E-003  0.181419E-003
 135.00 -0.345613E-003 -0.173151E-003  0.386561E-003 -0.191187E-003 -0.699977E-004  0.203598E-003
 135.50 -0.329683E-003  0.294445E-003  0.442029E-003 -0.155611E-003  0.157056E-003  0.221091E-003
 136.00  0.194105E-003  0.422509E-003  0.464963E-003  0.962811E-004  0.205885E-003  0.227285E-003
 136.50  0.444964E-003 -0.818338E-004  0.452426E-003  0.218042E-003 -0.295095E-004  0.220030E-003
 137.00  0.148189E-004 -0.406772E-003  0.407042E-003  0.280476E-004 -0.198142E-003  0.200117E-003
 137.50 -0.325410E-003 -0.815171E-004  0.335465E-003 -0.156264E-003 -0.683947E-004  0.170577E-003
 138.00 -0.115971E-003  0.219389E-003  0.248155E-003 -0.900103E-004  0.102776E-003  0.136619E-003
 138.50  0.104524E-003  0.124417E-003  0.162495E-003  0.462431E-004  0.958893E-004  0.106457E-003
 139.00  0.117539E-003  0.717028E-005  0.117758E-003  0.913618E-004  0.720634E-005  0.916456E-004
 139.50  0.106910E-003 -0.106816E-003  0.151127E-003  0.535954E-004 -0.822282E-004  0.981527E-004
 140.00 -0.101661E-003 -0.187997E-003  0.213724E-003 -0.733952E-004 -0.904358E-004  0.116471E-003
 140.50 -0.244966E-003  0.107416E-003  0.267482E-003 -0.116134E-003  0.680040E-004  0.134580E-003
 141.00  0.124217E-003  0.273580E-003  0.300460E-003  0.670010E-004  0.129736E-003  0.146015E-003
 141.50  0.271816E-003 -0.146899E-003  0.308971E-003  0.131080E-003 -0.691411E-004  0.148198E-003
 142.00 -0.166193E-003 -0.241510E-003  0.293168E-003 -0.714699E-004 -0.121274E-003  0.140767E-003
 142.50 -0.189925E-003  0.171393E-003  0.255826E-003 -0.103187E-003  0.703186E-004  0.124869E-003
 143.00  0.154268E-003  0.130119E-003  0.201816E-003  0.627257E-004  0.815930E-004  0.102917E-003
 143.50  0.790857E-004 -0.113318E-003  0.138187E-003  0.625536E-004 -0.479718E-004  0.788305E-004
 144.00 -0.567105E-004 -0.532211E-004  0.777726E-004 -0.286598E-004 -0.518839E-004  0.592733E-004
 144.50 -0.619245E-004  0.193693E-005  0.619548E-004 -0.529512E-004  0.106532E-004  0.540122E-004
 145.00 -0.291713E-004  0.101701E-003  0.105802E-003  0.139088E-005  0.646175E-004  0.646325E-004
 145.50  0.154197E-003  0.195435E-004  0.155431E-003  0.805164E-004 -0.674099E-005  0.807981E-004
 146.00 -0.331561E-004 -0.191099E-003  0.193954E-003 -0.274992E-004 -0.907033E-004  0.947803E-004
 146.50 -0.186065E-003  0.111126E-003  0.216724E-003 -0.857764E-004  0.574200E-004  0.103221E-003
 147.00  0.180765E-003  0.129374E-003  0.222292E-003  0.846026E-004  0.620121E-004  0.104896E-003
 147.50  0.370891E-004 -0.207781E-003  0.211065E-003  0.246858E-004 -0.966547E-004  0.997573E-004
 148.00 -0.177023E-003  0.533310E-004  0.184882E-003 -0.875972E-004  0.132553E-004  0.885944E-004
 148.50  0.102600E-003  0.104898E-003  0.146733E-003  0.378203E-004  0.623374E-004  0.729131E-004
 149.00  0.329252E-004 -0.950953E-004  0.100634E-003  0.346943E-004 -0.427871E-004  0.550856E-004
 149.50 -0.526319E-004 -0.146177E-005  0.526522E-004 -0.346319E-004 -0.185324E-004  0.392787E-004
 150.00 -0.187889E-004  0.219658E-004  0.289054E-004 -0.171422E-004  0.284731E-004  0.332351E-004
 150.50  0.389363E-004  0.502966E-004  0.636065E-004  0.359049E-004  0.194092E-004  0.408152E-004
 151.00  0.431318E-004 -0.943455E-004  0.103737E-003  0.817912E-005 -0.533054E-004  0.539292E-004
 151.50 -0.133727E-003  0.264215E-004  0.136312E-003 -0.617823E-004  0.234537E-004  0.660843E-004
 152.00  0.122078E-003  0.100887E-003  0.158370E-003  0.614964E-004  0.423263E-004  0.746547E-004
 152.50 -0.590075E-005 -0.168613E-003  0.168716E-003 -0.449998E-005 -0.784811E-004  0.786100E-004
 153.00 -0.117353E-003  0.119127E-003  0.167221E-003 -0.566050E-004  0.532244E-004  0.776979E-004
 153.50  0.154627E-003 -0.116721E-005  0.154631E-003  0.718696E-004  0.675620E-005  0.721865E-004
 154.00 -0.964560E-004 -0.907231E-004  0.132418E-003 -0.375124E-004 -0.503122E-004  0.627575E-004
 154.50  0.710242E-005  0.102376E-003  0.102622E-003 -0.103044E-004  0.494179E-004  0.504807E-004
 155.00  0.427426E-004 -0.525439E-004  0.677332E-004  0.331305E-004 -0.163977E-004  0.369664E-004
 155.50 -0.309876E-004  0.394758E-006  0.309901E-004 -0.203442E-004 -0.149039E-004  0.252193E-004
 156.00 -0.118473E-004  0.867452E-005  0.146835E-004 -0.943117E-005  0.194203E-004  0.215892E-004
 156.50  0.378054E-004  0.272476E-004  0.466013E-004  0.284972E-004  0.301102E-005  0.286559E-004
 157.00 -0.195344E-004 -0.751386E-004  0.776364E-004 -0.213734E-004 -0.329977E-004  0.393150E-004
 157.50 -0.353716E-004  0.968015E-004  0.103062E-003 -0.747416E-005  0.485651E-004  0.491368E-004
 158.00  0.959940E-004 -0.743609E-004  0.121426E-003  0.404601E-004 -0.394435E-004  0.565050E-004
 158.50 -0.130870E-003  0.170996E-004  0.131982E-003 -0.598014E-004  0.107395E-004  0.607581E-004
 159.00  0.125361E-003  0.488067E-004  0.134527E-003  0.572417E-004  0.229705E-004  0.616787E-004
 159.50 -0.856916E-004 -0.968930E-004  0.129350E-003 -0.362229E-004 -0.470061E-004  0.593436E-004
 160.00  0.316003E-004  0.112819E-003  0.117161E-003  0.769260E-005  0.535103E-004  0.540605E-004
 160.50  0.152764E-004 -0.978339E-004  0.990194E-004  0.164254E-004 -0.433225E-004  0.463318E-004
 161.00 -0.406131E-004  0.645178E-004  0.762362E-004 -0.283551E-004  0.235387E-004  0.368522E-004
 161.50  0.409817E-004 -0.291416E-004  0.502865E-004  0.264176E-004 -0.321606E-005  0.266127E-004
 162.00 -0.222033E-004  0.487445E-005  0.227320E-004 -0.140573E-004 -0.104090E-004  0.174915E-004
 162.50 -0.513691E-005  0.182494E-005  0.545145E-005 -0.269590E-005  0.138970E-004  0.141560E-004
 163.00  0.304005E-004  0.859017E-005  0.315909E-004  0.178624E-004 -0.767428E-005  0.194412E-004
 163.50 -0.461294E-004 -0.308356E-004  0.554865E-004 -0.273019E-004 -0.516423E-005  0.277860E-004
 164.00  0.492688E-004  0.576672E-004  0.758480E-004  0.293700E-004  0.204769E-004  0.358036E-004
 164.50 -0.407281E-004 -0.823656E-004  0.918851E-004 -0.246461E-004 -0.344654E-004  0.423709E-004
 165.00  0.240157E-004  0.100245E-003  0.103082E-003  0.151518E-004  0.445101E-004  0.470184E-004
 165.50 -0.367165E-005 -0.109129E-003  0.109190E-003 -0.346572E-005 -0.494215E-004  0.495429E-004
 166.00 -0.160148E-004  0.109047E-003  0.110217E-003 -0.799484E-005  0.492617E-004  0.499063E-004
 166.50  0.317908E-004 -0.101539E-003  0.106399E-003  0.174085E-004 -0.449415E-004  0.481954E-004
 167.00 -0.417362E-004  0.888584E-004  0.981720E-004 -0.237078E-004  0.377755E-004  0.445987E-004
 167.50  0.451955E-004 -0.733207E-004  0.861311E-004  0.265337E-004 -0.291112E-004  0.393891E-004
 168.00 -0.425058E-004  0.568602E-004  0.709918E-004 -0.260754E-004  0.200836E-004  0.329132E-004
 168.50  0.346600E-004 -0.408191E-004  0.535492E-004  0.228759E-004 -0.114956E-004  0.256019E-004
 169.00 -0.229981E-004  0.259167E-004  0.346495E-004 -0.176540E-004  0.380062E-005  0.180585E-004
 169.50  0.897265E-005 -0.123409E-004  0.152580E-004  0.111702E-004  0.284943E-005  0.115279E-004
 170.00  0.600031E-005 -0.960413E-007  0.600107E-005 -0.414088E-005 -0.852212E-005  0.947488E-005
 170.50 -0.206204E-004  0.117822E-004  0.237491E-004 -0.280503E-005  0.134134E-004  0.137036E-004
 171.00  0.337347E-004 -0.231382E-004  0.409073E-004  0.914067E-005 -0.177628E-004  0.199767E-004
 171.50 -0.443489E-004  0.344754E-004  0.561728E-004 -0.144401E-004  0.217836E-004  0.261351E-004
 172.00  0.516392E-004 -0.458889E-004  0.690825E-004  0.183737E-004 -0.256111E-004  0.315202E-004
 172.50 -0.549793E-004  0.571905E-004  0.793314E-004 -0.207069E-004  0.292716E-004  0.358553E-004
 173.00  0.539888E-004 -0.678884E-004  0.867388E-004  0.213080E-004 -0.326698E-004  0.390044E-004
 173.50 -0.485985E-004  0.772169E-004  0.912374E-004 -0.201623E-004  0.355986E-004  0.409118E-004
 174.00  0.391215E-004 -0.842192E-004  0.928621E-004  0.173913E-004 -0.377678E-004  0.415796E-004
 174.50 -0.263086E-004  0.878849E-004  0.917382E-004 -0.132678E-004  0.388530E-004  0.410560E-004
