 % the field is psp
% Dinn5 settings , t1, t2, t3, t4, tm, tp, eps, step, IntLimit
%   0.249000E+002  0.249000E+002  0.249000E+002  0.278880E+003  0.200000E-001  0.000000E+000  0.100000E-005  0.100000E-001  0.100000E+006
% 1)psi, 2) R, 3) x, 4) z, 5) re(u), 6) im(u), 7) abs(u), 8) re(w), 9) im(w), 10) abs(w), 11) fieldCode, 12) cp(1), 13) cp(2), 14) cs(1), 15) cs(2), 16) rho(1), 17) rho(2), 18) h, 19) w
  0.349364E+003  0.958953E+001  0.942478E+001 -0.376991E+001 -0.513232E-004 -0.145333E-004  0.533412E-004 -0.755408E-005 -0.242282E-005  0.793311E-005  0.210000E+002  0.200000E+001  0.100000E+001  0.500000E+000  0.300000E+000  0.200000E+001  0.100000E+001  0.100000E+001  0.100000E+002
  0.349364E+003  0.958953E+001  0.942478E+001 -0.376991E+001 -0.460810E-004  0.218147E-004  0.509837E-004 -0.697707E-005  0.301678E-005  0.760135E-005  0.210000E+002  0.200000E+001  0.100000E+001  0.500000E+000  0.300000E+000  0.200000E+001  0.100000E+001  0.100000E+001  0.104000E+002
  0.349364E+003  0.958953E+001  0.942478E+001 -0.376991E+001 -0.194584E-004  0.446768E-004  0.487304E-004 -0.312733E-005  0.655513E-005  0.726291E-005  0.210000E+002  0.200000E+001  0.100000E+001  0.500000E+000  0.300000E+000  0.200000E+001  0.100000E+001  0.100000E+001  0.108000E+002
  0.349364E+003  0.958953E+001  0.942478E+001 -0.376991E+001  0.142018E-004  0.444615E-004  0.466746E-004  0.189599E-005  0.668886E-005  0.695238E-005  0.210000E+002  0.200000E+001  0.100000E+001  0.500000E+000  0.300000E+000  0.200000E+001  0.100000E+001  0.100000E+001  0.112000E+002
  0.349364E+003  0.958953E+001  0.942478E+001 -0.376991E+001  0.384367E-004  0.231149E-004  0.448518E-004  0.561749E-005  0.362559E-005  0.668589E-005  0.210000E+002  0.200000E+001  0.100000E+001  0.500000E+000  0.300000E+000  0.200000E+001  0.100000E+001  0.100000E+001  0.116000E+002
  0.349364E+003  0.958953E+001  0.942478E+001 -0.376991E+001  0.424897E-004 -0.765761E-005  0.431743E-004  0.637012E-005 -0.942526E-006  0.643947E-005  0.210000E+002  0.200000E+001  0.100000E+001  0.500000E+000  0.300000E+000  0.200000E+001  0.100000E+001  0.100000E+001  0.120000E+002
  0.349364E+003  0.958953E+001  0.942478E+001 -0.376991E+001  0.259105E-004 -0.325604E-004  0.416117E-004  0.401267E-005 -0.473449E-005  0.620620E-005  0.210000E+002  0.200000E+001  0.100000E+001  0.500000E+000  0.300000E+000  0.200000E+001  0.100000E+001  0.100000E+001  0.124000E+002
  0.349364E+003  0.958953E+001  0.942478E+001 -0.376991E+001 -0.196319E-005 -0.401331E-004  0.401811E-004 -0.112862E-006 -0.599293E-005  0.599399E-005  0.210000E+002  0.200000E+001  0.100000E+001  0.500000E+000  0.300000E+000  0.200000E+001  0.100000E+001  0.100000E+001  0.128000E+002
  0.349364E+003  0.958953E+001  0.942478E+001 -0.376991E+001 -0.270595E-004 -0.279018E-004  0.388681E-004 -0.391407E-005 -0.428101E-005  0.580060E-005  0.210000E+002  0.200000E+001  0.100000E+001  0.500000E+000  0.300000E+000  0.200000E+001  0.100000E+001  0.100000E+001  0.132000E+002
  0.349364E+003  0.958953E+001  0.942478E+001 -0.376991E+001 -0.375283E-004 -0.298213E-005  0.376466E-004 -0.558685E-005 -0.607243E-006  0.561975E-005  0.210000E+002  0.200000E+001  0.100000E+001  0.500000E+000  0.300000E+000  0.200000E+001  0.100000E+001  0.100000E+001  0.136000E+002
  0.349364E+003  0.958953E+001  0.942478E+001 -0.376991E+001 -0.292283E-004  0.218797E-004  0.365104E-004 -0.445487E-005  0.314138E-005  0.545107E-005  0.210000E+002  0.200000E+001  0.100000E+001  0.500000E+000  0.300000E+000  0.200000E+001  0.100000E+001  0.100000E+001  0.140000E+002
  0.349364E+003  0.958953E+001  0.942478E+001 -0.376991E+001 -0.725053E-005  0.347073E-004  0.354566E-004 -0.122667E-005  0.515110E-005  0.529514E-005  0.210000E+002  0.200000E+001  0.100000E+001  0.500000E+000  0.300000E+000  0.200000E+001  0.100000E+001  0.100000E+001  0.144000E+002
  0.349364E+003  0.958953E+001  0.942478E+001 -0.376991E+001  0.170274E-004  0.299760E-004  0.344746E-004  0.242015E-005  0.454581E-005  0.514991E-005  0.210000E+002  0.200000E+001  0.100000E+001  0.500000E+000  0.300000E+000  0.200000E+001  0.100000E+001  0.100000E+001  0.148000E+002
  0.349364E+003  0.958953E+001  0.942478E+001 -0.376991E+001  0.317302E-004  0.109165E-004  0.335555E-004  0.469539E-005  0.175804E-005  0.501372E-005  0.210000E+002  0.200000E+001  0.100000E+001  0.500000E+000  0.300000E+000  0.200000E+001  0.100000E+001  0.100000E+001  0.152000E+002
  0.349364E+003  0.958953E+001  0.942478E+001 -0.376991E+001  0.302173E-004 -0.124863E-004  0.326954E-004  0.456365E-005 -0.174604E-005  0.488626E-005  0.210000E+002  0.200000E+001  0.100000E+001  0.500000E+000  0.300000E+000  0.200000E+001  0.100000E+001  0.100000E+001  0.156000E+002
  0.349364E+003  0.958953E+001  0.942478E+001 -0.376991E+001  0.140266E-004 -0.286388E-004  0.318893E-004  0.220726E-005 -0.422512E-005  0.476693E-005  0.210000E+002  0.200000E+001  0.100000E+001  0.500000E+000  0.300000E+000  0.200000E+001  0.100000E+001  0.100000E+001  0.160000E+002
  0.349364E+003  0.958953E+001  0.942478E+001 -0.376991E+001 -0.825488E-005 -0.300177E-004  0.311320E-004 -0.111911E-005 -0.451821E-005  0.465474E-005  0.210000E+002  0.200000E+001  0.100000E+001  0.500000E+000  0.300000E+000  0.200000E+001  0.100000E+001  0.100000E+001  0.164000E+002
  0.349364E+003  0.958953E+001  0.942478E+001 -0.376991E+001 -0.254722E-004 -0.166276E-004  0.304189E-004 -0.374555E-005 -0.258164E-005  0.454907E-005  0.210000E+002  0.200000E+001  0.100000E+001  0.500000E+000  0.300000E+000  0.200000E+001  0.100000E+001  0.100000E+001  0.168000E+002
  0.349364E+003  0.958953E+001  0.942478E+001 -0.376991E+001 -0.294300E-004  0.432997E-005  0.297469E-004 -0.441677E-005  0.538519E-006  0.444948E-005  0.210000E+002  0.200000E+001  0.100000E+001  0.500000E+000  0.300000E+000  0.200000E+001  0.100000E+001  0.100000E+001  0.172000E+002
  0.349364E+003  0.958953E+001  0.942478E+001 -0.376991E+001 -0.187556E-004  0.222657E-004  0.291124E-004 -0.288633E-005  0.326179E-005  0.435548E-005  0.210000E+002  0.200000E+001  0.100000E+001  0.500000E+000  0.300000E+000  0.200000E+001  0.100000E+001  0.100000E+001  0.176000E+002
  0.349364E+003  0.958953E+001  0.942478E+001 -0.376991E+001  0.710481E-006  0.285036E-004  0.285125E-004  0.393621E-008  0.426655E-005  0.426655E-005  0.210000E+002  0.200000E+001  0.100000E+001  0.500000E+000  0.300000E+000  0.200000E+001  0.100000E+001  0.100000E+001  0.180000E+002
  0.349364E+003  0.958953E+001  0.942478E+001 -0.376991E+001  0.190509E-004  0.204438E-004  0.279443E-004  0.277818E-005  0.312628E-005  0.418233E-005  0.210000E+002  0.200000E+001  0.100000E+001  0.500000E+000  0.300000E+000  0.200000E+001  0.100000E+001  0.100000E+001  0.184000E+002
  0.349364E+003  0.958953E+001  0.942478E+001 -0.376991E+001  0.272817E-004  0.260396E-005  0.274057E-004  0.407373E-005  0.484780E-006  0.410247E-005  0.210000E+002  0.200000E+001  0.100000E+001  0.500000E+000  0.300000E+000  0.200000E+001  0.100000E+001  0.100000E+001  0.188000E+002
  0.349364E+003  0.958953E+001  0.942478E+001 -0.376991E+001  0.217221E-004 -0.158572E-004  0.268942E-004  0.330587E-005 -0.229892E-005  0.402664E-005  0.210000E+002  0.200000E+001  0.100000E+001  0.500000E+000  0.300000E+000  0.200000E+001  0.100000E+001  0.100000E+001  0.192000E+002
  0.349364E+003  0.958953E+001  0.942478E+001 -0.376991E+001  0.561406E-005 -0.258043E-004  0.264080E-004  0.927862E-006 -0.384413E-005  0.395453E-005  0.210000E+002  0.200000E+001  0.100000E+001  0.500000E+000  0.300000E+000  0.200000E+001  0.100000E+001  0.100000E+001  0.196000E+002
  0.349364E+003  0.958953E+001  0.942478E+001 -0.376991E+001 -0.127112E-004 -0.226181E-004  0.259452E-004 -0.182781E-005 -0.342917E-005  0.388588E-005  0.210000E+002  0.200000E+001  0.100000E+001  0.500000E+000  0.300000E+000  0.200000E+001  0.100000E+001  0.100000E+001  0.200000E+002
  0.349364E+003  0.958953E+001  0.942478E+001 -0.376991E+001 -0.241087E-004 -0.832072E-005  0.255042E-004 -0.358315E-005 -0.132549E-005  0.382046E-005  0.210000E+002  0.200000E+001  0.100000E+001  0.500000E+000  0.300000E+000  0.200000E+001  0.100000E+001  0.100000E+001  0.204000E+002
  0.349364E+003  0.958953E+001  0.942478E+001 -0.376991E+001 -0.231582E-004  0.963730E-005  0.250834E-004 -0.350006E-005  0.136832E-005  0.375802E-005  0.210000E+002  0.200000E+001  0.100000E+001  0.500000E+000  0.300000E+000  0.200000E+001  0.100000E+001  0.100000E+001  0.208000E+002
  0.349364E+003  0.958953E+001  0.942478E+001 -0.376991E+001 -0.107253E-004  0.222295E-004  0.246816E-004 -0.167797E-005  0.329584E-005  0.369840E-005  0.210000E+002  0.200000E+001  0.100000E+001  0.500000E+000  0.300000E+000  0.200000E+001  0.100000E+001  0.100000E+001  0.212000E+002
  0.349364E+003  0.958953E+001  0.942478E+001 -0.376991E+001  0.665839E-005  0.233673E-004  0.242975E-004  0.923795E-006  0.352225E-005  0.364138E-005  0.210000E+002  0.200000E+001  0.100000E+001  0.500000E+000  0.300000E+000  0.200000E+001  0.100000E+001  0.100000E+001  0.216000E+002
  0.349364E+003  0.958953E+001  0.942478E+001 -0.376991E+001  0.201995E-004  0.128302E-004  0.239298E-004  0.298701E-005  0.198569E-005  0.358680E-005  0.210000E+002  0.200000E+001  0.100000E+001  0.500000E+000  0.300000E+000  0.200000E+001  0.100000E+001  0.100000E+001  0.220000E+002
  0.349364E+003  0.958953E+001  0.942478E+001 -0.376991E+001  0.232703E-004 -0.379451E-005  0.235777E-004  0.349938E-005 -0.497098E-006  0.353451E-005  0.210000E+002  0.200000E+001  0.100000E+001  0.500000E+000  0.300000E+000  0.200000E+001  0.100000E+001  0.100000E+001  0.224000E+002
  0.349364E+003  0.958953E+001  0.942478E+001 -0.376991E+001  0.146388E-004 -0.180498E-004  0.232399E-004  0.224920E-005 -0.266118E-005  0.348436E-005  0.210000E+002  0.200000E+001  0.100000E+001  0.500000E+000  0.300000E+000  0.200000E+001  0.100000E+001  0.100000E+001  0.228000E+002
  0.349364E+003  0.958953E+001  0.942478E+001 -0.376991E+001 -0.106501E-005 -0.228910E-004  0.229157E-004 -0.909975E-007 -0.343501E-005  0.343621E-005  0.210000E+002  0.200000E+001  0.100000E+001  0.500000E+000  0.300000E+000  0.200000E+001  0.100000E+001  0.100000E+001  0.232000E+002
  0.349364E+003  0.958953E+001  0.942478E+001 -0.376991E+001 -0.158099E-004 -0.161556E-004  0.226043E-004 -0.232270E-005 -0.246920E-005  0.338997E-005  0.210000E+002  0.200000E+001  0.100000E+001  0.500000E+000  0.300000E+000  0.200000E+001  0.100000E+001  0.100000E+001  0.236000E+002
  0.349364E+003  0.958953E+001  0.942478E+001 -0.376991E+001 -0.222536E-004 -0.151412E-005  0.223050E-004 -0.333271E-005 -0.292145E-006  0.334549E-005  0.210000E+002  0.200000E+001  0.100000E+001  0.500000E+000  0.300000E+000  0.200000E+001  0.100000E+001  0.100000E+001  0.240000E+002
  0.349364E+003  0.958953E+001  0.942478E+001 -0.376991E+001 -0.173864E-004  0.135078E-004  0.220170E-004 -0.264660E-005  0.197567E-005  0.330269E-005  0.210000E+002  0.200000E+001  0.100000E+001  0.500000E+000  0.300000E+000  0.200000E+001  0.100000E+001  0.100000E+001  0.244000E+002
  0.349364E+003  0.958953E+001  0.942478E+001 -0.376991E+001 -0.392766E-005  0.213819E-004  0.217397E-004 -0.650149E-006  0.319602E-005  0.326147E-005  0.210000E+002  0.200000E+001  0.100000E+001  0.500000E+000  0.300000E+000  0.200000E+001  0.100000E+001  0.100000E+001  0.248000E+002
  0.349364E+003  0.958953E+001  0.942478E+001 -0.376991E+001  0.111705E-004  0.183381E-004  0.214724E-004  0.162404E-005  0.278247E-005  0.322174E-005  0.210000E+002  0.200000E+001  0.100000E+001  0.500000E+000  0.300000E+000  0.200000E+001  0.100000E+001  0.100000E+001  0.252000E+002
  0.349364E+003  0.958953E+001  0.942478E+001 -0.376991E+001  0.202998E-004  0.616279E-005  0.212147E-004  0.302845E-005  0.981153E-006  0.318342E-005  0.210000E+002  0.200000E+001  0.100000E+001  0.500000E+000  0.300000E+000  0.200000E+001  0.100000E+001  0.100000E+001  0.256000E+002
  0.349364E+003  0.958953E+001  0.942478E+001 -0.376991E+001  0.190192E-004 -0.882271E-005  0.209659E-004  0.287809E-005 -0.127150E-005  0.314644E-005  0.210000E+002  0.200000E+001  0.100000E+001  0.500000E+000  0.300000E+000  0.200000E+001  0.100000E+001  0.100000E+001  0.260000E+002
  0.349364E+003  0.958953E+001  0.942478E+001 -0.376991E+001  0.820847E-005 -0.190309E-004  0.207257E-004  0.128356E-005 -0.283354E-005  0.311070E-005  0.210000E+002  0.200000E+001  0.100000E+001  0.500000E+000  0.300000E+000  0.200000E+001  0.100000E+001  0.100000E+001  0.264000E+002
  0.349364E+003  0.958953E+001  0.942478E+001 -0.376991E+001 -0.648879E-005 -0.194391E-004  0.204935E-004 -0.921591E-006 -0.293487E-005  0.307616E-005  0.210000E+002  0.200000E+001  0.100000E+001  0.500000E+000  0.300000E+000  0.200000E+001  0.100000E+001  0.100000E+001  0.268000E+002
  0.349364E+003  0.958953E+001  0.942478E+001 -0.376991E+001 -0.175988E-004 -0.100554E-004  0.202690E-004 -0.261479E-005 -0.155605E-005  0.304276E-005  0.210000E+002  0.200000E+001  0.100000E+001  0.500000E+000  0.300000E+000  0.200000E+001  0.100000E+001  0.100000E+001  0.272000E+002
  0.349364E+003  0.958953E+001  0.942478E+001 -0.376991E+001 -0.196089E-004  0.419092E-005  0.200517E-004 -0.295451E-005  0.577593E-006  0.301043E-005  0.210000E+002  0.200000E+001  0.100000E+001  0.500000E+000  0.300000E+000  0.200000E+001  0.100000E+001  0.100000E+001  0.276000E+002
  0.349364E+003  0.958953E+001  0.942478E+001 -0.376991E+001 -0.116966E-004  0.160270E-004  0.198413E-004 -0.179758E-005  0.237569E-005  0.297913E-005  0.210000E+002  0.200000E+001  0.100000E+001  0.500000E+000  0.300000E+000  0.200000E+001  0.100000E+001  0.100000E+001  0.280000E+002
  0.349364E+003  0.958953E+001  0.942478E+001 -0.376991E+001  0.195044E-005  0.195404E-004  0.196375E-004  0.242658E-006  0.293880E-005  0.294880E-005  0.210000E+002  0.200000E+001  0.100000E+001  0.500000E+000  0.300000E+000  0.200000E+001  0.100000E+001  0.100000E+001  0.284000E+002
  0.349364E+003  0.958953E+001  0.942478E+001 -0.376991E+001  0.143391E-004  0.131264E-004  0.194400E-004  0.211972E-005  0.200738E-005  0.291938E-005  0.210000E+002  0.200000E+001  0.100000E+001  0.500000E+000  0.300000E+000  0.200000E+001  0.100000E+001  0.100000E+001  0.288000E+002
  0.349364E+003  0.958953E+001  0.942478E+001 -0.376991E+001  0.192470E-004  0.213653E-006  0.192482E-004  0.288973E-005  0.804356E-007  0.289085E-005  0.210000E+002  0.200000E+001  0.100000E+001  0.500000E+000  0.300000E+000  0.200000E+001  0.100000E+001  0.100000E+001  0.292000E+002
  0.349364E+003  0.958953E+001  0.942478E+001 -0.376991E+001  0.143416E-004 -0.125577E-004  0.190624E-004  0.218500E-005 -0.185026E-005  0.286316E-005  0.210000E+002  0.200000E+001  0.100000E+001  0.500000E+000  0.300000E+000  0.200000E+001  0.100000E+001  0.100000E+001  0.296000E+002
  0.349364E+003  0.958953E+001  0.942478E+001 -0.376991E+001  0.228327E-005 -0.187433E-004  0.188819E-004  0.388988E-006 -0.280946E-005  0.283626E-005  0.210000E+002  0.200000E+001  0.100000E+001  0.500000E+000  0.300000E+000  0.200000E+001  0.100000E+001  0.100000E+001  0.300000E+002
  0.349364E+003  0.958953E+001  0.942478E+001 -0.376991E+001 -0.107055E-004 -0.153403E-004  0.187065E-004 -0.157070E-005 -0.233019E-005  0.281014E-005  0.210000E+002  0.200000E+001  0.100000E+001  0.500000E+000  0.300000E+000  0.200000E+001  0.100000E+001  0.100000E+001  0.304000E+002
  0.349364E+003  0.958953E+001  0.942478E+001 -0.376991E+001 -0.180442E-004 -0.424183E-005  0.185360E-004 -0.270029E-005 -0.680591E-006  0.278474E-005  0.210000E+002  0.200000E+001  0.100000E+001  0.500000E+000  0.300000E+000  0.200000E+001  0.100000E+001  0.100000E+001  0.308000E+002
  0.349364E+003  0.958953E+001  0.942478E+001 -0.376991E+001 -0.161229E-004  0.880447E-005  0.183702E-004 -0.244303E-005  0.128429E-005  0.276003E-005  0.210000E+002  0.200000E+001  0.100000E+001  0.500000E+000  0.300000E+000  0.200000E+001  0.100000E+001  0.100000E+001  0.312000E+002
  0.349364E+003  0.958953E+001  0.942478E+001 -0.376991E+001 -0.607488E-005  0.171657E-004  0.182089E-004 -0.953107E-006  0.256462E-005  0.273600E-005  0.210000E+002  0.200000E+001  0.100000E+001  0.500000E+000  0.300000E+000  0.200000E+001  0.100000E+001  0.100000E+001  0.316000E+002
  0.349364E+003  0.958953E+001  0.942478E+001 -0.376991E+001  0.687645E-005  0.166909E-004  0.180519E-004  0.994250E-006  0.252382E-005  0.271260E-005  0.210000E+002  0.200000E+001  0.100000E+001  0.500000E+000  0.300000E+000  0.200000E+001  0.100000E+001  0.100000E+001  0.320000E+002
  0.349364E+003  0.958953E+001  0.942478E+001 -0.376991E+001  0.161251E-004  0.776925E-005  0.178992E-004  0.240500E-005  0.120460E-005  0.268981E-005  0.210000E+002  0.200000E+001  0.100000E+001  0.500000E+000  0.300000E+000  0.200000E+001  0.100000E+001  0.100000E+001  0.324000E+002
  0.349364E+003  0.958953E+001  0.942478E+001 -0.376991E+001  0.170484E-004 -0.494174E-005  0.177502E-004  0.257313E-005 -0.703640E-006  0.266760E-005  0.210000E+002  0.200000E+001  0.100000E+001  0.500000E+000  0.300000E+000  0.200000E+001  0.100000E+001  0.100000E+001  0.328000E+002
  0.349364E+003  0.958953E+001  0.942478E+001 -0.376991E+001  0.931382E-005 -0.149397E-004  0.176052E-004  0.143344E-005 -0.222405E-005  0.264597E-005  0.210000E+002  0.200000E+001  0.100000E+001  0.500000E+000  0.300000E+000  0.200000E+001  0.100000E+001  0.100000E+001  0.332000E+002
  0.349364E+003  0.958953E+001  0.942478E+001 -0.376991E+001 -0.302041E-005 -0.172005E-004  0.174637E-004 -0.415432E-006 -0.259179E-005  0.262487E-005  0.210000E+002  0.200000E+001  0.100000E+001  0.500000E+000  0.300000E+000  0.200000E+001  0.100000E+001  0.100000E+001  0.336000E+002
  0.349364E+003  0.958953E+001  0.942478E+001 -0.376991E+001 -0.136276E-004 -0.106990E-004  0.173257E-004 -0.202448E-005 -0.163823E-005  0.260429E-005  0.210000E+002  0.200000E+001  0.100000E+001  0.500000E+000  0.300000E+000  0.200000E+001  0.100000E+001  0.100000E+001  0.340000E+002
  0.349364E+003  0.958953E+001  0.942478E+001 -0.376991E+001 -0.171538E-004  0.113165E-005  0.171911E-004 -0.258080E-005  0.132453E-006  0.258420E-005  0.210000E+002  0.200000E+001  0.100000E+001  0.500000E+000  0.300000E+000  0.200000E+001  0.100000E+001  0.100000E+001  0.344000E+002
  0.349364E+003  0.958953E+001  0.942478E+001 -0.376991E+001 -0.119171E-004  0.122071E-004  0.170596E-004 -0.181785E-005  0.180901E-005  0.256459E-005  0.210000E+002  0.200000E+001  0.100000E+001  0.500000E+000  0.300000E+000  0.200000E+001  0.100000E+001  0.100000E+001  0.348000E+002
  0.349364E+003  0.958953E+001  0.942478E+001 -0.376991E+001 -0.706808E-006  0.169166E-004  0.169313E-004 -0.142661E-006  0.254144E-005  0.254544E-005  0.210000E+002  0.200000E+001  0.100000E+001  0.500000E+000  0.300000E+000  0.200000E+001  0.100000E+001  0.100000E+001  0.352000E+002
  0.349364E+003  0.958953E+001  0.942478E+001 -0.376991E+001  0.106971E-004  0.129619E-004  0.168059E-004  0.158048E-005  0.197140E-005  0.252672E-005  0.210000E+002  0.200000E+001  0.100000E+001  0.500000E+000  0.300000E+000  0.200000E+001  0.100000E+001  0.100000E+001  0.356000E+002
  0.349364E+003  0.958953E+001  0.942478E+001 -0.376991E+001  0.164985E-004  0.247777E-005  0.166835E-004  0.247515E-005  0.407344E-006  0.250845E-005  0.210000E+002  0.200000E+001  0.100000E+001  0.500000E+000  0.300000E+000  0.200000E+001  0.100000E+001  0.100000E+001  0.360000E+002
  0.349364E+003  0.958953E+001  0.942478E+001 -0.376991E+001  0.138296E-004 -0.911593E-005  0.165638E-004  0.209832E-005 -0.134164E-005  0.249057E-005  0.210000E+002  0.200000E+001  0.100000E+001  0.500000E+000  0.300000E+000  0.200000E+001  0.100000E+001  0.100000E+001  0.364000E+002
  0.349364E+003  0.958953E+001  0.942478E+001 -0.376991E+001  0.416596E-005 -0.159103E-004  0.164467E-004  0.659342E-006 -0.238358E-005  0.247309E-005  0.210000E+002  0.200000E+001  0.100000E+001  0.500000E+000  0.300000E+000  0.200000E+001  0.100000E+001  0.100000E+001  0.368000E+002
  0.349364E+003  0.958953E+001  0.942478E+001 -0.376991E+001 -0.748249E-005 -0.145173E-004  0.163322E-004 -0.109529E-005 -0.219824E-005  0.245600E-005  0.210000E+002  0.200000E+001  0.100000E+001  0.500000E+000  0.300000E+000  0.200000E+001  0.100000E+001  0.100000E+001  0.372000E+002
  0.349364E+003  0.958953E+001  0.942478E+001 -0.376991E+001 -0.151642E-004 -0.575691E-005  0.162202E-004 -0.226854E-005 -0.896517E-006  0.243927E-005  0.210000E+002  0.200000E+001  0.100000E+001  0.500000E+000  0.300000E+000  0.200000E+001  0.100000E+001  0.100000E+001  0.376000E+002
  0.349364E+003  0.958953E+001  0.942478E+001 -0.376991E+001 -0.150244E-004  0.581524E-005  0.161105E-004 -0.227106E-005  0.844206E-006  0.242289E-005  0.210000E+002  0.200000E+001  0.100000E+001  0.500000E+000  0.300000E+000  0.200000E+001  0.100000E+001  0.100000E+001  0.380000E+002
  0.349364E+003  0.958953E+001  0.942478E+001 -0.376991E+001 -0.723784E-005  0.142729E-004  0.160032E-004 -0.111697E-005  0.213198E-005  0.240686E-005  0.210000E+002  0.200000E+001  0.100000E+001  0.500000E+000  0.300000E+000  0.200000E+001  0.100000E+001  0.100000E+001  0.384000E+002
  0.349364E+003  0.958953E+001  0.942478E+001 -0.376991E+001  0.413231E-005  0.153517E-004  0.158981E-004  0.591080E-006  0.231694E-005  0.239115E-005  0.210000E+002  0.200000E+001  0.100000E+001  0.500000E+000  0.300000E+000  0.200000E+001  0.100000E+001  0.100000E+001  0.388000E+002
  0.349364E+003  0.958953E+001  0.942478E+001 -0.376991E+001  0.132505E-004  0.859701E-005  0.157951E-004  0.197600E-005  0.131897E-005  0.237576E-005  0.210000E+002  0.200000E+001  0.100000E+001  0.500000E+000  0.300000E+000  0.200000E+001  0.100000E+001  0.100000E+001  0.392000E+002
  0.349364E+003  0.958953E+001  0.942478E+001 -0.376991E+001  0.155016E-004 -0.245135E-005  0.156942E-004  0.233629E-005 -0.338554E-006  0.236069E-005  0.210000E+002  0.200000E+001  0.100000E+001  0.500000E+000  0.300000E+000  0.200000E+001  0.100000E+001  0.100000E+001  0.396000E+002
  0.349364E+003  0.958953E+001  0.942478E+001 -0.376991E+001  0.982472E-005 -0.121115E-004  0.155953E-004  0.150108E-005 -0.180278E-005  0.234591E-005  0.210000E+002  0.200000E+001  0.100000E+001  0.500000E+000  0.300000E+000  0.200000E+001  0.100000E+001  0.100000E+001  0.400000E+002
  0.349364E+003  0.958953E+001  0.942478E+001 -0.376991E+001 -0.789488E-006 -0.154782E-004  0.154984E-004 -0.891823E-007 -0.232971E-005  0.233142E-005  0.210000E+002  0.200000E+001  0.100000E+001  0.500000E+000  0.300000E+000  0.200000E+001  0.100000E+001  0.100000E+001  0.404000E+002
  0.349364E+003  0.958953E+001  0.942478E+001 -0.376991E+001 -0.108712E-004 -0.109123E-004  0.154033E-004 -0.161462E-005 -0.166206E-005  0.231721E-005  0.210000E+002  0.200000E+001  0.100000E+001  0.500000E+000  0.300000E+000  0.200000E+001  0.100000E+001  0.100000E+001  0.408000E+002
  0.349364E+003  0.958953E+001  0.942478E+001 -0.376991E+001 -0.152870E-004 -0.836929E-006  0.153099E-004 -0.229807E-005 -0.154604E-006  0.230327E-005  0.210000E+002  0.200000E+001  0.100000E+001  0.500000E+000  0.300000E+000  0.200000E+001  0.100000E+001  0.100000E+001  0.412000E+002
  0.349364E+003  0.958953E+001  0.942478E+001 -0.376991E+001 -0.118532E-004  0.954508E-005  0.152186E-004 -0.180089E-005  0.141385E-005  0.228958E-005  0.210000E+002  0.200000E+001  0.100000E+001  0.500000E+000  0.300000E+000  0.200000E+001  0.100000E+001  0.100000E+001  0.416000E+002
  0.349364E+003  0.958953E+001  0.942478E+001 -0.376991E+001 -0.241213E-005  0.149353E-004  0.151288E-004 -0.390458E-006  0.224242E-005  0.227616E-005  0.210000E+002  0.200000E+001  0.100000E+001  0.500000E+000  0.300000E+000  0.200000E+001  0.100000E+001  0.100000E+001  0.420000E+002
  0.349364E+003  0.958953E+001  0.942478E+001 -0.376991E+001  0.814970E-005  0.126414E-004  0.150407E-004  0.120295E-005  0.191677E-005  0.226298E-005  0.210000E+002  0.200000E+001  0.100000E+001  0.500000E+000  0.300000E+000  0.200000E+001  0.100000E+001  0.100000E+001  0.424000E+002
  0.349364E+003  0.958953E+001  0.942478E+001 -0.376991E+001  0.144307E-004  0.392179E-005  0.149541E-004  0.216401E-005  0.616232E-006  0.225004E-005  0.210000E+002  0.200000E+001  0.100000E+001  0.500000E+000  0.300000E+000  0.200000E+001  0.100000E+001  0.100000E+001  0.428000E+002
  0.349364E+003  0.958953E+001  0.942478E+001 -0.376991E+001  0.132738E-004 -0.670079E-005  0.148692E-004  0.200919E-005 -0.984279E-006  0.223733E-005  0.210000E+002  0.200000E+001  0.100000E+001  0.500000E+000  0.300000E+000  0.200000E+001  0.100000E+001  0.100000E+001  0.432000E+002
  0.349364E+003  0.958953E+001  0.942478E+001 -0.376991E+001  0.535231E-005 -0.137830E-004  0.147857E-004  0.829932E-006 -0.206427E-005  0.222485E-005  0.210000E+002  0.200000E+001  0.100000E+001  0.500000E+000  0.300000E+000  0.200000E+001  0.100000E+001  0.100000E+001  0.436000E+002
  0.349364E+003  0.958953E+001  0.942478E+001 -0.376991E+001 -0.521465E-005 -0.137480E-004  0.147037E-004 -0.760279E-006 -0.207786E-005  0.221258E-005  0.210000E+002  0.200000E+001  0.100000E+001  0.500000E+000  0.300000E+000  0.200000E+001  0.100000E+001  0.100000E+001  0.440000E+002
  0.349364E+003  0.958953E+001  0.942478E+001 -0.376991E+001 -0.130025E-004 -0.669124E-005  0.146232E-004 -0.194475E-005 -0.102969E-005  0.220053E-005  0.210000E+002  0.200000E+001  0.100000E+001  0.500000E+000  0.300000E+000  0.200000E+001  0.100000E+001  0.100000E+001  0.444000E+002
  0.349364E+003  0.958953E+001  0.942478E+001 -0.376991E+001 -0.140635E-004  0.370740E-005  0.145440E-004 -0.212270E-005  0.533355E-006  0.218868E-005  0.210000E+002  0.200000E+001  0.100000E+001  0.500000E+000  0.300000E+000  0.200000E+001  0.100000E+001  0.100000E+001  0.448000E+002
  0.349364E+003  0.958953E+001  0.942478E+001 -0.376991E+001 -0.792752E-005  0.121006E-004  0.144662E-004 -0.121385E-005  0.180722E-005  0.217703E-005  0.210000E+002  0.200000E+001  0.100000E+001  0.500000E+000  0.300000E+000  0.200000E+001  0.100000E+001  0.100000E+001  0.452000E+002
  0.349364E+003  0.958953E+001  0.942478E+001 -0.376991E+001  0.219526E-005  0.142212E-004  0.143897E-004  0.305957E-006  0.214385E-005  0.216558E-005  0.210000E+002  0.200000E+001  0.100000E+001  0.500000E+000  0.300000E+000  0.200000E+001  0.100000E+001  0.100000E+001  0.456000E+002
  0.349364E+003  0.958953E+001  0.942478E+001 -0.376991E+001  0.110901E-004  0.905055E-005  0.143144E-004  0.165354E-005  0.138089E-005  0.215431E-005  0.210000E+002  0.200000E+001  0.100000E+001  0.500000E+000  0.300000E+000  0.200000E+001  0.100000E+001  0.100000E+001  0.460000E+002
  0.349364E+003  0.958953E+001  0.942478E+001 -0.376991E+001  0.142234E-004 -0.693595E-006  0.142403E-004  0.214172E-005 -0.803625E-007  0.214323E-005  0.210000E+002  0.200000E+001  0.100000E+001  0.500000E+000  0.300000E+000  0.200000E+001  0.100000E+001  0.100000E+001  0.464000E+002
  0.349364E+003  0.958953E+001  0.942478E+001 -0.376991E+001  0.100523E-004 -0.998343E-005  0.141675E-004  0.152959E-005 -0.148565E-005  0.213232E-005  0.210000E+002  0.200000E+001  0.100000E+001  0.500000E+000  0.300000E+000  0.200000E+001  0.100000E+001  0.100000E+001  0.468000E+002
  0.349364E+003  0.958953E+001  0.942478E+001 -0.376991E+001  0.782799E-006 -0.140741E-004  0.140959E-004  0.141220E-006 -0.211689E-005  0.212159E-005  0.210000E+002  0.200000E+001  0.100000E+001  0.500000E+000  0.300000E+000  0.200000E+001  0.100000E+001  0.100000E+001  0.472000E+002
  0.349364E+003  0.958953E+001  0.942478E+001 -0.376991E+001 -0.879444E-005 -0.109255E-004  0.140253E-004 -0.130559E-005 -0.165888E-005  0.211103E-005  0.210000E+002  0.200000E+001  0.100000E+001  0.500000E+000  0.300000E+000  0.200000E+001  0.100000E+001  0.100000E+001  0.476000E+002
  0.349364E+003  0.958953E+001  0.942478E+001 -0.376991E+001 -0.137783E-004 -0.221926E-005  0.139559E-004 -0.207015E-005 -0.356585E-006  0.210063E-005  0.210000E+002  0.200000E+001  0.100000E+001  0.500000E+000  0.300000E+000  0.200000E+001  0.100000E+001  0.100000E+001  0.480000E+002
  0.349364E+003  0.958953E+001  0.942478E+001 -0.376991E+001 -0.116644E-004  0.753709E-005  0.138876E-004 -0.176789E-005  0.111548E-005  0.209039E-005  0.210000E+002  0.200000E+001  0.100000E+001  0.500000E+000  0.300000E+000  0.200000E+001  0.100000E+001  0.100000E+001  0.484000E+002
  0.349364E+003  0.958953E+001  0.942478E+001 -0.376991E+001 -0.360226E-005  0.133425E-004  0.138202E-004 -0.563731E-006  0.200249E-005  0.208032E-005  0.210000E+002  0.200000E+001  0.100000E+001  0.500000E+000  0.300000E+000  0.200000E+001  0.100000E+001  0.100000E+001  0.488000E+002
  0.349364E+003  0.958953E+001  0.942478E+001 -0.376991E+001  0.622615E-005  0.122640E-004  0.137539E-004  0.917533E-006  0.185597E-005  0.207039E-005  0.210000E+002  0.200000E+001  0.100000E+001  0.500000E+000  0.300000E+000  0.200000E+001  0.100000E+001  0.100000E+001  0.492000E+002
  0.349364E+003  0.958953E+001  0.942478E+001 -0.376991E+001  0.127745E-004  0.491864E-005  0.136887E-004  0.191506E-005  0.760687E-006  0.206061E-005  0.210000E+002  0.200000E+001  0.100000E+001  0.500000E+000  0.300000E+000  0.200000E+001  0.100000E+001  0.100000E+001  0.496000E+002
  0.349364E+003  0.958953E+001  0.942478E+001 -0.376991E+001  0.127221E-004 -0.487566E-005  0.136243E-004  0.192273E-005 -0.713852E-006  0.205097E-005  0.210000E+002  0.200000E+001  0.100000E+001  0.500000E+000  0.300000E+000  0.200000E+001  0.100000E+001  0.100000E+001  0.500000E+002
  0.349364E+003  0.958953E+001  0.942478E+001 -0.376991E+001  0.615687E-005 -0.120828E-004  0.135610E-004  0.945735E-006 -0.180921E-005  0.204148E-005  0.210000E+002  0.200000E+001  0.100000E+001  0.500000E+000  0.300000E+000  0.200000E+001  0.100000E+001  0.100000E+001  0.504000E+002
  0.349364E+003  0.958953E+001  0.942478E+001 -0.376991E+001 -0.350053E-005 -0.130368E-004  0.134986E-004 -0.506678E-006 -0.196795E-005  0.203212E-005  0.210000E+002  0.200000E+001  0.100000E+001  0.500000E+000  0.300000E+000  0.200000E+001  0.100000E+001  0.100000E+001  0.508000E+002
  0.349364E+003  0.958953E+001  0.942478E+001 -0.376991E+001 -0.112772E-004 -0.730601E-005  0.134370E-004 -0.168638E-005 -0.111725E-005  0.202290E-005  0.210000E+002  0.200000E+001  0.100000E+001  0.500000E+000  0.300000E+000  0.200000E+001  0.100000E+001  0.100000E+001  0.512000E+002
  0.349364E+003  0.958953E+001  0.942478E+001 -0.376991E+001 -0.132081E-004  0.211490E-005  0.133763E-004 -0.199162E-005  0.298136E-006  0.201381E-005  0.210000E+002  0.200000E+001  0.100000E+001  0.500000E+000  0.300000E+000  0.200000E+001  0.100000E+001  0.100000E+001  0.516000E+002
  0.349364E+003  0.958953E+001  0.942478E+001 -0.376991E+001 -0.835637E-005  0.103683E-004  0.133166E-004 -0.127378E-005  0.154819E-005  0.200485E-005  0.210000E+002  0.200000E+001  0.100000E+001  0.500000E+000  0.300000E+000  0.200000E+001  0.100000E+001  0.100000E+001  0.520000E+002
  0.349364E+003  0.958953E+001  0.942478E+001 -0.376991E+001  0.733455E-006  0.132373E-004  0.132576E-004  0.904056E-007  0.199397E-005  0.199601E-005  0.210000E+002  0.200000E+001  0.100000E+001  0.500000E+000  0.300000E+000  0.200000E+001  0.100000E+001  0.100000E+001  0.524000E+002
  0.349364E+003  0.958953E+001  0.942478E+001 -0.376991E+001  0.936772E-005  0.929892E-005  0.131994E-004  0.139637E-005  0.141403E-005  0.198729E-005  0.210000E+002  0.200000E+001  0.100000E+001  0.500000E+000  0.300000E+000  0.200000E+001  0.100000E+001  0.100000E+001  0.528000E+002
  0.349364E+003  0.958953E+001  0.942478E+001 -0.376991E+001  0.131270E-004  0.629921E-006  0.131421E-004  0.197539E-005  0.114403E-006  0.197870E-005  0.210000E+002  0.200000E+001  0.100000E+001  0.500000E+000  0.300000E+000  0.200000E+001  0.100000E+001  0.100000E+001  0.532000E+002
  0.349364E+003  0.958953E+001  0.942478E+001 -0.376991E+001  0.101267E-004 -0.828734E-005  0.130855E-004  0.153692E-005 -0.123273E-005  0.197022E-005  0.210000E+002  0.200000E+001  0.100000E+001  0.500000E+000  0.300000E+000  0.200000E+001  0.100000E+001  0.100000E+001  0.536000E+002
  0.349364E+003  0.958953E+001  0.942478E+001 -0.376991E+001  0.196192E-005 -0.128811E-004  0.130297E-004  0.314323E-006 -0.193651E-005  0.196185E-005  0.210000E+002  0.200000E+001  0.100000E+001  0.500000E+000  0.300000E+000  0.200000E+001  0.100000E+001  0.100000E+001  0.540000E+002
  0.349364E+003  0.958953E+001  0.942478E+001 -0.376991E+001 -0.713956E-005 -0.108336E-004  0.129746E-004 -0.105914E-005 -0.164157E-005  0.195359E-005  0.210000E+002  0.200000E+001  0.100000E+001  0.500000E+000  0.300000E+000  0.200000E+001  0.100000E+001  0.100000E+001  0.544000E+002
  0.349364E+003  0.958953E+001  0.942478E+001 -0.376991E+001 -0.125050E-004 -0.324930E-005  0.129203E-004 -0.187812E-005 -0.507392E-006  0.194545E-005  0.210000E+002  0.200000E+001  0.100000E+001  0.500000E+000  0.300000E+000  0.200000E+001  0.100000E+001  0.100000E+001  0.548000E+002
  0.349364E+003  0.958953E+001  0.942478E+001 -0.376991E+001 -0.114147E-004  0.593749E-005  0.128666E-004 -0.172726E-005  0.877563E-006  0.193741E-005  0.210000E+002  0.200000E+001  0.100000E+001  0.500000E+000  0.300000E+000  0.200000E+001  0.100000E+001  0.100000E+001  0.552000E+002
  0.349364E+003  0.958953E+001  0.942478E+001 -0.376991E+001 -0.448096E-005  0.120047E-004  0.128137E-004 -0.691874E-006  0.180116E-005  0.192947E-005  0.210000E+002  0.200000E+001  0.100000E+001  0.500000E+000  0.300000E+000  0.200000E+001  0.100000E+001  0.100000E+001  0.556000E+002
  0.349364E+003  0.958953E+001  0.942478E+001 -0.376991E+001  0.469434E-005  0.118668E-004  0.127615E-004  0.689978E-006  0.179349E-005  0.192163E-005  0.210000E+002  0.200000E+001  0.100000E+001  0.500000E+000  0.300000E+000  0.200000E+001  0.100000E+001  0.100000E+001  0.560000E+002
  0.349364E+003  0.958953E+001  0.942478E+001 -0.376991E+001  0.113880E-004  0.564402E-005  0.127099E-004  0.170680E-005  0.865936E-006  0.191390E-005  0.210000E+002  0.200000E+001  0.100000E+001  0.500000E+000  0.300000E+000  0.200000E+001  0.100000E+001  0.100000E+001  0.564000E+002
  0.349364E+003  0.958953E+001  0.942478E+001 -0.376991E+001  0.121871E-004 -0.342362E-005  0.126589E-004  0.183995E-005 -0.498431E-006  0.190626E-005  0.210000E+002  0.200000E+001  0.100000E+001  0.500000E+000  0.300000E+000  0.200000E+001  0.100000E+001  0.100000E+001  0.568000E+002
  0.349364E+003  0.958953E+001  0.942478E+001 -0.376991E+001  0.672893E-005 -0.106630E-004  0.126087E-004  0.102811E-005 -0.159628E-005  0.189872E-005  0.210000E+002  0.200000E+001  0.100000E+001  0.500000E+000  0.300000E+000  0.200000E+001  0.100000E+001  0.100000E+001  0.572000E+002
  0.349364E+003  0.958953E+001  0.942478E+001 -0.376991E+001 -0.213827E-005 -0.123756E-004  0.125590E-004 -0.304859E-006 -0.186653E-005  0.189127E-005  0.210000E+002  0.200000E+001  0.100000E+001  0.500000E+000  0.300000E+000  0.200000E+001  0.100000E+001  0.100000E+001  0.576000E+002
  0.349364E+003  0.958953E+001  0.942478E+001 -0.376991E+001 -0.983926E-005 -0.772576E-005  0.125099E-004 -0.147104E-005 -0.117693E-005  0.188391E-005  0.210000E+002  0.200000E+001  0.100000E+001  0.500000E+000  0.300000E+000  0.200000E+001  0.100000E+001  0.100000E+001  0.580000E+002
  0.349364E+003  0.958953E+001  0.942478E+001 -0.376991E+001 -0.124324E-004  0.852193E-006  0.124615E-004 -0.187333E-005  0.111329E-006  0.187663E-005  0.210000E+002  0.200000E+001  0.100000E+001  0.500000E+000  0.300000E+000  0.200000E+001  0.100000E+001  0.100000E+001  0.584000E+002
  0.349364E+003  0.958953E+001  0.942478E+001 -0.376991E+001 -0.862620E-005  0.892671E-005  0.124136E-004 -0.131115E-005  0.133257E-005  0.186946E-005  0.210000E+002  0.200000E+001  0.100000E+001  0.500000E+000  0.300000E+000  0.200000E+001  0.100000E+001  0.100000E+001  0.588000E+002
  0.349364E+003  0.958953E+001  0.942478E+001 -0.376991E+001 -0.422446E-006  0.123591E-004  0.123663E-004 -0.802974E-007  0.186063E-005  0.186237E-005  0.210000E+002  0.200000E+001  0.100000E+001  0.500000E+000  0.300000E+000  0.200000E+001  0.100000E+001  0.100000E+001  0.592000E+002
  0.349364E+003  0.958953E+001  0.942478E+001 -0.376991E+001  0.793618E-005  0.942284E-005  0.123196E-004  0.118252E-005  0.142967E-005  0.185535E-005  0.210000E+002  0.200000E+001  0.100000E+001  0.500000E+000  0.300000E+000  0.200000E+001  0.100000E+001  0.100000E+001  0.596000E+002
  0.349364E+003  0.958953E+001  0.942478E+001 -0.376991E+001  0.121589E-004  0.167223E-005  0.122734E-004  0.182888E-005  0.268034E-006  0.184842E-005  0.210000E+002  0.200000E+001  0.100000E+001  0.500000E+000  0.300000E+000  0.200000E+001  0.100000E+001  0.100000E+001  0.600000E+002
  0.349364E+003  0.958953E+001  0.942478E+001 -0.376991E+001  0.101092E-004 -0.687926E-005  0.122278E-004  0.153155E-005 -0.102262E-005  0.184157E-005  0.210000E+002  0.200000E+001  0.100000E+001  0.500000E+000  0.300000E+000  0.200000E+001  0.100000E+001  0.100000E+001  0.604000E+002
  0.349364E+003  0.958953E+001  0.942478E+001 -0.376991E+001  0.288514E-005 -0.118361E-004  0.121826E-004  0.450081E-006 -0.177874E-005  0.183480E-005  0.210000E+002  0.200000E+001  0.100000E+001  0.500000E+000  0.300000E+000  0.200000E+001  0.100000E+001  0.100000E+001  0.608000E+002
  0.349364E+003  0.958953E+001  0.942478E+001 -0.376991E+001 -0.576717E-005 -0.106804E-004  0.121380E-004 -0.854591E-006 -0.161606E-005  0.182811E-005  0.210000E+002  0.200000E+001  0.100000E+001  0.500000E+000  0.300000E+000  0.200000E+001  0.100000E+001  0.100000E+001  0.612000E+002
  0.349364E+003  0.958953E+001  0.942478E+001 -0.376991E+001 -0.113958E-004 -0.404971E-005  0.120940E-004 -0.171101E-005 -0.624728E-006  0.182149E-005  0.210000E+002  0.200000E+001  0.100000E+001  0.500000E+000  0.300000E+000  0.200000E+001  0.100000E+001  0.100000E+001  0.616000E+002
  0.349364E+003  0.958953E+001  0.942478E+001 -0.376991E+001 -0.111326E-004  0.461270E-005  0.120504E-004 -0.168261E-005  0.680333E-006  0.181495E-005  0.210000E+002  0.200000E+001  0.100000E+001  0.500000E+000  0.300000E+000  0.200000E+001  0.100000E+001  0.100000E+001  0.620000E+002
  0.349364E+003  0.958953E+001  0.942478E+001 -0.376991E+001 -0.515490E-005  0.108444E-004  0.120073E-004 -0.790305E-006  0.162666E-005  0.180848E-005  0.210000E+002  0.200000E+001  0.100000E+001  0.500000E+000  0.300000E+000  0.200000E+001  0.100000E+001  0.100000E+001  0.624000E+002
  0.349364E+003  0.958953E+001  0.942478E+001 -0.376991E+001  0.342760E-005  0.114633E-004  0.119647E-004  0.501597E-006  0.173087E-005  0.180209E-005  0.210000E+002  0.200000E+001  0.100000E+001  0.500000E+000  0.300000E+000  0.200000E+001  0.100000E+001  0.100000E+001  0.628000E+002
  0.349364E+003  0.958953E+001  0.942478E+001 -0.376991E+001  0.101894E-004  0.619049E-005  0.119225E-004  0.152682E-005  0.945304E-006  0.179576E-005  0.210000E+002  0.200000E+001  0.100000E+001  0.500000E+000  0.300000E+000  0.200000E+001  0.100000E+001  0.100000E+001  0.632000E+002
  0.349364E+003  0.958953E+001  0.942478E+001 -0.376991E+001  0.116707E-004 -0.222488E-005  0.118808E-004  0.176059E-005 -0.320382E-006  0.178950E-005  0.210000E+002  0.200000E+001  0.100000E+001  0.500000E+000  0.300000E+000  0.200000E+001  0.100000E+001  0.100000E+001  0.636000E+002
  0.349364E+003  0.958953E+001  0.942478E+001 -0.376991E+001  0.714712E-005 -0.943917E-005  0.118397E-004  0.108830E-005 -0.141274E-005  0.178332E-005  0.210000E+002  0.200000E+001  0.100000E+001  0.500000E+000  0.300000E+000  0.200000E+001  0.100000E+001  0.100000E+001  0.640000E+002
  0.349364E+003  0.958953E+001  0.942478E+001 -0.376991E+001 -0.101672E-005 -0.117550E-004  0.117989E-004 -0.138481E-006 -0.177179E-005  0.177719E-005  0.210000E+002  0.200000E+001  0.100000E+001  0.500000E+000  0.300000E+000  0.200000E+001  0.100000E+001  0.100000E+001  0.644000E+002
  0.349364E+003  0.958953E+001  0.942478E+001 -0.376991E+001 -0.860227E-005 -0.801643E-005  0.117585E-004 -0.128575E-005 -0.121810E-005  0.177114E-005  0.210000E+002  0.200000E+001  0.100000E+001  0.500000E+000  0.300000E+000  0.200000E+001  0.100000E+001  0.100000E+001  0.648000E+002
  0.349364E+003  0.958953E+001  0.942478E+001 -0.376991E+001 -0.117171E-004 -0.184816E-006  0.117186E-004 -0.176464E-005 -0.422764E-007  0.176514E-005  0.210000E+002  0.200000E+001  0.100000E+001  0.500000E+000  0.300000E+000  0.200000E+001  0.100000E+001  0.100000E+001  0.652000E+002
  0.349364E+003  0.958953E+001  0.942478E+001 -0.376991E+001 -0.879078E-005  0.768900E-005  0.116790E-004 -0.133353E-005  0.114740E-005  0.175921E-005  0.210000E+002  0.200000E+001  0.100000E+001  0.500000E+000  0.300000E+000  0.200000E+001  0.100000E+001  0.100000E+001  0.656000E+002
  0.349364E+003  0.958953E+001  0.942478E+001 -0.376991E+001 -0.136754E-005  0.115594E-004  0.116400E-004 -0.220064E-006  0.173948E-005  0.175335E-005  0.210000E+002  0.200000E+001  0.100000E+001  0.500000E+000  0.300000E+000  0.200000E+001  0.100000E+001  0.100000E+001  0.660000E+002
  0.349364E+003  0.958953E+001  0.942478E+001 -0.376991E+001  0.670933E-005  0.946452E-005  0.116014E-004  0.999147E-006  0.143374E-005  0.174754E-005  0.210000E+002  0.200000E+001  0.100000E+001  0.500000E+000  0.300000E+000  0.200000E+001  0.100000E+001  0.100000E+001  0.664000E+002
  0.349364E+003  0.958953E+001  0.942478E+001 -0.376991E+001  0.112851E-004  0.251987E-005  0.115631E-004  0.169684E-005  0.393163E-006  0.174179E-005  0.210000E+002  0.200000E+001  0.100000E+001  0.500000E+000  0.300000E+000  0.200000E+001  0.100000E+001  0.100000E+001  0.668000E+002
  0.349364E+003  0.958953E+001  0.942478E+001 -0.376991E+001  0.100315E-004 -0.567440E-005  0.115252E-004  0.151785E-005 -0.842731E-006  0.173611E-005  0.210000E+002  0.200000E+001  0.100000E+001  0.500000E+000  0.300000E+000  0.200000E+001  0.100000E+001  0.100000E+001  0.672000E+002
  0.349364E+003  0.958953E+001  0.942478E+001 -0.376991E+001  0.363034E-005 -0.108990E-004  0.114878E-004  0.559809E-006 -0.163743E-005  0.173048E-005  0.210000E+002  0.200000E+001  0.100000E+001  0.500000E+000  0.300000E+000  0.200000E+001  0.100000E+001  0.100000E+001  0.676000E+002
  0.349364E+003  0.958953E+001  0.942478E+001 -0.376991E+001 -0.459527E-005 -0.104881E-004  0.114506E-004 -0.679785E-006 -0.158530E-005  0.172490E-005  0.210000E+002  0.200000E+001  0.100000E+001  0.500000E+000  0.300000E+000  0.200000E+001  0.100000E+001  0.100000E+001  0.680000E+002
  0.349364E+003  0.958953E+001  0.942478E+001 -0.376991E+001 -0.104062E-004 -0.468903E-005  0.114138E-004 -0.156202E-005 -0.718583E-006  0.171938E-005  0.210000E+002  0.200000E+001  0.100000E+001  0.500000E+000  0.300000E+000  0.200000E+001  0.100000E+001  0.100000E+001  0.684000E+002
  0.349364E+003  0.958953E+001  0.942478E+001 -0.376991E+001 -0.108311E-004  0.348347E-005  0.113775E-004 -0.163564E-005  0.512060E-006  0.171392E-005  0.210000E+002  0.200000E+001  0.100000E+001  0.500000E+000  0.300000E+000  0.200000E+001  0.100000E+001  0.100000E+001  0.688000E+002
  0.349364E+003  0.958953E+001  0.942478E+001 -0.376991E+001 -0.568535E-005  0.981343E-005  0.113414E-004 -0.867871E-006  0.147167E-005  0.170851E-005  0.210000E+002  0.200000E+001  0.100000E+001  0.500000E+000  0.300000E+000  0.200000E+001  0.100000E+001  0.100000E+001  0.692000E+002
  0.349364E+003  0.958953E+001  0.942478E+001 -0.376991E+001  0.235054E-005  0.110588E-004  0.113058E-004  0.341280E-006  0.166861E-005  0.170315E-005  0.210000E+002  0.200000E+001  0.100000E+001  0.500000E+000  0.300000E+000  0.200000E+001  0.100000E+001  0.100000E+001  0.696000E+002
  0.349364E+003  0.958953E+001  0.942478E+001 -0.376991E+001  0.912801E-005  0.661085E-005  0.112705E-004  0.136745E-005  0.100638E-005  0.169785E-005  0.210000E+002  0.200000E+001  0.100000E+001  0.500000E+000  0.300000E+000  0.200000E+001  0.100000E+001  0.100000E+001  0.700000E+002
  0.349364E+003  0.958953E+001  0.942478E+001 -0.376991E+001  0.111704E-004 -0.120837E-005  0.112355E-004  0.168411E-005 -0.169233E-006  0.169259E-005  0.210000E+002  0.200000E+001  0.100000E+001  0.500000E+000  0.300000E+000  0.200000E+001  0.100000E+001  0.100000E+001  0.704000E+002
  0.349364E+003  0.958953E+001  0.942478E+001 -0.376991E+001  0.745664E-005 -0.835812E-005  0.112009E-004  0.113282E-005 -0.125061E-005  0.168739E-005  0.210000E+002  0.200000E+001  0.100000E+001  0.500000E+000  0.300000E+000  0.200000E+001  0.100000E+001  0.100000E+001  0.708000E+002
  0.349364E+003  0.958953E+001  0.942478E+001 -0.376991E+001 -0.687207E-007 -0.111664E-004  0.111666E-004  0.230280E-008 -0.168225E-005  0.168225E-005  0.210000E+002  0.200000E+001  0.100000E+001  0.500000E+000  0.300000E+000  0.200000E+001  0.100000E+001  0.100000E+001  0.712000E+002
  0.349364E+003  0.958953E+001  0.942478E+001 -0.376991E+001 -0.751271E-005 -0.821550E-005  0.111326E-004 -0.112251E-005 -0.124610E-005  0.167714E-005  0.210000E+002  0.200000E+001  0.100000E+001  0.500000E+000  0.300000E+000  0.200000E+001  0.100000E+001  0.100000E+001  0.716000E+002
  0.349364E+003  0.958953E+001  0.942478E+001 -0.376991E+001 -0.110484E-004 -0.105764E-005  0.110990E-004 -0.166324E-005 -0.171716E-006  0.167208E-005  0.210000E+002  0.200000E+001  0.100000E+001  0.500000E+000  0.300000E+000  0.200000E+001  0.100000E+001  0.100000E+001  0.720000E+002
  0.349364E+003  0.958953E+001  0.942478E+001 -0.376991E+001 -0.888095E-005  0.660122E-005  0.110656E-004 -0.134527E-005  0.984571E-006  0.166707E-005  0.210000E+002  0.200000E+001  0.100000E+001  0.500000E+000  0.300000E+000  0.200000E+001  0.100000E+001  0.100000E+001  0.724000E+002
  0.349364E+003  0.958953E+001  0.942478E+001 -0.376991E+001 -0.215883E-005  0.108193E-004  0.110326E-004 -0.337235E-006  0.162753E-005  0.166210E-005  0.210000E+002  0.200000E+001  0.100000E+001  0.500000E+000  0.300000E+000  0.200000E+001  0.100000E+001  0.100000E+001  0.728000E+002
  0.349364E+003  0.958953E+001  0.942478E+001 -0.376991E+001  0.563351E-005  0.944779E-005  0.109999E-004  0.838272E-006  0.142954E-005  0.165719E-005  0.210000E+002  0.200000E+001  0.100000E+001  0.500000E+000  0.300000E+000  0.200000E+001  0.100000E+001  0.100000E+001  0.732000E+002
  0.349364E+003  0.958953E+001  0.942478E+001 -0.376991E+001  0.104826E-004  0.322485E-005  0.109674E-004  0.157570E-005  0.497342E-006  0.165232E-005  0.210000E+002  0.200000E+001  0.100000E+001  0.500000E+000  0.300000E+000  0.200000E+001  0.100000E+001  0.100000E+001  0.736000E+002
  0.349364E+003  0.958953E+001  0.942478E+001 -0.376991E+001  0.991128E-005 -0.462035E-005  0.109353E-004  0.149822E-005 -0.685253E-006  0.164749E-005  0.210000E+002  0.200000E+001  0.100000E+001  0.500000E+000  0.300000E+000  0.200000E+001  0.100000E+001  0.100000E+001  0.740000E+002
  0.349364E+003  0.958953E+001  0.942478E+001 -0.376991E+001  0.424485E-005 -0.100433E-004  0.109035E-004  0.650419E-006 -0.150846E-005  0.164271E-005  0.210000E+002  0.200000E+001  0.100000E+001  0.500000E+000  0.300000E+000  0.200000E+001  0.100000E+001  0.100000E+001  0.744000E+002
  0.349364E+003  0.958953E+001  0.942478E+001 -0.376991E+001 -0.357256E-005 -0.102682E-004  0.108720E-004 -0.527118E-006 -0.155084E-005  0.163797E-005  0.210000E+002  0.200000E+001  0.100000E+001  0.500000E+000  0.300000E+000  0.200000E+001  0.100000E+001  0.100000E+001  0.748000E+002
  0.349364E+003  0.958953E+001  0.942478E+001 -0.376991E+001 -0.950691E-005 -0.520949E-005  0.108407E-004 -0.142669E-005 -0.795070E-006  0.163327E-005  0.210000E+002  0.200000E+001  0.100000E+001  0.500000E+000  0.300000E+000  0.200000E+001  0.100000E+001  0.100000E+001  0.752000E+002
  0.349364E+003  0.958953E+001  0.942478E+001 -0.376991E+001 -0.105165E-004  0.250052E-005  0.108097E-004 -0.158708E-005  0.365475E-006  0.162861E-005  0.210000E+002  0.200000E+001  0.100000E+001  0.500000E+000  0.300000E+000  0.200000E+001  0.100000E+001  0.100000E+001  0.756000E+002
  0.349364E+003  0.958953E+001  0.942478E+001 -0.376991E+001 -0.610968E-005  0.888018E-005  0.107789E-004 -0.929937E-006  0.133139E-005  0.162400E-005  0.210000E+002  0.200000E+001  0.100000E+001  0.500000E+000  0.300000E+000  0.200000E+001  0.100000E+001  0.100000E+001  0.760000E+002
  0.349364E+003  0.958953E+001  0.942478E+001 -0.376991E+001  0.141579E-005  0.106549E-004  0.107485E-004  0.202028E-006  0.160677E-005  0.161942E-005  0.210000E+002  0.200000E+001  0.100000E+001  0.500000E+000  0.300000E+000  0.200000E+001  0.100000E+001  0.100000E+001  0.764000E+002
  0.349364E+003  0.958953E+001  0.942478E+001 -0.376991E+001  0.817045E-005  0.693736E-005  0.107184E-004  0.122367E-005  0.105380E-005  0.161489E-005  0.210000E+002  0.200000E+001  0.100000E+001  0.500000E+000  0.300000E+000  0.200000E+001  0.100000E+001  0.100000E+001  0.768000E+002
  0.349364E+003  0.958953E+001  0.942478E+001 -0.376991E+001  0.106834E-004 -0.329226E-006  0.106884E-004  0.160993E-005 -0.383959E-007  0.161039E-005  0.210000E+002  0.200000E+001  0.100000E+001  0.500000E+000  0.300000E+000  0.200000E+001  0.100000E+001  0.100000E+001  0.772000E+002
  0.349364E+003  0.958953E+001  0.942478E+001 -0.376991E+001  0.768483E-005 -0.738597E-005  0.106588E-004  0.116553E-005 -0.110479E-005  0.160593E-005  0.210000E+002  0.200000E+001  0.100000E+001  0.500000E+000  0.300000E+000  0.200000E+001  0.100000E+001  0.100000E+001  0.776000E+002
  0.349364E+003  0.958953E+001  0.942478E+001 -0.376991E+001  0.748242E-006 -0.106030E-004  0.106294E-004  0.123741E-006 -0.159673E-005  0.160152E-005  0.210000E+002  0.200000E+001  0.100000E+001  0.500000E+000  0.300000E+000  0.200000E+001  0.100000E+001  0.100000E+001  0.780000E+002
  0.349364E+003  0.958953E+001  0.942478E+001 -0.376991E+001 -0.653554E-005 -0.834583E-005  0.106003E-004 -0.976054E-006 -0.126418E-005  0.159713E-005  0.210000E+002  0.200000E+001  0.100000E+001  0.500000E+000  0.300000E+000  0.200000E+001  0.100000E+001  0.100000E+001  0.784000E+002
  0.349364E+003  0.958953E+001  0.942478E+001 -0.376991E+001 -0.104160E-004 -0.180620E-005  0.105714E-004 -0.156748E-005 -0.282823E-006  0.159279E-005  0.210000E+002  0.200000E+001  0.100000E+001  0.500000E+000  0.300000E+000  0.200000E+001  0.100000E+001  0.100000E+001  0.788000E+002
  0.349364E+003  0.958953E+001  0.942478E+001 -0.376991E+001 -0.891477E-005  0.562804E-005  0.105427E-004 -0.134893E-005  0.838848E-006  0.158848E-005  0.210000E+002  0.200000E+001  0.100000E+001  0.500000E+000  0.300000E+000  0.200000E+001  0.100000E+001  0.100000E+001  0.792000E+002
  0.349364E+003  0.958953E+001  0.942478E+001 -0.376991E+001 -0.283367E-005  0.101253E-004  0.105144E-004 -0.437236E-006  0.152268E-005  0.158422E-005  0.210000E+002  0.200000E+001  0.100000E+001  0.500000E+000  0.300000E+000  0.200000E+001  0.100000E+001  0.100000E+001  0.796000E+002
  0.349364E+003  0.958953E+001  0.942478E+001 -0.376991E+001  0.467376E-005  0.938684E-005  0.104860E-004  0.694698E-006  0.141905E-005  0.157997E-005  0.210000E+002  0.200000E+001  0.100000E+001  0.500000E+000  0.300000E+000  0.200000E+001  0.100000E+001  0.100000E+001  0.800000E+002
  0.349364E+003  0.958953E+001  0.942478E+001 -0.376991E+001  0.973517E-005  0.382081E-005  0.104581E-004  0.146296E-005  0.585500E-006  0.157577E-005  0.210000E+002  0.200000E+001  0.100000E+001  0.500000E+000  0.300000E+000  0.200000E+001  0.100000E+001  0.100000E+001  0.804000E+002
  0.349364E+003  0.958953E+001  0.942478E+001 -0.376991E+001  0.975871E-005 -0.368249E-005  0.104304E-004  0.147406E-005 -0.545054E-006  0.157160E-005  0.210000E+002  0.200000E+001  0.100000E+001  0.500000E+000  0.300000E+000  0.200000E+001  0.100000E+001  0.100000E+001  0.808000E+002
  0.349364E+003  0.958953E+001  0.942478E+001 -0.376991E+001  0.475867E-005 -0.925066E-005  0.104029E-004  0.726244E-006 -0.138908E-005  0.156747E-005  0.210000E+002  0.200000E+001  0.100000E+001  0.500000E+000  0.300000E+000  0.200000E+001  0.100000E+001  0.100000E+001  0.812000E+002
  0.349364E+003  0.958953E+001  0.942478E+001 -0.376991E+001 -0.266480E-005 -0.100276E-004  0.103756E-004 -0.391549E-006 -0.151354E-005  0.156337E-005  0.210000E+002  0.200000E+001  0.100000E+001  0.500000E+000  0.300000E+000  0.200000E+001  0.100000E+001  0.100000E+001  0.816000E+002
  0.349364E+003  0.958953E+001  0.942478E+001 -0.376991E+001 -0.867781E-005 -0.563815E-005  0.103486E-004 -0.130195E-005 -0.858106E-006  0.155930E-005  0.210000E+002  0.200000E+001  0.100000E+001  0.500000E+000  0.300000E+000  0.200000E+001  0.100000E+001  0.100000E+001  0.820000E+002
  0.349364E+003  0.958953E+001  0.942478E+001 -0.376991E+001 -0.101922E-004  0.163080E-005  0.103218E-004 -0.153731E-005  0.235705E-006  0.155528E-005  0.210000E+002  0.200000E+001  0.100000E+001  0.500000E+000  0.300000E+000  0.200000E+001  0.100000E+001  0.100000E+001  0.824000E+002
  0.349364E+003  0.958953E+001  0.942478E+001 -0.376991E+001 -0.645131E-005  0.802312E-005  0.102951E-004 -0.979923E-006  0.120257E-005  0.155127E-005  0.210000E+002  0.200000E+001  0.100000E+001  0.500000E+000  0.300000E+000  0.200000E+001  0.100000E+001  0.100000E+001  0.828000E+002
  0.349364E+003  0.958953E+001  0.942478E+001 -0.376991E+001  0.591500E-006  0.102517E-004  0.102687E-004  0.791257E-007  0.154528E-005  0.154731E-005  0.210000E+002  0.200000E+001  0.100000E+001  0.500000E+000  0.300000E+000  0.200000E+001  0.100000E+001  0.100000E+001  0.832000E+002
  0.349364E+003  0.958953E+001  0.942478E+001 -0.376991E+001  0.729419E-005  0.719053E-005  0.102425E-004  0.109210E-005  0.109054E-005  0.154336E-005  0.210000E+002  0.200000E+001  0.100000E+001  0.500000E+000  0.300000E+000  0.200000E+001  0.100000E+001  0.100000E+001  0.836000E+002
  0.349364E+003  0.958953E+001  0.942478E+001 -0.376991E+001  0.102069E-004  0.442704E-006  0.102165E-004  0.153754E-005  0.765707E-007  0.153945E-005  0.210000E+002  0.200000E+001  0.100000E+001  0.500000E+000  0.300000E+000  0.200000E+001  0.100000E+001  0.100000E+001  0.840000E+002
  0.349364E+003  0.958953E+001  0.942478E+001 -0.376991E+001  0.784943E-005 -0.649906E-005  0.101907E-004  0.118900E-005 -0.971729E-006  0.153557E-005  0.210000E+002  0.200000E+001  0.100000E+001  0.500000E+000  0.300000E+000  0.200000E+001  0.100000E+001  0.100000E+001  0.844000E+002
  0.349364E+003  0.958953E+001  0.942478E+001 -0.376991E+001  0.146194E-005 -0.100595E-004  0.101652E-004  0.229922E-006 -0.151437E-005  0.153172E-005  0.210000E+002  0.200000E+001  0.100000E+001  0.500000E+000  0.300000E+000  0.200000E+001  0.100000E+001  0.100000E+001  0.848000E+002
  0.349364E+003  0.958953E+001  0.942478E+001 -0.376991E+001 -0.564652E-005 -0.842212E-005  0.101398E-004 -0.842797E-006 -0.127444E-005  0.152791E-005  0.210000E+002  0.200000E+001  0.100000E+001  0.500000E+000  0.300000E+000  0.200000E+001  0.100000E+001  0.100000E+001  0.852000E+002
  0.349364E+003  0.958953E+001  0.942478E+001 -0.376991E+001 -0.981190E-005 -0.245569E-005  0.101145E-004 -0.147616E-005 -0.379341E-006  0.152412E-005  0.210000E+002  0.200000E+001  0.100000E+001  0.500000E+000  0.300000E+000  0.200000E+001  0.100000E+001  0.100000E+001  0.856000E+002
  0.349364E+003  0.958953E+001  0.942478E+001 -0.376991E+001 -0.890396E-005  0.474549E-005  0.100896E-004 -0.134617E-005  0.706656E-006  0.152037E-005  0.210000E+002  0.200000E+001  0.100000E+001  0.500000E+000  0.300000E+000  0.200000E+001  0.100000E+001  0.100000E+001  0.860000E+002
  0.349364E+003  0.958953E+001  0.942478E+001 -0.376991E+001 -0.341488E-005  0.946776E-005  0.100648E-004 -0.523471E-006  0.142343E-005  0.151663E-005  0.210000E+002  0.200000E+001  0.100000E+001  0.500000E+000  0.300000E+000  0.200000E+001  0.100000E+001  0.100000E+001  0.864000E+002
  0.349364E+003  0.958953E+001  0.942478E+001 -0.376991E+001  0.380584E-005  0.929087E-005  0.100402E-004  0.564765E-006  0.140357E-005  0.151293E-005  0.210000E+002  0.200000E+001  0.100000E+001  0.500000E+000  0.300000E+000  0.200000E+001  0.100000E+001  0.100000E+001  0.868000E+002
  0.349364E+003  0.958953E+001  0.942478E+001 -0.376991E+001  0.903154E-005  0.432973E-005  0.100157E-004  0.135688E-005  0.660848E-006  0.150925E-005  0.210000E+002  0.200000E+001  0.100000E+001  0.500000E+000  0.300000E+000  0.200000E+001  0.100000E+001  0.100000E+001  0.872000E+002
  0.349364E+003  0.958953E+001  0.942478E+001 -0.376991E+001  0.958017E-005 -0.283724E-005  0.999147E-005  0.144623E-005 -0.418643E-006  0.150560E-005  0.210000E+002  0.200000E+001  0.100000E+001  0.500000E+000  0.300000E+000  0.200000E+001  0.100000E+001  0.100000E+001  0.876000E+002
  0.349364E+003  0.958953E+001  0.942478E+001 -0.376991E+001  0.519201E-005 -0.850831E-005  0.996736E-005  0.790227E-006 -0.127730E-005  0.150198E-005  0.210000E+002  0.200000E+001  0.100000E+001  0.500000E+000  0.300000E+000  0.200000E+001  0.100000E+001  0.100000E+001  0.880000E+002
  0.349364E+003  0.958953E+001  0.942478E+001 -0.376991E+001 -0.184933E-005 -0.977003E-005  0.994351E-005 -0.269686E-006 -0.147392E-005  0.149839E-005  0.210000E+002  0.200000E+001  0.100000E+001  0.500000E+000  0.300000E+000  0.200000E+001  0.100000E+001  0.100000E+001  0.884000E+002
  0.349364E+003  0.958953E+001  0.942478E+001 -0.376991E+001 -0.790462E-005 -0.599326E-005  0.991978E-005 -0.118564E-005 -0.910352E-006  0.149482E-005  0.210000E+002  0.200000E+001  0.100000E+001  0.500000E+000  0.300000E+000  0.200000E+001  0.100000E+001  0.100000E+001  0.888000E+002
  0.349364E+003  0.958953E+001  0.942478E+001 -0.376991E+001 -0.985939E-005  0.852728E-006  0.989619E-005 -0.148648E-005  0.119500E-006  0.149128E-005  0.210000E+002  0.200000E+001  0.100000E+001  0.500000E+000  0.300000E+000  0.200000E+001  0.100000E+001  0.100000E+001  0.892000E+002
  0.349364E+003  0.958953E+001  0.942478E+001 -0.376991E+001 -0.672647E-005  0.722701E-005  0.987294E-005 -0.102018E-005  0.108291E-005  0.148777E-005  0.210000E+002  0.200000E+001  0.100000E+001  0.500000E+000  0.300000E+000  0.200000E+001  0.100000E+001  0.100000E+001  0.896000E+002
  0.349364E+003  0.958953E+001  0.942478E+001 -0.376991E+001 -0.143055E-006  0.984863E-005  0.984967E-005 -0.304595E-007  0.148396E-005  0.148428E-005  0.210000E+002  0.200000E+001  0.100000E+001  0.500000E+000  0.300000E+000  0.200000E+001  0.100000E+001  0.100000E+001  0.900000E+002
  0.349364E+003  0.958953E+001  0.942478E+001 -0.376991E+001  0.648310E-005  0.738464E-005  0.982667E-005  0.970280E-006  0.111863E-005  0.148080E-005  0.210000E+002  0.200000E+001  0.100000E+001  0.500000E+000  0.300000E+000  0.200000E+001  0.100000E+001  0.100000E+001  0.904000E+002
  0.349364E+003  0.958953E+001  0.942478E+001 -0.376991E+001  0.973877E-005  0.112763E-005  0.980383E-005  0.146653E-005  0.178650E-006  0.147737E-005  0.210000E+002  0.200000E+001  0.100000E+001  0.500000E+000  0.300000E+000  0.200000E+001  0.100000E+001  0.100000E+001  0.908000E+002
  0.349364E+003  0.958953E+001  0.942478E+001 -0.376991E+001  0.796215E-005 -0.568094E-005  0.978105E-005  0.120490E-005 -0.848969E-006  0.147395E-005  0.210000E+002  0.200000E+001  0.100000E+001  0.500000E+000  0.300000E+000  0.200000E+001  0.100000E+001  0.100000E+001  0.912000E+002
  0.349364E+003  0.958953E+001  0.942478E+001 -0.376991E+001  0.209171E-005 -0.953169E-005  0.975850E-005  0.323676E-006 -0.143450E-005  0.147056E-005  0.210000E+002  0.200000E+001  0.100000E+001  0.500000E+000  0.300000E+000  0.200000E+001  0.100000E+001  0.100000E+001  0.916000E+002
  0.349364E+003  0.958953E+001  0.942478E+001 -0.376991E+001 -0.482924E-005 -0.845404E-005  0.973613E-005 -0.720258E-006 -0.127824E-005  0.146720E-005  0.210000E+002  0.200000E+001  0.100000E+001  0.500000E+000  0.300000E+000  0.200000E+001  0.100000E+001  0.100000E+001  0.920000E+002
  0.349364E+003  0.958953E+001  0.942478E+001 -0.376991E+001 -0.923068E-005 -0.302560E-005  0.971390E-005 -0.138835E-005 -0.464073E-006  0.146385E-005  0.210000E+002  0.200000E+001  0.100000E+001  0.500000E+000  0.300000E+000  0.200000E+001  0.100000E+001  0.100000E+001  0.924000E+002
  0.349364E+003  0.958953E+001  0.942478E+001 -0.376991E+001 -0.885614E-005  0.393702E-005  0.969182E-005 -0.133803E-005  0.585514E-006  0.146053E-005  0.210000E+002  0.200000E+001  0.100000E+001  0.500000E+000  0.300000E+000  0.200000E+001  0.100000E+001  0.100000E+001  0.928000E+002
  0.349364E+003  0.958953E+001  0.942478E+001 -0.376991E+001 -0.392058E-005  0.883960E-005  0.967003E-005 -0.598535E-006  0.132864E-005  0.145724E-005  0.210000E+002  0.200000E+001  0.100000E+001  0.500000E+000  0.300000E+000  0.200000E+001  0.100000E+001  0.100000E+001  0.932000E+002
  0.349364E+003  0.958953E+001  0.942478E+001 -0.376991E+001  0.301318E-005  0.916556E-005  0.964815E-005  0.446099E-006  0.138384E-005  0.145396E-005  0.210000E+002  0.200000E+001  0.100000E+001  0.500000E+000  0.300000E+000  0.200000E+001  0.100000E+001  0.100000E+001  0.936000E+002
  0.349364E+003  0.958953E+001  0.942478E+001 -0.376991E+001  0.836303E-005  0.476757E-005  0.962653E-005  0.125615E-005  0.725696E-006  0.145070E-005  0.210000E+002  0.200000E+001  0.100000E+001  0.500000E+000  0.300000E+000  0.200000E+001  0.100000E+001  0.100000E+001  0.940000E+002
  0.349364E+003  0.958953E+001  0.942478E+001 -0.376991E+001  0.937993E-005 -0.206757E-005  0.960510E-005  0.141531E-005 -0.303487E-006  0.144748E-005  0.210000E+002  0.200000E+001  0.100000E+001  0.500000E+000  0.300000E+000  0.200000E+001  0.100000E+001  0.100000E+001  0.944000E+002
  0.349364E+003  0.958953E+001  0.942478E+001 -0.376991E+001  0.555884E-005 -0.780689E-005  0.958375E-005  0.844414E-006 -0.117170E-005  0.144427E-005  0.210000E+002  0.200000E+001  0.100000E+001  0.500000E+000  0.300000E+000  0.200000E+001  0.100000E+001  0.100000E+001  0.948000E+002
  0.349364E+003  0.958953E+001  0.942478E+001 -0.376991E+001 -0.110976E-005 -0.949797E-005  0.956258E-005 -0.159109E-006 -0.143228E-005  0.144109E-005  0.210000E+002  0.200000E+001  0.100000E+001  0.500000E+000  0.300000E+000  0.200000E+001  0.100000E+001  0.100000E+001  0.952000E+002
  0.349364E+003  0.958953E+001  0.942478E+001 -0.376991E+001 -0.717713E-005 -0.628727E-005  0.954154E-005 -0.107623E-005 -0.953603E-006  0.143793E-005  0.210000E+002  0.200000E+001  0.100000E+001  0.500000E+000  0.300000E+000  0.200000E+001  0.100000E+001  0.100000E+001  0.956000E+002
  0.349364E+003  0.958953E+001  0.942478E+001 -0.376991E+001 -0.951948E-005  0.149492E-006  0.952066E-005 -0.143471E-005  0.144470E-007  0.143478E-005  0.210000E+002  0.200000E+001  0.100000E+001  0.500000E+000  0.300000E+000  0.200000E+001  0.100000E+001  0.100000E+001  0.960000E+002
  0.349364E+003  0.958953E+001  0.942478E+001 -0.376991E+001 -0.694576E-005  0.648109E-005  0.949990E-005 -0.105220E-005  0.970831E-006  0.143166E-005  0.210000E+002  0.200000E+001  0.100000E+001  0.500000E+000  0.300000E+000  0.200000E+001  0.100000E+001  0.100000E+001  0.964000E+002
  0.349364E+003  0.958953E+001  0.942478E+001 -0.376991E+001 -0.803961E-006  0.944519E-005  0.947934E-005 -0.129103E-006  0.142271E-005  0.142856E-005  0.210000E+002  0.200000E+001  0.100000E+001  0.500000E+000  0.300000E+000  0.200000E+001  0.100000E+001  0.100000E+001  0.968000E+002
  0.349364E+003  0.958953E+001  0.942478E+001 -0.376991E+001  0.572598E-005  0.752878E-005  0.945883E-005  0.856598E-006  0.113940E-005  0.142548E-005  0.210000E+002  0.200000E+001  0.100000E+001  0.500000E+000  0.300000E+000  0.200000E+001  0.100000E+001  0.100000E+001  0.972000E+002
  0.349364E+003  0.958953E+001  0.942478E+001 -0.376991E+001  0.927651E-005  0.174064E-005  0.943840E-005  0.139655E-005  0.270061E-006  0.142242E-005  0.210000E+002  0.200000E+001  0.100000E+001  0.500000E+000  0.300000E+000  0.200000E+001  0.100000E+001  0.100000E+001  0.976000E+002
  0.349364E+003  0.958953E+001  0.942478E+001 -0.376991E+001  0.803103E-005 -0.492004E-005  0.941829E-005  0.121439E-005 -0.734782E-006  0.141938E-005  0.210000E+002  0.200000E+001  0.100000E+001  0.500000E+000  0.300000E+000  0.200000E+001  0.100000E+001  0.100000E+001  0.980000E+002
  0.349364E+003  0.958953E+001  0.942478E+001 -0.376991E+001  0.265156E-005 -0.901642E-005  0.939823E-005  0.407069E-006 -0.135660E-005  0.141636E-005  0.210000E+002  0.200000E+001  0.100000E+001  0.500000E+000  0.300000E+000  0.200000E+001  0.100000E+001  0.100000E+001  0.984000E+002
  0.349364E+003  0.958953E+001  0.942478E+001 -0.376991E+001 -0.407148E-005 -0.844840E-005  0.937830E-005 -0.606614E-006 -0.127656E-005  0.141336E-005  0.210000E+002  0.200000E+001  0.100000E+001  0.500000E+000  0.300000E+000  0.200000E+001  0.100000E+001  0.100000E+001  0.988000E+002
  0.349364E+003  0.958953E+001  0.942478E+001 -0.376991E+001 -0.866792E-005 -0.352820E-005  0.935848E-005 -0.130339E-005 -0.538841E-006  0.141038E-005  0.210000E+002  0.200000E+001  0.100000E+001  0.500000E+000  0.300000E+000  0.200000E+001  0.100000E+001  0.100000E+001  0.992000E+002
  0.349364E+003  0.958953E+001  0.942478E+001 -0.376991E+001 -0.877719E-005  0.318967E-005  0.933879E-005 -0.132537E-005  0.473510E-006  0.140742E-005  0.210000E+002  0.200000E+001  0.100000E+001  0.500000E+000  0.300000E+000  0.200000E+001  0.100000E+001  0.100000E+001  0.996000E+002
