 % the field is psp
% Dinn5 settings , t1, t2, t3, t4, tm, tp, eps, step, IntLimit
%   0.249000E+002  0.249000E+002  0.249000E+002  0.278880E+003  0.200000E-001  0.000000E+000  0.100000E-005  0.100000E-001  0.100000E+006
%psi, R, x, z, re(u), im(u), abs(u), re(w), im(w), abs(w), fieldCode, cp(1), cp(2), cs(1), cs(2), rho(1), rho(2), h, w
  0.349364E+003  0.958953E+001  0.942478E+001 -0.376991E+001  0.941465E-005  0.275677E-004  0.291310E-004 -0.141944E-005 -0.415635E-005  0.439205E-005  0.210000E+002  0.200000E+001  0.100000E+001  0.500000E+000  0.300000E+000  0.200000E+001  0.100000E+001  0.100000E+001  0.100000E+002
  0.349364E+003  0.958953E+001  0.942478E+001 -0.376991E+001  0.249861E-004  0.138445E-004  0.285653E-004 -0.376713E-005 -0.208732E-005  0.430676E-005  0.210000E+002  0.200000E+001  0.100000E+001  0.500000E+000  0.300000E+000  0.200000E+001  0.100000E+001  0.100000E+001  0.104000E+002
  0.349364E+003  0.958953E+001  0.942478E+001 -0.376991E+001  0.272945E-004 -0.638379E-005  0.280311E-004 -0.411517E-005  0.962476E-006  0.422622E-005  0.210000E+002  0.200000E+001  0.100000E+001  0.500000E+000  0.300000E+000  0.200000E+001  0.100000E+001  0.100000E+001  0.108000E+002
  0.349364E+003  0.958953E+001  0.942478E+001 -0.376991E+001  0.156628E-004 -0.226354E-004  0.275260E-004 -0.236147E-005  0.341271E-005  0.415007E-005  0.210000E+002  0.200000E+001  0.100000E+001  0.500000E+000  0.300000E+000  0.200000E+001  0.100000E+001  0.100000E+001  0.112000E+002
  0.349364E+003  0.958953E+001  0.942478E+001 -0.376991E+001 -0.351749E-005 -0.268176E-004  0.270473E-004  0.530328E-006  0.404326E-005  0.407789E-005  0.210000E+002  0.200000E+001  0.100000E+001  0.500000E+000  0.300000E+000  0.200000E+001  0.100000E+001  0.100000E+001  0.116000E+002
  0.349364E+003  0.958953E+001  0.942478E+001 -0.376991E+001 -0.202594E-004 -0.172258E-004  0.265927E-004  0.305449E-005  0.259712E-005  0.400936E-005  0.210000E+002  0.200000E+001  0.100000E+001  0.500000E+000  0.300000E+000  0.200000E+001  0.100000E+001  0.100000E+001  0.120000E+002
  0.349364E+003  0.958953E+001  0.942478E+001 -0.376991E+001 -0.261477E-004  0.812994E-006  0.261603E-004  0.394226E-005 -0.122574E-006  0.394416E-005  0.210000E+002  0.200000E+001  0.100000E+001  0.500000E+000  0.300000E+000  0.200000E+001  0.100000E+001  0.100000E+001  0.124000E+002
  0.349364E+003  0.958953E+001  0.942478E+001 -0.376991E+001 -0.185420E-004  0.178653E-004  0.257483E-004  0.279556E-005 -0.269353E-005  0.388205E-005  0.210000E+002  0.200000E+001  0.100000E+001  0.500000E+000  0.300000E+000  0.200000E+001  0.100000E+001  0.100000E+001  0.128000E+002
  0.349364E+003  0.958953E+001  0.942478E+001 -0.376991E+001 -0.172925E-005  0.252962E-004  0.253552E-004  0.260717E-006 -0.381388E-005  0.382278E-005  0.210000E+002  0.200000E+001  0.100000E+001  0.500000E+000  0.300000E+000  0.200000E+001  0.100000E+001  0.100000E+001  0.132000E+002
  0.349364E+003  0.958953E+001  0.942478E+001 -0.376991E+001  0.154625E-004  0.196186E-004  0.249796E-004 -0.233126E-005 -0.295788E-005  0.376614E-005  0.210000E+002  0.200000E+001  0.100000E+001  0.500000E+000  0.300000E+000  0.200000E+001  0.100000E+001  0.100000E+001  0.136000E+002
  0.349364E+003  0.958953E+001  0.942478E+001 -0.376991E+001  0.242752E-004  0.410681E-005  0.246201E-004 -0.365995E-005 -0.619180E-006  0.371195E-005  0.210000E+002  0.200000E+001  0.100000E+001  0.500000E+000  0.300000E+000  0.200000E+001  0.100000E+001  0.100000E+001  0.140000E+002
  0.349364E+003  0.958953E+001  0.942478E+001 -0.376991E+001  0.204622E-004 -0.130620E-004  0.242758E-004 -0.308506E-005  0.196934E-005  0.366004E-005  0.210000E+002  0.200000E+001  0.100000E+001  0.500000E+000  0.300000E+000  0.200000E+001  0.100000E+001  0.100000E+001  0.144000E+002
  0.349364E+003  0.958953E+001  0.942478E+001 -0.376991E+001  0.631607E-005 -0.230975E-004  0.239455E-004 -0.952267E-006  0.348239E-005  0.361024E-005  0.210000E+002  0.200000E+001  0.100000E+001  0.500000E+000  0.300000E+000  0.200000E+001  0.100000E+001  0.100000E+001  0.148000E+002
  0.349364E+003  0.958953E+001  0.942478E+001 -0.376991E+001 -0.106757E-004 -0.210790E-004  0.236282E-004  0.160956E-005  0.317805E-005  0.356240E-005  0.210000E+002  0.200000E+001  0.100000E+001  0.500000E+000  0.300000E+000  0.200000E+001  0.100000E+001  0.100000E+001  0.152000E+002
  0.349364E+003  0.958953E+001  0.942478E+001 -0.376991E+001 -0.217764E-004 -0.835277E-005  0.233234E-004  0.328320E-005  0.125934E-005  0.351644E-005  0.210000E+002  0.200000E+001  0.100000E+001  0.500000E+000  0.300000E+000  0.200000E+001  0.100000E+001  0.100000E+001  0.156000E+002
  0.349364E+003  0.958953E+001  0.942478E+001 -0.376991E+001 -0.214759E-004  0.831654E-005  0.230300E-004  0.323790E-005 -0.125388E-005  0.347220E-005  0.210000E+002  0.200000E+001  0.100000E+001  0.500000E+000  0.300000E+000  0.200000E+001  0.100000E+001  0.100000E+001  0.160000E+002
  0.349364E+003  0.958953E+001  0.942478E+001 -0.376991E+001 -0.102127E-004  0.203261E-004  0.227475E-004  0.153976E-005 -0.306454E-005  0.342962E-005  0.210000E+002  0.200000E+001  0.100000E+001  0.500000E+000  0.300000E+000  0.200000E+001  0.100000E+001  0.100000E+001  0.164000E+002
  0.349364E+003  0.958953E+001  0.942478E+001 -0.376991E+001  0.599761E-005  0.216599E-004  0.224750E-004 -0.904253E-006 -0.326565E-005  0.338853E-005  0.210000E+002  0.200000E+001  0.100000E+001  0.500000E+000  0.300000E+000  0.200000E+001  0.100000E+001  0.100000E+001  0.168000E+002
  0.349364E+003  0.958953E+001  0.942478E+001 -0.376991E+001  0.187609E-004  0.118916E-004  0.222122E-004 -0.282857E-005 -0.179288E-005  0.334891E-005  0.210000E+002  0.200000E+001  0.100000E+001  0.500000E+000  0.300000E+000  0.200000E+001  0.100000E+001  0.100000E+001  0.172000E+002
  0.349364E+003  0.958953E+001  0.942478E+001 -0.376991E+001  0.216388E-004 -0.373213E-005  0.219583E-004 -0.326245E-005  0.562690E-006  0.331062E-005  0.210000E+002  0.200000E+001  0.100000E+001  0.500000E+000  0.300000E+000  0.200000E+001  0.100000E+001  0.100000E+001  0.176000E+002
  0.349364E+003  0.958953E+001  0.942478E+001 -0.376991E+001  0.133857E-004 -0.170959E-004  0.217128E-004 -0.201814E-005  0.257754E-005  0.327362E-005  0.210000E+002  0.200000E+001  0.100000E+001  0.500000E+000  0.300000E+000  0.200000E+001  0.100000E+001  0.100000E+001  0.180000E+002
  0.349364E+003  0.958953E+001  0.942478E+001 -0.376991E+001 -0.153329E-005 -0.214208E-004  0.214756E-004  0.231173E-006  0.322959E-005  0.323786E-005  0.210000E+002  0.200000E+001  0.100000E+001  0.500000E+000  0.300000E+000  0.200000E+001  0.100000E+001  0.100000E+001  0.184000E+002
  0.349364E+003  0.958953E+001  0.942478E+001 -0.376991E+001 -0.153468E-004 -0.146922E-004  0.212458E-004  0.231383E-005  0.221513E-005  0.320321E-005  0.210000E+002  0.200000E+001  0.100000E+001  0.500000E+000  0.300000E+000  0.200000E+001  0.100000E+001  0.100000E+001  0.188000E+002
  0.349364E+003  0.958953E+001  0.942478E+001 -0.376991E+001 -0.210153E-004 -0.586031E-006  0.210235E-004  0.316845E-005  0.883553E-007  0.316968E-005  0.210000E+002  0.200000E+001  0.100000E+001  0.500000E+000  0.300000E+000  0.200000E+001  0.100000E+001  0.100000E+001  0.192000E+002
  0.349364E+003  0.958953E+001  0.942478E+001 -0.376991E+001 -0.158089E-004  0.135293E-004  0.208078E-004  0.238349E-005 -0.203979E-005  0.313716E-005  0.210000E+002  0.200000E+001  0.100000E+001  0.500000E+000  0.300000E+000  0.200000E+001  0.100000E+001  0.100000E+001  0.196000E+002
  0.349364E+003  0.958953E+001  0.942478E+001 -0.376991E+001 -0.261341E-005  0.204323E-004  0.205987E-004  0.394020E-006 -0.308055E-005  0.310565E-005  0.210000E+002  0.200000E+001  0.100000E+001  0.500000E+000  0.300000E+000  0.200000E+001  0.100000E+001  0.100000E+001  0.200000E+002
  0.349364E+003  0.958953E+001  0.942478E+001 -0.376991E+001  0.116592E-004  0.167346E-004  0.203957E-004 -0.175784E-005 -0.252306E-005  0.307504E-005  0.210000E+002  0.200000E+001  0.100000E+001  0.500000E+000  0.300000E+000  0.200000E+001  0.100000E+001  0.100000E+001  0.204000E+002
  0.349364E+003  0.958953E+001  0.942478E+001 -0.376991E+001  0.196826E-004  0.453700E-005  0.201987E-004 -0.296752E-005 -0.684039E-006  0.304534E-005  0.210000E+002  0.200000E+001  0.100000E+001  0.500000E+000  0.300000E+000  0.200000E+001  0.100000E+001  0.100000E+001  0.208000E+002
  0.349364E+003  0.958953E+001  0.942478E+001 -0.376991E+001  0.174692E-004 -0.975271E-005  0.200072E-004 -0.263381E-005  0.147040E-005  0.301646E-005  0.210000E+002  0.200000E+001  0.100000E+001  0.500000E+000  0.300000E+000  0.200000E+001  0.100000E+001  0.100000E+001  0.212000E+002
  0.349364E+003  0.958953E+001  0.942478E+001 -0.376991E+001  0.634570E-005 -0.187778E-004  0.198210E-004 -0.956734E-006  0.283110E-005  0.298839E-005  0.210000E+002  0.200000E+001  0.100000E+001  0.500000E+000  0.300000E+000  0.200000E+001  0.100000E+001  0.100000E+001  0.216000E+002
  0.349364E+003  0.958953E+001  0.942478E+001 -0.376991E+001 -0.782587E-005 -0.180135E-004  0.196401E-004  0.117990E-005  0.271588E-005  0.296111E-005  0.210000E+002  0.200000E+001  0.100000E+001  0.500000E+000  0.300000E+000  0.200000E+001  0.100000E+001  0.100000E+001  0.220000E+002
  0.349364E+003  0.958953E+001  0.942478E+001 -0.376991E+001 -0.177305E-004 -0.802933E-005  0.194639E-004  0.267321E-005  0.121057E-005  0.293454E-005  0.210000E+002  0.200000E+001  0.100000E+001  0.500000E+000  0.300000E+000  0.200000E+001  0.100000E+001  0.100000E+001  0.224000E+002
  0.349364E+003  0.958953E+001  0.942478E+001 -0.376991E+001 -0.183699E-004  0.589461E-005  0.192924E-004  0.276960E-005 -0.888725E-006  0.290870E-005  0.210000E+002  0.200000E+001  0.100000E+001  0.500000E+000  0.300000E+000  0.200000E+001  0.100000E+001  0.100000E+001  0.228000E+002
  0.349364E+003  0.958953E+001  0.942478E+001 -0.376991E+001 -0.957860E-005  0.165538E-004  0.191253E-004  0.144416E-005 -0.249580E-005  0.288351E-005  0.210000E+002  0.200000E+001  0.100000E+001  0.500000E+000  0.300000E+000  0.200000E+001  0.100000E+001  0.100000E+001  0.232000E+002
  0.349364E+003  0.958953E+001  0.942478E+001 -0.376991E+001  0.397463E-005  0.185414E-004  0.189626E-004 -0.599251E-006 -0.279547E-005  0.285898E-005  0.210000E+002  0.200000E+001  0.100000E+001  0.500000E+000  0.300000E+000  0.200000E+001  0.100000E+001  0.100000E+001  0.236000E+002
  0.349364E+003  0.958953E+001  0.942478E+001 -0.376991E+001  0.152614E-004  0.109853E-004  0.188039E-004 -0.230094E-005 -0.165624E-005  0.283504E-005  0.210000E+002  0.200000E+001  0.100000E+001  0.500000E+000  0.300000E+000  0.200000E+001  0.100000E+001  0.100000E+001  0.240000E+002
  0.349364E+003  0.958953E+001  0.942478E+001 -0.376991E+001  0.185327E-004 -0.208125E-005  0.186492E-004 -0.279415E-005  0.313788E-006  0.281172E-005  0.210000E+002  0.200000E+001  0.100000E+001  0.500000E+000  0.300000E+000  0.200000E+001  0.100000E+001  0.100000E+001  0.244000E+002
  0.349364E+003  0.958953E+001  0.942478E+001 -0.376991E+001  0.122423E-004 -0.138675E-004  0.184981E-004 -0.184576E-005  0.209079E-005  0.278894E-005  0.210000E+002  0.200000E+001  0.100000E+001  0.500000E+000  0.300000E+000  0.200000E+001  0.100000E+001  0.100000E+001  0.248000E+002
  0.349364E+003  0.958953E+001  0.942478E+001 -0.376991E+001 -0.229316E-006 -0.183494E-004  0.183508E-004  0.345737E-007  0.276651E-005  0.276673E-005  0.210000E+002  0.200000E+001  0.100000E+001  0.500000E+000  0.300000E+000  0.200000E+001  0.100000E+001  0.100000E+001  0.252000E+002
  0.349364E+003  0.958953E+001  0.942478E+001 -0.376991E+001 -0.123868E-004 -0.133437E-004  0.182068E-004  0.186755E-005  0.201182E-005  0.274502E-005  0.210000E+002  0.200000E+001  0.100000E+001  0.500000E+000  0.300000E+000  0.200000E+001  0.100000E+001  0.100000E+001  0.256000E+002
  0.349364E+003  0.958953E+001  0.942478E+001 -0.376991E+001 -0.179981E-004 -0.156689E-005  0.180662E-004  0.271355E-005  0.236239E-006  0.272382E-005  0.210000E+002  0.200000E+001  0.100000E+001  0.500000E+000  0.300000E+000  0.200000E+001  0.100000E+001  0.100000E+001  0.260000E+002
  0.349364E+003  0.958953E+001  0.942478E+001 -0.376991E+001 -0.142849E-004  0.108344E-004  0.179288E-004  0.215372E-005 -0.163350E-005  0.270311E-005  0.210000E+002  0.200000E+001  0.100000E+001  0.500000E+000  0.300000E+000  0.200000E+001  0.100000E+001  0.100000E+001  0.264000E+002
  0.349364E+003  0.958953E+001  0.942478E+001 -0.376991E+001 -0.329381E-005  0.174870E-004  0.177945E-004  0.496604E-006 -0.263650E-005  0.268286E-005  0.210000E+002  0.200000E+001  0.100000E+001  0.500000E+000  0.300000E+000  0.200000E+001  0.100000E+001  0.100000E+001  0.268000E+002
  0.349364E+003  0.958953E+001  0.942478E+001 -0.376991E+001  0.922562E-005  0.150624E-004  0.176632E-004 -0.139094E-005 -0.227095E-005  0.266307E-005  0.210000E+002  0.200000E+001  0.100000E+001  0.500000E+000  0.300000E+000  0.200000E+001  0.100000E+001  0.100000E+001  0.272000E+002
  0.349364E+003  0.958953E+001  0.942478E+001 -0.376991E+001  0.168249E-004  0.493864E-005  0.175347E-004 -0.253667E-005 -0.744594E-006  0.264369E-005  0.210000E+002  0.200000E+001  0.100000E+001  0.500000E+000  0.300000E+000  0.200000E+001  0.100000E+001  0.100000E+001  0.276000E+002
  0.349364E+003  0.958953E+001  0.942478E+001 -0.376991E+001  0.156743E-004 -0.757575E-005  0.174091E-004 -0.236320E-005  0.114219E-005  0.262475E-005  0.210000E+002  0.200000E+001  0.100000E+001  0.500000E+000  0.300000E+000  0.200000E+001  0.100000E+001  0.100000E+001  0.280000E+002
  0.349364E+003  0.958953E+001  0.942478E+001 -0.376991E+001  0.648949E-005 -0.160216E-004  0.172860E-004 -0.978414E-006  0.241556E-005  0.260619E-005  0.210000E+002  0.200000E+001  0.100000E+001  0.500000E+000  0.300000E+000  0.200000E+001  0.100000E+001  0.100000E+001  0.284000E+002
  0.349364E+003  0.958953E+001  0.942478E+001 -0.376991E+001 -0.590024E-005 -0.161197E-004  0.171656E-004  0.889574E-006  0.243035E-005  0.258804E-005  0.210000E+002  0.200000E+001  0.100000E+001  0.500000E+000  0.300000E+000  0.200000E+001  0.100000E+001  0.100000E+001  0.288000E+002
  0.349364E+003  0.958953E+001  0.942478E+001 -0.376991E+001 -0.150880E-004 -0.793543E-005  0.170476E-004  0.227481E-005  0.119642E-005  0.257024E-005  0.210000E+002  0.200000E+001  0.100000E+001  0.500000E+000  0.300000E+000  0.200000E+001  0.100000E+001  0.100000E+001  0.292000E+002
  0.349364E+003  0.958953E+001  0.942478E+001 -0.376991E+001 -0.163992E-004  0.421439E-005  0.169320E-004  0.247248E-005 -0.635399E-006  0.255282E-005  0.210000E+002  0.200000E+001  0.100000E+001  0.500000E+000  0.300000E+000  0.200000E+001  0.100000E+001  0.100000E+001  0.296000E+002
  0.349364E+003  0.958953E+001  0.942478E+001 -0.376991E+001 -0.926656E-005  0.140357E-004  0.168187E-004  0.139711E-005 -0.211615E-005  0.253574E-005  0.210000E+002  0.200000E+001  0.100000E+001  0.500000E+000  0.300000E+000  0.200000E+001  0.100000E+001  0.100000E+001  0.300000E+002
  0.349364E+003  0.958953E+001  0.942478E+001 -0.376991E+001  0.253324E-005  0.165145E-004  0.167077E-004 -0.381934E-006 -0.248988E-005  0.251900E-005  0.210000E+002  0.200000E+001  0.100000E+001  0.500000E+000  0.300000E+000  0.200000E+001  0.100000E+001  0.100000E+001  0.304000E+002
  0.349364E+003  0.958953E+001  0.942478E+001 -0.376991E+001  0.128770E-004  0.104741E-004  0.165989E-004 -0.194144E-005 -0.157917E-005  0.250260E-005  0.210000E+002  0.200000E+001  0.100000E+001  0.500000E+000  0.300000E+000  0.200000E+001  0.100000E+001  0.100000E+001  0.308000E+002
  0.349364E+003  0.958953E+001  0.942478E+001 -0.376991E+001  0.164691E-004 -0.871562E-006  0.164921E-004 -0.248302E-005  0.131404E-006  0.248650E-005  0.210000E+002  0.200000E+001  0.100000E+001  0.500000E+000  0.300000E+000  0.200000E+001  0.100000E+001  0.100000E+001  0.312000E+002
  0.349364E+003  0.958953E+001  0.942478E+001 -0.376991E+001  0.115505E-004 -0.116247E-004  0.163874E-004 -0.174145E-005  0.175265E-005  0.247072E-005  0.210000E+002  0.200000E+001  0.100000E+001  0.500000E+000  0.300000E+000  0.200000E+001  0.100000E+001  0.100000E+001  0.316000E+002
  0.349364E+003  0.958953E+001  0.942478E+001 -0.376991E+001  0.756387E-006 -0.162671E-004  0.162847E-004 -0.114040E-006  0.245257E-005  0.245522E-005  0.210000E+002  0.200000E+001  0.100000E+001  0.500000E+000  0.300000E+000  0.200000E+001  0.100000E+001  0.100000E+001  0.320000E+002
  0.349364E+003  0.958953E+001  0.942478E+001 -0.376991E+001 -0.102925E-004 -0.124893E-004  0.161839E-004  0.155178E-005  0.188300E-005  0.244002E-005  0.210000E+002  0.200000E+001  0.100000E+001  0.500000E+000  0.300000E+000  0.200000E+001  0.100000E+001  0.100000E+001  0.324000E+002
  0.349364E+003  0.958953E+001  0.942478E+001 -0.376991E+001 -0.159142E-004 -0.233689E-005  0.160849E-004  0.239937E-005  0.352331E-006  0.242510E-005  0.210000E+002  0.200000E+001  0.100000E+001  0.500000E+000  0.300000E+000  0.200000E+001  0.100000E+001  0.100000E+001  0.328000E+002
  0.349364E+003  0.958953E+001  0.942478E+001 -0.376991E+001 -0.132854E-004  0.889395E-005  0.159876E-004  0.200302E-005 -0.134093E-005  0.241044E-005  0.210000E+002  0.200000E+001  0.100000E+001  0.500000E+000  0.300000E+000  0.200000E+001  0.100000E+001  0.100000E+001  0.332000E+002
  0.349364E+003  0.958953E+001  0.942478E+001 -0.376991E+001 -0.385687E-005  0.154171E-004  0.158922E-004  0.581496E-006 -0.232442E-005  0.239605E-005  0.210000E+002  0.200000E+001  0.100000E+001  0.500000E+000  0.300000E+000  0.200000E+001  0.100000E+001  0.100000E+001  0.336000E+002
  0.349364E+003  0.958953E+001  0.942478E+001 -0.376991E+001  0.744344E-005  0.139351E-004  0.157985E-004 -0.112224E-005 -0.210098E-005  0.238192E-005  0.210000E+002  0.200000E+001  0.100000E+001  0.500000E+000  0.300000E+000  0.200000E+001  0.100000E+001  0.100000E+001  0.340000E+002
  0.349364E+003  0.958953E+001  0.942478E+001 -0.376991E+001  0.147837E-004  0.530407E-005  0.157064E-004 -0.222892E-005 -0.799689E-006  0.236804E-005  0.210000E+002  0.200000E+001  0.100000E+001  0.500000E+000  0.300000E+000  0.200000E+001  0.100000E+001  0.100000E+001  0.344000E+002
  0.349364E+003  0.958953E+001  0.942478E+001 -0.376991E+001  0.144357E-004 -0.595508E-005  0.156158E-004 -0.217646E-005  0.897841E-006  0.235437E-005  0.210000E+002  0.200000E+001  0.100000E+001  0.500000E+000  0.300000E+000  0.200000E+001  0.100000E+001  0.100000E+001  0.348000E+002
  0.349364E+003  0.958953E+001  0.942478E+001 -0.376991E+001  0.666697E-005 -0.140226E-004  0.155268E-004 -0.100517E-005  0.211418E-005  0.234096E-005  0.210000E+002  0.200000E+001  0.100000E+001  0.500000E+000  0.300000E+000  0.200000E+001  0.100000E+001  0.100000E+001  0.352000E+002
  0.349364E+003  0.958953E+001  0.942478E+001 -0.376991E+001 -0.444332E-005 -0.147862E-004  0.154394E-004  0.669915E-006  0.222930E-005  0.232778E-005  0.210000E+002  0.200000E+001  0.100000E+001  0.500000E+000  0.300000E+000  0.200000E+001  0.100000E+001  0.100000E+001  0.356000E+002
  0.349364E+003  0.958953E+001  0.942478E+001 -0.376991E+001 -0.131437E-004 -0.793507E-005  0.153533E-004  0.198167E-005  0.119636E-005  0.231480E-005  0.210000E+002  0.200000E+001  0.100000E+001  0.500000E+000  0.300000E+000  0.200000E+001  0.100000E+001  0.100000E+001  0.360000E+002
  0.349364E+003  0.958953E+001  0.942478E+001 -0.376991E+001 -0.149865E-004  0.292236E-005  0.152687E-004  0.225949E-005 -0.440601E-006  0.230205E-005  0.210000E+002  0.200000E+001  0.100000E+001  0.500000E+000  0.300000E+000  0.200000E+001  0.100000E+001  0.100000E+001  0.364000E+002
  0.349364E+003  0.958953E+001  0.942478E+001 -0.376991E+001 -0.909896E-005  0.121577E-004  0.151856E-004  0.137184E-005 -0.183301E-005  0.228951E-005  0.210000E+002  0.200000E+001  0.100000E+001  0.500000E+000  0.300000E+000  0.200000E+001  0.100000E+001  0.100000E+001  0.368000E+002
  0.349364E+003  0.958953E+001  0.942478E+001 -0.376991E+001  0.140634E-005  0.150381E-004  0.151037E-004 -0.212032E-006 -0.226728E-005  0.227717E-005  0.210000E+002  0.200000E+001  0.100000E+001  0.500000E+000  0.300000E+000  0.200000E+001  0.100000E+001  0.100000E+001  0.372000E+002
  0.349364E+003  0.958953E+001  0.942478E+001 -0.376991E+001  0.110756E-004  0.101500E-004  0.150231E-004 -0.166986E-005 -0.153031E-005  0.226501E-005  0.210000E+002  0.200000E+001  0.100000E+001  0.500000E+000  0.300000E+000  0.200000E+001  0.100000E+001  0.100000E+001  0.376000E+002
  0.349364E+003  0.958953E+001  0.942478E+001 -0.376991E+001  0.149436E-004  0.909963E-007  0.149438E-004 -0.225302E-005 -0.137194E-007  0.225307E-005  0.210000E+002  0.200000E+001  0.100000E+001  0.500000E+000  0.300000E+000  0.200000E+001  0.100000E+001  0.100000E+001  0.380000E+002
  0.349364E+003  0.958953E+001  0.942478E+001 -0.376991E+001  0.110812E-004 -0.990959E-005  0.148658E-004 -0.167070E-005  0.149406E-005  0.224131E-005  0.210000E+002  0.200000E+001  0.100000E+001  0.500000E+000  0.300000E+000  0.200000E+001  0.100000E+001  0.100000E+001  0.384000E+002
  0.349364E+003  0.958953E+001  0.942478E+001 -0.376991E+001  0.155625E-005 -0.147068E-004  0.147889E-004 -0.234633E-006  0.221733E-005  0.222971E-005  0.210000E+002  0.200000E+001  0.100000E+001  0.500000E+000  0.300000E+000  0.200000E+001  0.100000E+001  0.100000E+001  0.388000E+002
  0.349364E+003  0.958953E+001  0.942478E+001 -0.376991E+001 -0.867189E-005 -0.118861E-004  0.147133E-004  0.130745E-005  0.179206E-005  0.221831E-005  0.210000E+002  0.200000E+001  0.100000E+001  0.500000E+000  0.300000E+000  0.200000E+001  0.100000E+001  0.100000E+001  0.392000E+002
  0.349364E+003  0.958953E+001  0.942478E+001 -0.376991E+001 -0.143330E-004 -0.297658E-005  0.146388E-004  0.216097E-005  0.448775E-006  0.220708E-005  0.210000E+002  0.200000E+001  0.100000E+001  0.500000E+000  0.300000E+000  0.200000E+001  0.100000E+001  0.100000E+001  0.396000E+002
  0.349364E+003  0.958953E+001  0.942478E+001 -0.376991E+001 -0.125601E-004  0.737550E-005  0.145655E-004  0.189367E-005 -0.111200E-005  0.219602E-005  0.210000E+002  0.200000E+001  0.100000E+001  0.500000E+000  0.300000E+000  0.200000E+001  0.100000E+001  0.100000E+001  0.400000E+002
  0.349364E+003  0.958953E+001  0.942478E+001 -0.376991E+001 -0.433972E-005  0.138281E-004  0.144931E-004  0.654295E-006 -0.208485E-005  0.218511E-005  0.210000E+002  0.200000E+001  0.100000E+001  0.500000E+000  0.300000E+000  0.200000E+001  0.100000E+001  0.100000E+001  0.404000E+002
  0.349364E+003  0.958953E+001  0.942478E+001 -0.376991E+001  0.603346E-005  0.130992E-004  0.144219E-004 -0.909659E-006 -0.197496E-005  0.217438E-005  0.210000E+002  0.200000E+001  0.100000E+001  0.500000E+000  0.300000E+000  0.200000E+001  0.100000E+001  0.100000E+001  0.408000E+002
  0.349364E+003  0.958953E+001  0.942478E+001 -0.376991E+001  0.131996E-004  0.563422E-005  0.143518E-004 -0.199009E-005 -0.849465E-006  0.216380E-005  0.210000E+002  0.200000E+001  0.100000E+001  0.500000E+000  0.300000E+000  0.200000E+001  0.100000E+001  0.100000E+001  0.412000E+002
  0.349364E+003  0.958953E+001  0.942478E+001 -0.376991E+001  0.135013E-004 -0.465919E-005  0.142826E-004 -0.203558E-005  0.702461E-006  0.215338E-005  0.210000E+002  0.200000E+001  0.100000E+001  0.500000E+000  0.300000E+000  0.200000E+001  0.100000E+001  0.100000E+001  0.416000E+002
  0.349364E+003  0.958953E+001  0.942478E+001 -0.376991E+001  0.684929E-005 -0.124554E-004  0.142144E-004 -0.103266E-005  0.187788E-005  0.214309E-005  0.210000E+002  0.200000E+001  0.100000E+001  0.500000E+000  0.300000E+000  0.200000E+001  0.100000E+001  0.100000E+001  0.420000E+002
  0.349364E+003  0.958953E+001  0.942478E+001 -0.376991E+001 -0.326599E-005 -0.137651E-004  0.141472E-004  0.492410E-006  0.207534E-005  0.213296E-005  0.210000E+002  0.200000E+001  0.100000E+001  0.500000E+000  0.300000E+000  0.200000E+001  0.100000E+001  0.100000E+001  0.424000E+002
  0.349364E+003  0.958953E+001  0.942478E+001 -0.376991E+001 -0.116048E-004 -0.797519E-005  0.140810E-004  0.174964E-005  0.120241E-005  0.212297E-005  0.210000E+002  0.200000E+001  0.100000E+001  0.500000E+000  0.300000E+000  0.200000E+001  0.100000E+001  0.100000E+001  0.428000E+002
  0.349364E+003  0.958953E+001  0.942478E+001 -0.376991E+001 -0.138906E-004  0.186723E-005  0.140156E-004  0.209428E-005 -0.281520E-006  0.211311E-005  0.210000E+002  0.200000E+001  0.100000E+001  0.500000E+000  0.300000E+000  0.200000E+001  0.100000E+001  0.100000E+001  0.432000E+002
  0.349364E+003  0.958953E+001  0.942478E+001 -0.376991E+001 -0.900298E-005  0.106574E-004  0.139512E-004  0.135737E-005 -0.160681E-005  0.210340E-005  0.210000E+002  0.200000E+001  0.100000E+001  0.500000E+000  0.300000E+000  0.200000E+001  0.100000E+001  0.100000E+001  0.436000E+002
  0.349364E+003  0.958953E+001  0.942478E+001 -0.376991E+001  0.476058E-006  0.138795E-004  0.138876E-004 -0.717748E-007 -0.209259E-005  0.209382E-005  0.210000E+002  0.200000E+001  0.100000E+001  0.500000E+000  0.300000E+000  0.200000E+001  0.100000E+001  0.100000E+001  0.440000E+002
  0.349364E+003  0.958953E+001  0.942478E+001 -0.376991E+001  0.962419E-005  0.992492E-005  0.138249E-004 -0.145103E-005 -0.149637E-005  0.208437E-005  0.210000E+002  0.200000E+001  0.100000E+001  0.500000E+000  0.300000E+000  0.200000E+001  0.100000E+001  0.100000E+001  0.444000E+002
  0.349364E+003  0.958953E+001  0.942478E+001 -0.376991E+001  0.137339E-004  0.894658E-006  0.137630E-004 -0.207065E-005 -0.134887E-006  0.207504E-005  0.210000E+002  0.200000E+001  0.100000E+001  0.500000E+000  0.300000E+000  0.200000E+001  0.100000E+001  0.100000E+001  0.448000E+002
  0.349364E+003  0.958953E+001  0.942478E+001 -0.376991E+001  0.107342E-004 -0.851606E-005  0.137020E-004 -0.161838E-005  0.128396E-005  0.206584E-005  0.210000E+002  0.200000E+001  0.100000E+001  0.500000E+000  0.300000E+000  0.200000E+001  0.100000E+001  0.100000E+001  0.452000E+002
  0.349364E+003  0.958953E+001  0.942478E+001 -0.376991E+001  0.223245E-005 -0.134579E-004  0.136418E-004 -0.336584E-006  0.202903E-005  0.205676E-005  0.210000E+002  0.200000E+001  0.100000E+001  0.500000E+000  0.300000E+000  0.200000E+001  0.100000E+001  0.100000E+001  0.456000E+002
  0.349364E+003  0.958953E+001  0.942478E+001 -0.376991E+001 -0.734485E-005 -0.114252E-004  0.135824E-004  0.110737E-005  0.172256E-005  0.204780E-005  0.210000E+002  0.200000E+001  0.100000E+001  0.500000E+000  0.300000E+000  0.200000E+001  0.100000E+001  0.100000E+001  0.460000E+002
  0.349364E+003  0.958953E+001  0.942478E+001 -0.376991E+001 -0.130561E-004 -0.352530E-005  0.135237E-004  0.196845E-005  0.531506E-006  0.203895E-005  0.210000E+002  0.200000E+001  0.100000E+001  0.500000E+000  0.300000E+000  0.200000E+001  0.100000E+001  0.100000E+001  0.464000E+002
  0.349364E+003  0.958953E+001  0.942478E+001 -0.376991E+001 -0.119934E-004  0.612254E-005  0.134658E-004  0.180823E-005 -0.923089E-006  0.203022E-005  0.210000E+002  0.200000E+001  0.100000E+001  0.500000E+000  0.300000E+000  0.200000E+001  0.100000E+001  0.100000E+001  0.468000E+002
  0.349364E+003  0.958953E+001  0.942478E+001 -0.376991E+001 -0.476188E-005  0.125346E-004  0.134086E-004  0.717943E-006 -0.188982E-005  0.202160E-005  0.210000E+002  0.200000E+001  0.100000E+001  0.500000E+000  0.300000E+000  0.200000E+001  0.100000E+001  0.100000E+001  0.472000E+002
  0.349364E+003  0.958953E+001  0.942478E+001 -0.376991E+001  0.486155E-005  0.124356E-004  0.133521E-004 -0.732970E-006 -0.187490E-005  0.201308E-005  0.210000E+002  0.200000E+001  0.100000E+001  0.500000E+000  0.300000E+000  0.200000E+001  0.100000E+001  0.100000E+001  0.476000E+002
  0.349364E+003  0.958953E+001  0.942478E+001 -0.376991E+001  0.119001E-004  0.593142E-005  0.132964E-004 -0.179416E-005 -0.894274E-006  0.200468E-005  0.210000E+002  0.200000E+001  0.100000E+001  0.500000E+000  0.300000E+000  0.200000E+001  0.100000E+001  0.100000E+001  0.480000E+002
  0.349364E+003  0.958953E+001  0.942478E+001 -0.376991E+001  0.127498E-004 -0.357441E-005  0.132413E-004 -0.192227E-005  0.538909E-006  0.199638E-005  0.210000E+002  0.200000E+001  0.100000E+001  0.500000E+000  0.300000E+000  0.200000E+001  0.100000E+001  0.100000E+001  0.484000E+002
  0.349364E+003  0.958953E+001  0.942478E+001 -0.376991E+001  0.702408E-005 -0.111606E-004  0.131870E-004 -0.105901E-005  0.168267E-005  0.198819E-005  0.210000E+002  0.200000E+001  0.100000E+001  0.500000E+000  0.300000E+000  0.200000E+001  0.100000E+001  0.100000E+001  0.488000E+002
  0.349364E+003  0.958953E+001  0.942478E+001 -0.376991E+001 -0.227363E-005 -0.129349E-004  0.131332E-004  0.342793E-006  0.195018E-005  0.198008E-005  0.210000E+002  0.200000E+001  0.100000E+001  0.500000E+000  0.300000E+000  0.200000E+001  0.100000E+001  0.100000E+001  0.492000E+002
  0.349364E+003  0.958953E+001  0.942478E+001 -0.376991E+001 -0.103246E-004 -0.803070E-005  0.130802E-004  0.155664E-005  0.121078E-005  0.197208E-005  0.210000E+002  0.200000E+001  0.100000E+001  0.500000E+000  0.300000E+000  0.200000E+001  0.100000E+001  0.100000E+001  0.496000E+002
  0.349364E+003  0.958953E+001  0.942478E+001 -0.376991E+001 -0.129915E-004  0.971766E-006  0.130278E-004  0.195871E-005 -0.146512E-006  0.196418E-005  0.210000E+002  0.200000E+001  0.100000E+001  0.500000E+000  0.300000E+000  0.200000E+001  0.100000E+001  0.100000E+001  0.500000E+002
  0.349364E+003  0.958953E+001  0.942478E+001 -0.376991E+001 -0.894323E-005  0.940183E-005  0.129760E-004  0.134836E-005 -0.141750E-005  0.195637E-005  0.210000E+002  0.200000E+001  0.100000E+001  0.500000E+000  0.300000E+000  0.200000E+001  0.100000E+001  0.100000E+001  0.504000E+002
  0.349364E+003  0.958953E+001  0.942478E+001 -0.376991E+001 -0.318886E-006  0.129208E-004  0.129247E-004  0.480781E-007 -0.194805E-005  0.194865E-005  0.210000E+002  0.200000E+001  0.100000E+001  0.500000E+000  0.300000E+000  0.200000E+001  0.100000E+001  0.100000E+001  0.508000E+002
  0.349364E+003  0.958953E+001  0.942478E+001 -0.376991E+001  0.840211E-005  0.975442E-005  0.128742E-004 -0.126678E-005 -0.147066E-005  0.194102E-005  0.210000E+002  0.200000E+001  0.100000E+001  0.500000E+000  0.300000E+000  0.200000E+001  0.100000E+001  0.100000E+001  0.512000E+002
  0.349364E+003  0.958953E+001  0.942478E+001 -0.376991E+001  0.127257E-004  0.158627E-005  0.128242E-004 -0.191864E-005 -0.239161E-006  0.193349E-005  0.210000E+002  0.200000E+001  0.100000E+001  0.500000E+000  0.300000E+000  0.200000E+001  0.100000E+001  0.100000E+001  0.516000E+002
  0.349364E+003  0.958953E+001  0.942478E+001 -0.376991E+001  0.104582E-004 -0.733620E-005  0.127747E-004 -0.157677E-005  0.110607E-005  0.192603E-005  0.210000E+002  0.200000E+001  0.100000E+001  0.500000E+000  0.300000E+000  0.200000E+001  0.100000E+001  0.100000E+001  0.520000E+002
  0.349364E+003  0.958953E+001  0.942478E+001 -0.376991E+001  0.281873E-005 -0.124098E-004  0.127259E-004 -0.424976E-006  0.187101E-005  0.191867E-005  0.210000E+002  0.200000E+001  0.100000E+001  0.500000E+000  0.300000E+000  0.200000E+001  0.100000E+001  0.100000E+001  0.524000E+002
  0.349364E+003  0.958953E+001  0.942478E+001 -0.376991E+001 -0.621526E-005 -0.110495E-004  0.126776E-004  0.937068E-006  0.166593E-005  0.191139E-005  0.210000E+002  0.200000E+001  0.100000E+001  0.500000E+000  0.300000E+000  0.200000E+001  0.100000E+001  0.100000E+001  0.528000E+002
  0.349364E+003  0.958953E+001  0.942478E+001 -0.376991E+001 -0.119780E-004 -0.400510E-005  0.126299E-004  0.180591E-005  0.603845E-006  0.190419E-005  0.210000E+002  0.200000E+001  0.100000E+001  0.500000E+000  0.300000E+000  0.200000E+001  0.100000E+001  0.100000E+001  0.532000E+002
  0.349364E+003  0.958953E+001  0.942478E+001 -0.376991E+001 -0.115244E-004  0.505067E-005  0.125826E-004  0.173753E-005 -0.761484E-006  0.189707E-005  0.210000E+002  0.200000E+001  0.100000E+001  0.500000E+000  0.300000E+000  0.200000E+001  0.100000E+001  0.100000E+001  0.536000E+002
  0.349364E+003  0.958953E+001  0.942478E+001 -0.376991E+001 -0.513478E-005  0.114361E-004  0.125359E-004  0.774165E-006 -0.172420E-005  0.189003E-005  0.210000E+002  0.200000E+001  0.100000E+001  0.500000E+000  0.300000E+000  0.200000E+001  0.100000E+001  0.100000E+001  0.540000E+002
  0.349364E+003  0.958953E+001  0.942478E+001 -0.376991E+001  0.385421E-005  0.118802E-004  0.124898E-004 -0.581095E-006 -0.179117E-005  0.188307E-005  0.210000E+002  0.200000E+001  0.100000E+001  0.500000E+000  0.300000E+000  0.200000E+001  0.100000E+001  0.100000E+001  0.544000E+002
  0.349364E+003  0.958953E+001  0.942478E+001 -0.376991E+001  0.107909E-004  0.619789E-005  0.124441E-004 -0.162693E-005 -0.934450E-006  0.187619E-005  0.210000E+002  0.200000E+001  0.100000E+001  0.500000E+000  0.300000E+000  0.200000E+001  0.100000E+001  0.100000E+001  0.548000E+002
  0.349364E+003  0.958953E+001  0.942478E+001 -0.376991E+001  0.121151E-004 -0.263768E-005  0.123989E-004 -0.182658E-005  0.397680E-006  0.186937E-005  0.210000E+002  0.200000E+001  0.100000E+001  0.500000E+000  0.300000E+000  0.200000E+001  0.100000E+001  0.100000E+001  0.552000E+002
  0.349364E+003  0.958953E+001  0.942478E+001 -0.376991E+001  0.718523E-005 -0.100499E-004  0.123543E-004 -0.108331E-005  0.151521E-005  0.186264E-005  0.210000E+002  0.200000E+001  0.100000E+001  0.500000E+000  0.300000E+000  0.200000E+001  0.100000E+001  0.100000E+001  0.556000E+002
  0.349364E+003  0.958953E+001  0.942478E+001 -0.376991E+001 -0.141299E-005 -0.122287E-004  0.123101E-004  0.213035E-006  0.184371E-005  0.185598E-005  0.210000E+002  0.200000E+001  0.100000E+001  0.500000E+000  0.300000E+000  0.200000E+001  0.100000E+001  0.100000E+001  0.560000E+002
  0.349364E+003  0.958953E+001  0.942478E+001 -0.376991E+001 -0.922163E-005 -0.808848E-005  0.122663E-004  0.139034E-005  0.121949E-005  0.184938E-005  0.210000E+002  0.200000E+001  0.100000E+001  0.500000E+000  0.300000E+000  0.200000E+001  0.100000E+001  0.100000E+001  0.564000E+002
  0.349364E+003  0.958953E+001  0.942478E+001 -0.376991E+001 -0.122215E-004  0.191897E-006  0.122230E-004  0.184263E-005 -0.289320E-007  0.184286E-005  0.210000E+002  0.200000E+001  0.100000E+001  0.500000E+000  0.300000E+000  0.200000E+001  0.100000E+001  0.100000E+001  0.568000E+002
  0.349364E+003  0.958953E+001  0.942478E+001 -0.376991E+001 -0.890027E-005  0.831527E-005  0.121803E-004  0.134188E-005 -0.125368E-005  0.183640E-005  0.210000E+002  0.200000E+001  0.100000E+001  0.500000E+000  0.300000E+000  0.200000E+001  0.100000E+001  0.100000E+001  0.572000E+002
  0.349364E+003  0.958953E+001  0.942478E+001 -0.376991E+001 -0.101398E-005  0.120955E-004  0.121379E-004  0.152877E-006 -0.182362E-005  0.183002E-005  0.210000E+002  0.200000E+001  0.100000E+001  0.500000E+000  0.300000E+000  0.200000E+001  0.100000E+001  0.100000E+001  0.576000E+002
  0.349364E+003  0.958953E+001  0.942478E+001 -0.376991E+001  0.734044E-005  0.961403E-005  0.120959E-004 -0.110671E-005 -0.144950E-005  0.182369E-005  0.210000E+002  0.200000E+001  0.100000E+001  0.500000E+000  0.300000E+000  0.200000E+001  0.100000E+001  0.100000E+001  0.580000E+002
  0.349364E+003  0.958953E+001  0.942478E+001 -0.376991E+001  0.118532E-004  0.219335E-005  0.120544E-004 -0.178710E-005 -0.330689E-006  0.181744E-005  0.210000E+002  0.200000E+001  0.100000E+001  0.500000E+000  0.300000E+000  0.200000E+001  0.100000E+001  0.100000E+001  0.584000E+002
  0.349364E+003  0.958953E+001  0.942478E+001 -0.376991E+001  0.102244E-004 -0.630746E-005  0.120134E-004 -0.154152E-005  0.950970E-006  0.181125E-005  0.210000E+002  0.200000E+001  0.100000E+001  0.500000E+000  0.300000E+000  0.200000E+001  0.100000E+001  0.100000E+001  0.588000E+002
  0.349364E+003  0.958953E+001  0.942478E+001 -0.376991E+001  0.333530E-005 -0.114988E-004  0.119728E-004 -0.502859E-006  0.173366E-005  0.180512E-005  0.210000E+002  0.200000E+001  0.100000E+001  0.500000E+000  0.300000E+000  0.200000E+001  0.100000E+001  0.100000E+001  0.592000E+002
  0.349364E+003  0.958953E+001  0.942478E+001 -0.376991E+001 -0.522694E-005 -0.107267E-004  0.119325E-004  0.788060E-006  0.161726E-005  0.179905E-005  0.210000E+002  0.200000E+001  0.100000E+001  0.500000E+000  0.300000E+000  0.200000E+001  0.100000E+001  0.100000E+001  0.596000E+002
  0.349364E+003  0.958953E+001  0.942478E+001 -0.376991E+001 -0.110370E-004 -0.442939E-005  0.118926E-004  0.166404E-005  0.667814E-006  0.179304E-005  0.210000E+002  0.200000E+001  0.100000E+001  0.500000E+000  0.300000E+000  0.200000E+001  0.100000E+001  0.100000E+001  0.600000E+002
  0.349364E+003  0.958953E+001  0.942478E+001 -0.376991E+001 -0.111179E-004  0.410989E-005  0.118532E-004  0.167623E-005 -0.619643E-006  0.178710E-005  0.210000E+002  0.200000E+001  0.100000E+001  0.500000E+000  0.300000E+000  0.200000E+001  0.100000E+001  0.100000E+001  0.604000E+002
  0.349364E+003  0.958953E+001  0.942478E+001 -0.376991E+001 -0.546580E-005  0.104737E-004  0.118141E-004  0.824073E-006 -0.157911E-005  0.178120E-005  0.210000E+002  0.200000E+001  0.100000E+001  0.500000E+000  0.300000E+000  0.200000E+001  0.100000E+001  0.100000E+001  0.608000E+002
  0.349364E+003  0.958953E+001  0.942478E+001 -0.376991E+001  0.296744E-005  0.113954E-004  0.117755E-004 -0.447397E-006 -0.171808E-005  0.177537E-005  0.210000E+002  0.200000E+001  0.100000E+001  0.500000E+000  0.300000E+000  0.200000E+001  0.100000E+001  0.100000E+001  0.612000E+002
  0.349364E+003  0.958953E+001  0.942478E+001 -0.376991E+001  0.981567E-005  0.643538E-005  0.117372E-004 -0.147990E-005 -0.970255E-006  0.176960E-005  0.210000E+002  0.200000E+001  0.100000E+001  0.500000E+000  0.300000E+000  0.200000E+001  0.100000E+001  0.100000E+001  0.616000E+002
  0.349364E+003  0.958953E+001  0.942478E+001 -0.376991E+001  0.115583E-004 -0.181090E-005  0.116993E-004 -0.174263E-005  0.273027E-006  0.176389E-005  0.210000E+002  0.200000E+001  0.100000E+001  0.500000E+000  0.300000E+000  0.200000E+001  0.100000E+001  0.100000E+001  0.620000E+002
  0.349364E+003  0.958953E+001  0.942478E+001 -0.376991E+001  0.732965E-005 -0.907033E-005  0.116617E-004 -0.110508E-005  0.136752E-005  0.175822E-005  0.210000E+002  0.200000E+001  0.100000E+001  0.500000E+000  0.300000E+000  0.200000E+001  0.100000E+001  0.100000E+001  0.624000E+002
  0.349364E+003  0.958953E+001  0.942478E+001 -0.376991E+001 -0.651508E-006 -0.116062E-004  0.116245E-004  0.982271E-007  0.174986E-005  0.175261E-005  0.210000E+002  0.200000E+001  0.100000E+001  0.500000E+000  0.300000E+000  0.200000E+001  0.100000E+001  0.100000E+001  0.628000E+002
  0.349364E+003  0.958953E+001  0.942478E+001 -0.376991E+001 -0.824605E-005 -0.814105E-005  0.115877E-004  0.124325E-005  0.122742E-005  0.174706E-005  0.210000E+002  0.200000E+001  0.100000E+001  0.500000E+000  0.300000E+000  0.200000E+001  0.100000E+001  0.100000E+001  0.632000E+002
  0.349364E+003  0.958953E+001  0.942478E+001 -0.376991E+001 -0.115404E-004 -0.499558E-006  0.115512E-004  0.173993E-005  0.753179E-007  0.174156E-005  0.210000E+002  0.200000E+001  0.100000E+001  0.500000E+000  0.300000E+000  0.200000E+001  0.100000E+001  0.100000E+001  0.636000E+002
  0.349364E+003  0.958953E+001  0.942478E+001 -0.376991E+001 -0.886276E-005  0.735162E-005  0.115150E-004  0.133623E-005 -0.110840E-005  0.173610E-005  0.210000E+002  0.200000E+001  0.100000E+001  0.500000E+000  0.300000E+000  0.200000E+001  0.100000E+001  0.100000E+001  0.640000E+002
  0.349364E+003  0.958953E+001  0.942478E+001 -0.376991E+001 -0.163137E-005  0.113627E-004  0.114792E-004  0.245959E-006 -0.171315E-005  0.173071E-005  0.210000E+002  0.200000E+001  0.100000E+001  0.500000E+000  0.300000E+000  0.200000E+001  0.100000E+001  0.100000E+001  0.644000E+002
  0.349364E+003  0.958953E+001  0.942478E+001 -0.376991E+001  0.639660E-005  0.948906E-005  0.114437E-004 -0.964408E-006 -0.143065E-005  0.172536E-005  0.210000E+002  0.200000E+001  0.100000E+001  0.500000E+000  0.300000E+000  0.200000E+001  0.100000E+001  0.100000E+001  0.648000E+002
  0.349364E+003  0.958953E+001  0.942478E+001 -0.376991E+001  0.110763E-004  0.273326E-005  0.114085E-004 -0.166996E-005 -0.412090E-006  0.172005E-005  0.210000E+002  0.200000E+001  0.100000E+001  0.500000E+000  0.300000E+000  0.200000E+001  0.100000E+001  0.100000E+001  0.652000E+002
  0.349364E+003  0.958953E+001  0.942478E+001 -0.376991E+001  0.100150E-004 -0.539084E-005  0.113738E-004 -0.150996E-005  0.812771E-006  0.171481E-005  0.210000E+002  0.200000E+001  0.100000E+001  0.500000E+000  0.300000E+000  0.200000E+001  0.100000E+001  0.100000E+001  0.656000E+002
  0.349364E+003  0.958953E+001  0.942478E+001 -0.376991E+001  0.379505E-005 -0.106853E-004  0.113392E-004 -0.572175E-006  0.161101E-005  0.170960E-005  0.210000E+002  0.200000E+001  0.100000E+001  0.500000E+000  0.300000E+000  0.200000E+001  0.100000E+001  0.100000E+001  0.660000E+002
  0.349364E+003  0.958953E+001  0.942478E+001 -0.376991E+001 -0.434460E-005 -0.104368E-004  0.113050E-004  0.655031E-006  0.157354E-005  0.170444E-005  0.210000E+002  0.200000E+001  0.100000E+001  0.500000E+000  0.300000E+000  0.200000E+001  0.100000E+001  0.100000E+001  0.664000E+002
  0.349364E+003  0.958953E+001  0.942478E+001 -0.376991E+001 -0.101946E-004 -0.480700E-005  0.112711E-004  0.153704E-005  0.724746E-006  0.169933E-005  0.210000E+002  0.200000E+001  0.100000E+001  0.500000E+000  0.300000E+000  0.200000E+001  0.100000E+001  0.100000E+001  0.668000E+002
  0.349364E+003  0.958953E+001  0.942478E+001 -0.376991E+001 -0.107516E-004  0.326851E-005  0.112375E-004  0.162101E-005 -0.492790E-006  0.169426E-005  0.210000E+002  0.200000E+001  0.100000E+001  0.500000E+000  0.300000E+000  0.200000E+001  0.100000E+001  0.100000E+001  0.672000E+002
  0.349364E+003  0.958953E+001  0.942478E+001 -0.376991E+001 -0.575991E-005  0.961023E-005  0.112042E-004  0.868415E-006 -0.144892E-005  0.168924E-005  0.210000E+002  0.200000E+001  0.100000E+001  0.500000E+000  0.300000E+000  0.200000E+001  0.100000E+001  0.100000E+001  0.676000E+002
  0.349364E+003  0.958953E+001  0.942478E+001 -0.376991E+001  0.217323E-005  0.109578E-004  0.111712E-004 -0.327656E-006 -0.165209E-005  0.168427E-005  0.210000E+002  0.200000E+001  0.100000E+001  0.500000E+000  0.300000E+000  0.200000E+001  0.100000E+001  0.100000E+001  0.680000E+002
  0.349364E+003  0.958953E+001  0.942478E+001 -0.376991E+001  0.893891E-005  0.664540E-005  0.111385E-004 -0.134771E-005 -0.100192E-005  0.167933E-005  0.210000E+002  0.200000E+001  0.100000E+001  0.500000E+000  0.300000E+000  0.200000E+001  0.100000E+001  0.100000E+001  0.684000E+002
  0.349364E+003  0.958953E+001  0.942478E+001 -0.376991E+001  0.110545E-004 -0.106953E-005  0.111061E-004 -0.166667E-005  0.161252E-006  0.167446E-005  0.210000E+002  0.200000E+001  0.100000E+001  0.500000E+000  0.300000E+000  0.200000E+001  0.100000E+001  0.100000E+001  0.688000E+002
  0.349364E+003  0.958953E+001  0.942478E+001 -0.376991E+001  0.745568E-005 -0.818807E-005  0.110739E-004 -0.112409E-005  0.123451E-005  0.166960E-005  0.210000E+002  0.200000E+001  0.100000E+001  0.500000E+000  0.300000E+000  0.200000E+001  0.100000E+001  0.100000E+001  0.692000E+002
  0.349364E+003  0.958953E+001  0.942478E+001 -0.376991E+001  0.318628E-007 -0.110420E-004  0.110420E-004 -0.480393E-008  0.166479E-005  0.166479E-005  0.210000E+002  0.200000E+001  0.100000E+001  0.500000E+000  0.300000E+000  0.200000E+001  0.100000E+001  0.100000E+001  0.696000E+002
  0.349364E+003  0.958953E+001  0.942478E+001 -0.376991E+001 -0.736587E-005 -0.818381E-005  0.110105E-004  0.111054E-005  0.123386E-005  0.166004E-005  0.210000E+002  0.200000E+001  0.100000E+001  0.500000E+000  0.300000E+000  0.200000E+001  0.100000E+001  0.100000E+001  0.700000E+002
  0.349364E+003  0.958953E+001  0.942478E+001 -0.376991E+001 -0.109218E-004 -0.112035E-005  0.109791E-004  0.164667E-005  0.168915E-006  0.165531E-005  0.210000E+002  0.200000E+001  0.100000E+001  0.500000E+000  0.300000E+000  0.200000E+001  0.100000E+001  0.100000E+001  0.704000E+002
  0.349364E+003  0.958953E+001  0.942478E+001 -0.376991E+001 -0.882364E-005  0.648097E-005  0.109480E-004  0.133033E-005 -0.977129E-006  0.165062E-005  0.210000E+002  0.200000E+001  0.100000E+001  0.500000E+000  0.300000E+000  0.200000E+001  0.100000E+001  0.100000E+001  0.708000E+002
  0.349364E+003  0.958953E+001  0.942478E+001 -0.376991E+001 -0.218560E-005  0.106963E-004  0.109173E-004  0.329521E-006 -0.161267E-005  0.164599E-005  0.210000E+002  0.200000E+001  0.100000E+001  0.500000E+000  0.300000E+000  0.200000E+001  0.100000E+001  0.100000E+001  0.712000E+002
  0.349364E+003  0.958953E+001  0.942478E+001 -0.376991E+001  0.554274E-005  0.937011E-005  0.108867E-004 -0.835673E-006 -0.141272E-005  0.164138E-005  0.210000E+002  0.200000E+001  0.100000E+001  0.500000E+000  0.300000E+000  0.200000E+001  0.100000E+001  0.100000E+001  0.716000E+002
  0.349364E+003  0.958953E+001  0.942478E+001 -0.376991E+001  0.103687E-004  0.321757E-005  0.108564E-004 -0.156327E-005 -0.485109E-006  0.163681E-005  0.210000E+002  0.200000E+001  0.100000E+001  0.500000E+000  0.300000E+000  0.200000E+001  0.100000E+001  0.100000E+001  0.720000E+002
  0.349364E+003  0.958953E+001  0.942478E+001 -0.376991E+001  0.981892E-005 -0.456076E-005  0.108264E-004 -0.148039E-005  0.687620E-006  0.163229E-005  0.210000E+002  0.200000E+001  0.100000E+001  0.500000E+000  0.300000E+000  0.200000E+001  0.100000E+001  0.100000E+001  0.724000E+002
  0.349364E+003  0.958953E+001  0.942478E+001 -0.376991E+001  0.420670E-005 -0.994338E-005  0.107966E-004 -0.634240E-006  0.149915E-005  0.162780E-005  0.210000E+002  0.200000E+001  0.100000E+001  0.500000E+000  0.300000E+000  0.200000E+001  0.100000E+001  0.100000E+001  0.728000E+002
  0.349364E+003  0.958953E+001  0.942478E+001 -0.376991E+001 -0.354497E-005 -0.101668E-004  0.107671E-004  0.534472E-006  0.153284E-005  0.162335E-005  0.210000E+002  0.200000E+001  0.100000E+001  0.500000E+000  0.300000E+000  0.200000E+001  0.100000E+001  0.100000E+001  0.732000E+002
  0.349364E+003  0.958953E+001  0.942478E+001 -0.376991E+001 -0.942554E-005 -0.514390E-005  0.107378E-004  0.142108E-005  0.775541E-006  0.161893E-005  0.210000E+002  0.200000E+001  0.100000E+001  0.500000E+000  0.300000E+000  0.200000E+001  0.100000E+001  0.100000E+001  0.736000E+002
  0.349364E+003  0.958953E+001  0.942478E+001 -0.376991E+001 -0.104115E-004  0.250555E-005  0.107087E-004  0.156973E-005 -0.377760E-006  0.161454E-005  0.210000E+002  0.200000E+001  0.100000E+001  0.500000E+000  0.300000E+000  0.200000E+001  0.100000E+001  0.100000E+001  0.740000E+002
  0.349364E+003  0.958953E+001  0.942478E+001 -0.376991E+001 -0.602068E-005  0.882114E-005  0.106799E-004  0.907732E-006 -0.132995E-005  0.161020E-005  0.210000E+002  0.200000E+001  0.100000E+001  0.500000E+000  0.300000E+000  0.200000E+001  0.100000E+001  0.100000E+001  0.744000E+002
  0.349364E+003  0.958953E+001  0.942478E+001 -0.376991E+001  0.145284E-005  0.105518E-004  0.106513E-004 -0.219042E-006 -0.159088E-005  0.160589E-005  0.210000E+002  0.200000E+001  0.100000E+001  0.500000E+000  0.300000E+000  0.200000E+001  0.100000E+001  0.100000E+001  0.748000E+002
  0.349364E+003  0.958953E+001  0.942478E+001 -0.376991E+001  0.813689E-005  0.682917E-005  0.106229E-004 -0.122679E-005 -0.102963E-005  0.160161E-005  0.210000E+002  0.200000E+001  0.100000E+001  0.500000E+000  0.300000E+000  0.200000E+001  0.100000E+001  0.100000E+001  0.752000E+002
  0.349364E+003  0.958953E+001  0.942478E+001 -0.376991E+001  0.105874E-004 -0.397104E-006  0.105948E-004 -0.159625E-005  0.598709E-007  0.159737E-005  0.210000E+002  0.200000E+001  0.100000E+001  0.500000E+000  0.300000E+000  0.200000E+001  0.100000E+001  0.100000E+001  0.756000E+002
  0.349364E+003  0.958953E+001  0.942478E+001 -0.376991E+001  0.756236E-005 -0.738037E-005  0.105669E-004 -0.114017E-005  0.111273E-005  0.159316E-005  0.210000E+002  0.200000E+001  0.100000E+001  0.500000E+000  0.300000E+000  0.200000E+001  0.100000E+001  0.100000E+001  0.760000E+002
  0.349364E+003  0.958953E+001  0.942478E+001 -0.376991E+001  0.651397E-006 -0.105190E-004  0.105392E-004 -0.982104E-007  0.158594E-005  0.158898E-005  0.210000E+002  0.200000E+001  0.100000E+001  0.500000E+000  0.300000E+000  0.200000E+001  0.100000E+001  0.100000E+001  0.764000E+002
  0.349364E+003  0.958953E+001  0.942478E+001 -0.376991E+001 -0.655958E-005 -0.821391E-005  0.105117E-004  0.988981E-006  0.123840E-005  0.158484E-005  0.210000E+002  0.200000E+001  0.100000E+001  0.500000E+000  0.300000E+000  0.200000E+001  0.100000E+001  0.100000E+001  0.768000E+002
  0.349364E+003  0.958953E+001  0.942478E+001 -0.376991E+001 -0.103485E-004 -0.168261E-005  0.104844E-004  0.156024E-005  0.253685E-006  0.158073E-005  0.210000E+002  0.200000E+001  0.100000E+001  0.500000E+000  0.300000E+000  0.200000E+001  0.100000E+001  0.100000E+001  0.772000E+002
  0.349364E+003  0.958953E+001  0.942478E+001 -0.376991E+001 -0.877830E-005  0.568309E-005  0.104573E-004  0.132350E-005 -0.856834E-006  0.157664E-005  0.210000E+002  0.200000E+001  0.100000E+001  0.500000E+000  0.300000E+000  0.200000E+001  0.100000E+001  0.100000E+001  0.776000E+002
  0.349364E+003  0.958953E+001  0.942478E+001 -0.376991E+001 -0.268673E-005  0.100786E-004  0.104305E-004  0.405075E-006 -0.151954E-005  0.157260E-005  0.210000E+002  0.200000E+001  0.100000E+001  0.500000E+000  0.300000E+000  0.200000E+001  0.100000E+001  0.100000E+001  0.780000E+002
  0.349364E+003  0.958953E+001  0.942478E+001 -0.376991E+001  0.476004E-005  0.925109E-005  0.104039E-004 -0.717666E-006 -0.139478E-005  0.156858E-005  0.210000E+002  0.200000E+001  0.100000E+001  0.500000E+000  0.300000E+000  0.200000E+001  0.100000E+001  0.100000E+001  0.784000E+002
  0.349364E+003  0.958953E+001  0.942478E+001 -0.376991E+001  0.971279E-005  0.365432E-005  0.103775E-004 -0.146439E-005 -0.550958E-006  0.156460E-005  0.210000E+002  0.200000E+001  0.100000E+001  0.500000E+000  0.300000E+000  0.200000E+001  0.100000E+001  0.100000E+001  0.788000E+002
  0.349364E+003  0.958953E+001  0.942478E+001 -0.376991E+001  0.962857E-005 -0.379979E-005  0.103512E-004 -0.145169E-005  0.572890E-006  0.156064E-005  0.210000E+002  0.200000E+001  0.100000E+001  0.500000E+000  0.300000E+000  0.200000E+001  0.100000E+001  0.100000E+001  0.792000E+002
  0.349364E+003  0.958953E+001  0.942478E+001 -0.376991E+001  0.457636E-005 -0.925558E-005  0.103252E-004 -0.689973E-006  0.139545E-005  0.155671E-005  0.210000E+002  0.200000E+001  0.100000E+001  0.500000E+000  0.300000E+000  0.200000E+001  0.100000E+001  0.100000E+001  0.796000E+002
  0.349364E+003  0.958953E+001  0.942478E+001 -0.376991E+001 -0.281200E-005 -0.990805E-005  0.102994E-004  0.423962E-006  0.149383E-005  0.155282E-005  0.210000E+002  0.200000E+001  0.100000E+001  0.500000E+000  0.300000E+000  0.200000E+001  0.100000E+001  0.100000E+001  0.800000E+002
  0.349364E+003  0.958953E+001  0.942478E+001 -0.376991E+001 -0.871245E-005 -0.544442E-005  0.102737E-004  0.131357E-005  0.820850E-006  0.154895E-005  0.210000E+002  0.200000E+001  0.100000E+001  0.500000E+000  0.300000E+000  0.200000E+001  0.100000E+001  0.100000E+001  0.804000E+002
  0.349364E+003  0.958953E+001  0.942478E+001 -0.376991E+001 -0.100877E-004  0.180650E-005  0.102482E-004  0.152091E-005 -0.272365E-006  0.154511E-005  0.210000E+002  0.200000E+001  0.100000E+001  0.500000E+000  0.300000E+000  0.200000E+001  0.100000E+001  0.100000E+001  0.808000E+002
  0.349364E+003  0.958953E+001  0.942478E+001 -0.376991E+001 -0.625061E-005  0.808942E-005  0.102230E-004  0.942398E-006 -0.121963E-005  0.154130E-005  0.210000E+002  0.200000E+001  0.100000E+001  0.500000E+000  0.300000E+000  0.200000E+001  0.100000E+001  0.100000E+001  0.812000E+002
  0.349364E+003  0.958953E+001  0.942478E+001 -0.376991E+001  0.793253E-006  0.101670E-004  0.101978E-004 -0.119598E-006 -0.153286E-005  0.153752E-005  0.210000E+002  0.200000E+001  0.100000E+001  0.500000E+000  0.300000E+000  0.200000E+001  0.100000E+001  0.100000E+001  0.816000E+002
  0.349364E+003  0.958953E+001  0.942478E+001 -0.376991E+001  0.739328E-005  0.698768E-005  0.101729E-004 -0.111468E-005 -0.105352E-005  0.153376E-005  0.210000E+002  0.200000E+001  0.100000E+001  0.500000E+000  0.300000E+000  0.200000E+001  0.100000E+001  0.100000E+001  0.820000E+002
  0.349364E+003  0.958953E+001  0.942478E+001 -0.376991E+001  0.101459E-004  0.217880E-006  0.101482E-004 -0.152969E-005 -0.328496E-007  0.153004E-005  0.210000E+002  0.200000E+001  0.100000E+001  0.500000E+000  0.300000E+000  0.200000E+001  0.100000E+001  0.100000E+001  0.824000E+002
  0.349364E+003  0.958953E+001  0.942478E+001 -0.376991E+001  0.764924E-005 -0.663159E-005  0.101237E-004 -0.115327E-005  0.999837E-006  0.152634E-005  0.210000E+002  0.200000E+001  0.100000E+001  0.500000E+000  0.300000E+000  0.200000E+001  0.100000E+001  0.100000E+001  0.828000E+002
  0.349364E+003  0.958953E+001  0.942478E+001 -0.376991E+001  0.121712E-005 -0.100257E-004  0.100994E-004 -0.183503E-006  0.151157E-005  0.152267E-005  0.210000E+002  0.200000E+001  0.100000E+001  0.500000E+000  0.300000E+000  0.200000E+001  0.100000E+001  0.100000E+001  0.832000E+002
  0.349364E+003  0.958953E+001  0.942478E+001 -0.376991E+001 -0.581230E-005 -0.822956E-005  0.100751E-004  0.876314E-006  0.124076E-005  0.151902E-005  0.210000E+002  0.200000E+001  0.100000E+001  0.500000E+000  0.300000E+000  0.200000E+001  0.100000E+001  0.100000E+001  0.836000E+002
  0.349364E+003  0.958953E+001  0.942478E+001 -0.376991E+001 -0.980852E-005 -0.219486E-005  0.100511E-004  0.147882E-005  0.330917E-006  0.151539E-005  0.210000E+002  0.200000E+001  0.100000E+001  0.500000E+000  0.300000E+000  0.200000E+001  0.100000E+001  0.100000E+001  0.840000E+002
  0.349364E+003  0.958953E+001  0.942478E+001 -0.376991E+001 -0.872379E-005  0.494390E-005  0.100273E-004  0.131528E-005 -0.745387E-006  0.151180E-005  0.210000E+002  0.200000E+001  0.100000E+001  0.500000E+000  0.300000E+000  0.200000E+001  0.100000E+001  0.100000E+001  0.844000E+002
  0.349364E+003  0.958953E+001  0.942478E+001 -0.376991E+001 -0.314186E-005  0.949740E-005  0.100036E-004  0.473695E-006 -0.143191E-005  0.150823E-005  0.210000E+002  0.200000E+001  0.100000E+001  0.500000E+000  0.300000E+000  0.200000E+001  0.100000E+001  0.100000E+001  0.848000E+002
  0.349364E+003  0.958953E+001  0.942478E+001 -0.376991E+001  0.403527E-005  0.912788E-005  0.998006E-005 -0.608393E-006 -0.137620E-005  0.150468E-005  0.210000E+002  0.200000E+001  0.100000E+001  0.500000E+000  0.300000E+000  0.200000E+001  0.100000E+001  0.100000E+001  0.852000E+002
  0.349364E+003  0.958953E+001  0.942478E+001 -0.376991E+001  0.909620E-005  0.404921E-005  0.995676E-005 -0.137142E-005 -0.610495E-006  0.150117E-005  0.210000E+002  0.200000E+001  0.100000E+001  0.500000E+000  0.300000E+000  0.200000E+001  0.100000E+001  0.100000E+001  0.856000E+002
  0.349364E+003  0.958953E+001  0.942478E+001 -0.376991E+001  0.943888E-005 -0.309564E-005  0.993355E-005 -0.142309E-005  0.466726E-006  0.149767E-005  0.210000E+002  0.200000E+001  0.100000E+001  0.500000E+000  0.300000E+000  0.200000E+001  0.100000E+001  0.100000E+001  0.860000E+002
  0.349364E+003  0.958953E+001  0.942478E+001 -0.376991E+001  0.490844E-005 -0.860960E-005  0.991050E-005 -0.740041E-006  0.129806E-005  0.149420E-005  0.210000E+002  0.200000E+001  0.100000E+001  0.500000E+000  0.300000E+000  0.200000E+001  0.100000E+001  0.100000E+001  0.864000E+002
  0.349364E+003  0.958953E+001  0.942478E+001 -0.376991E+001 -0.213440E-005 -0.965457E-005  0.988768E-005  0.321801E-006  0.145561E-005  0.149076E-005  0.210000E+002  0.200000E+001  0.100000E+001  0.500000E+000  0.300000E+000  0.200000E+001  0.100000E+001  0.100000E+001  0.868000E+002
  0.349364E+003  0.958953E+001  0.942478E+001 -0.376991E+001 -0.804324E-005 -0.571171E-005  0.986496E-005  0.121267E-005  0.861149E-006  0.148733E-005  0.210000E+002  0.200000E+001  0.100000E+001  0.500000E+000  0.300000E+000  0.200000E+001  0.100000E+001  0.100000E+001  0.872000E+002
  0.349364E+003  0.958953E+001  0.942478E+001 -0.376991E+001 -0.977373E-005  0.116106E-005  0.984245E-005  0.147357E-005 -0.175052E-006  0.148394E-005  0.210000E+002  0.200000E+001  0.100000E+001  0.500000E+000  0.300000E+000  0.200000E+001  0.100000E+001  0.100000E+001  0.876000E+002
  0.349364E+003  0.958953E+001  0.942478E+001 -0.376991E+001 -0.645171E-005  0.740327E-005  0.982003E-005  0.972718E-006 -0.111618E-005  0.148056E-005  0.210000E+002  0.200000E+001  0.100000E+001  0.500000E+000  0.300000E+000  0.200000E+001  0.100000E+001  0.100000E+001  0.880000E+002
  0.349364E+003  0.958953E+001  0.942478E+001 -0.376991E+001  0.185205E-006  0.979602E-005  0.979777E-005 -0.279231E-007 -0.147693E-005  0.147720E-005  0.210000E+002  0.200000E+001  0.100000E+001  0.500000E+000  0.300000E+000  0.200000E+001  0.100000E+001  0.100000E+001  0.884000E+002
  0.349364E+003  0.958953E+001  0.942478E+001 -0.376991E+001  0.669658E-005  0.712183E-005  0.977571E-005 -0.100964E-005 -0.107375E-005  0.147387E-005  0.210000E+002  0.200000E+001  0.100000E+001  0.500000E+000  0.300000E+000  0.200000E+001  0.100000E+001  0.100000E+001  0.888000E+002
  0.349364E+003  0.958953E+001  0.942478E+001 -0.376991E+001  0.972221E-005  0.783673E-006  0.975375E-005 -0.146581E-005 -0.118154E-006  0.147056E-005  0.210000E+002  0.200000E+001  0.100000E+001  0.500000E+000  0.300000E+000  0.200000E+001  0.100000E+001  0.100000E+001  0.892000E+002
  0.349364E+003  0.958953E+001  0.942478E+001 -0.376991E+001  0.771612E-005 -0.593059E-005  0.973193E-005 -0.116335E-005  0.894149E-006  0.146727E-005  0.210000E+002  0.200000E+001  0.100000E+001  0.500000E+000  0.300000E+000  0.200000E+001  0.100000E+001  0.100000E+001  0.896000E+002
  0.349364E+003  0.958953E+001  0.942478E+001 -0.376991E+001  0.173623E-005 -0.955384E-005  0.971032E-005 -0.261769E-006  0.144042E-005  0.146401E-005  0.210000E+002  0.200000E+001  0.100000E+001  0.500000E+000  0.300000E+000  0.200000E+001  0.100000E+001  0.100000E+001  0.900000E+002
  0.349364E+003  0.958953E+001  0.942478E+001 -0.376991E+001 -0.511335E-005 -0.822960E-005  0.968879E-005  0.770935E-006  0.124077E-005  0.146077E-005  0.210000E+002  0.200000E+001  0.100000E+001  0.500000E+000  0.300000E+000  0.200000E+001  0.100000E+001  0.100000E+001  0.904000E+002
  0.349364E+003  0.958953E+001  0.942478E+001 -0.376991E+001 -0.929330E-005 -0.266333E-005  0.966740E-005  0.140114E-005  0.401547E-006  0.145754E-005  0.210000E+002  0.200000E+001  0.100000E+001  0.500000E+000  0.300000E+000  0.200000E+001  0.100000E+001  0.100000E+001  0.908000E+002
  0.349364E+003  0.958953E+001  0.942478E+001 -0.376991E+001 -0.865792E-005  0.425322E-005  0.964622E-005  0.130535E-005 -0.641254E-006  0.145435E-005  0.210000E+002  0.200000E+001  0.100000E+001  0.500000E+000  0.300000E+000  0.200000E+001  0.100000E+001  0.100000E+001  0.912000E+002
  0.349364E+003  0.958953E+001  0.942478E+001 -0.376991E+001 -0.355622E-005  0.894405E-005  0.962511E-005  0.536167E-006 -0.134849E-005  0.145117E-005  0.210000E+002  0.200000E+001  0.100000E+001  0.500000E+000  0.300000E+000  0.200000E+001  0.100000E+001  0.100000E+001  0.916000E+002
  0.349364E+003  0.958953E+001  0.942478E+001 -0.376991E+001  0.335893E-005  0.899768E-005  0.960420E-005 -0.506422E-006 -0.135657E-005  0.144802E-005  0.210000E+002  0.200000E+001  0.100000E+001  0.500000E+000  0.300000E+000  0.200000E+001  0.100000E+001  0.100000E+001  0.920000E+002
  0.349364E+003  0.958953E+001  0.942478E+001 -0.376991E+001  0.851021E-005  0.440650E-005  0.958337E-005 -0.128308E-005 -0.664364E-006  0.144487E-005  0.210000E+002  0.200000E+001  0.100000E+001  0.500000E+000  0.300000E+000  0.200000E+001  0.100000E+001  0.100000E+001  0.924000E+002
  0.349364E+003  0.958953E+001  0.942478E+001 -0.376991E+001  0.924629E-005 -0.243944E-005  0.956267E-005 -0.139405E-005  0.367792E-006  0.144175E-005  0.210000E+002  0.200000E+001  0.100000E+001  0.500000E+000  0.300000E+000  0.200000E+001  0.100000E+001  0.100000E+001  0.928000E+002
  0.349364E+003  0.958953E+001  0.942478E+001 -0.376991E+001  0.520628E-005 -0.799672E-005  0.954217E-005 -0.784946E-006  0.120566E-005  0.143866E-005  0.210000E+002  0.200000E+001  0.100000E+001  0.500000E+000  0.300000E+000  0.200000E+001  0.100000E+001  0.100000E+001  0.932000E+002
  0.349364E+003  0.958953E+001  0.942478E+001 -0.376991E+001 -0.150397E-005 -0.940221E-005  0.952173E-005  0.226752E-006  0.141756E-005  0.143558E-005  0.210000E+002  0.200000E+001  0.100000E+001  0.500000E+000  0.300000E+000  0.200000E+001  0.100000E+001  0.100000E+001  0.936000E+002
  0.349364E+003  0.958953E+001  0.942478E+001 -0.376991E+001 -0.740921E-005 -0.594818E-005  0.950143E-005  0.111708E-005  0.896800E-006  0.143252E-005  0.210000E+002  0.200000E+001  0.100000E+001  0.500000E+000  0.300000E+000  0.200000E+001  0.100000E+001  0.100000E+001  0.940000E+002
  0.349364E+003  0.958953E+001  0.942478E+001 -0.376991E+001 -0.946466E-005  0.561715E-006  0.948132E-005  0.142698E-005 -0.846892E-007  0.142949E-005  0.210000E+002  0.200000E+001  0.100000E+001  0.500000E+000  0.300000E+000  0.200000E+001  0.100000E+001  0.100000E+001  0.944000E+002
  0.349364E+003  0.958953E+001  0.942478E+001 -0.376991E+001 -0.662552E-005  0.675412E-005  0.946127E-005  0.998923E-006 -0.101831E-005  0.142647E-005  0.210000E+002  0.200000E+001  0.100000E+001  0.500000E+000  0.300000E+000  0.200000E+001  0.100000E+001  0.100000E+001  0.948000E+002
  0.349364E+003  0.958953E+001  0.942478E+001 -0.376991E+001 -0.378093E-006  0.943378E-005  0.944135E-005  0.570047E-007 -0.142232E-005  0.142346E-005  0.210000E+002  0.200000E+001  0.100000E+001  0.500000E+000  0.300000E+000  0.200000E+001  0.100000E+001  0.100000E+001  0.952000E+002
  0.349364E+003  0.958953E+001  0.942478E+001 -0.376991E+001  0.603833E-005  0.723225E-005  0.942162E-005 -0.910393E-006 -0.109040E-005  0.142049E-005  0.210000E+002  0.200000E+001  0.100000E+001  0.500000E+000  0.300000E+000  0.200000E+001  0.100000E+001  0.100000E+001  0.956000E+002
  0.349364E+003  0.958953E+001  0.942478E+001 -0.376991E+001  0.931075E-005  0.130633E-005  0.940195E-005 -0.140377E-005 -0.196954E-006  0.141752E-005  0.210000E+002  0.200000E+001  0.100000E+001  0.500000E+000  0.300000E+000  0.200000E+001  0.100000E+001  0.100000E+001  0.960000E+002
  0.349364E+003  0.958953E+001  0.942478E+001 -0.376991E+001  0.776303E-005 -0.526933E-005  0.938246E-005 -0.117042E-005  0.794451E-006  0.141458E-005  0.210000E+002  0.200000E+001  0.100000E+001  0.500000E+000  0.300000E+000  0.200000E+001  0.100000E+001  0.100000E+001  0.964000E+002
  0.349364E+003  0.958953E+001  0.942478E+001 -0.376991E+001  0.221407E-005 -0.909749E-005  0.936303E-005 -0.333812E-006  0.137162E-005  0.141165E-005  0.210000E+002  0.200000E+001  0.100000E+001  0.500000E+000  0.300000E+000  0.200000E+001  0.100000E+001  0.100000E+001  0.968000E+002
  0.349364E+003  0.958953E+001  0.942478E+001 -0.376991E+001 -0.445500E-005 -0.821329E-005  0.934373E-005  0.671676E-006  0.123831E-005  0.140874E-005  0.210000E+002  0.200000E+001  0.100000E+001  0.500000E+000  0.300000E+000  0.200000E+001  0.100000E+001  0.100000E+001  0.972000E+002
  0.349364E+003  0.958953E+001  0.942478E+001 -0.376991E+001 -0.879680E-005 -0.309263E-005  0.932460E-005  0.132628E-005  0.466272E-006  0.140586E-005  0.210000E+002  0.200000E+001  0.100000E+001  0.500000E+000  0.300000E+000  0.200000E+001  0.100000E+001  0.100000E+001  0.976000E+002
  0.349364E+003  0.958953E+001  0.942478E+001 -0.376991E+001 -0.857940E-005  0.360371E-005  0.930553E-005  0.129351E-005 -0.543327E-006  0.140298E-005  0.210000E+002  0.200000E+001  0.100000E+001  0.500000E+000  0.300000E+000  0.200000E+001  0.100000E+001  0.100000E+001  0.980000E+002
  0.349364E+003  0.958953E+001  0.942478E+001 -0.376991E+001 -0.393368E-005  0.841229E-005  0.928657E-005  0.593077E-006 -0.126831E-005  0.140013E-005  0.210000E+002  0.200000E+001  0.100000E+001  0.500000E+000  0.300000E+000  0.200000E+001  0.100000E+001  0.100000E+001  0.984000E+002
  0.349364E+003  0.958953E+001  0.942478E+001 -0.376991E+001  0.272400E-005  0.885843E-005  0.926779E-005 -0.410695E-006 -0.133558E-005  0.139729E-005  0.210000E+002  0.200000E+001  0.100000E+001  0.500000E+000  0.300000E+000  0.200000E+001  0.100000E+001  0.100000E+001  0.988000E+002
  0.349364E+003  0.958953E+001  0.942478E+001 -0.376991E+001  0.794847E-005  0.472938E-005  0.924907E-005 -0.119838E-005 -0.713044E-006  0.139447E-005  0.210000E+002  0.200000E+001  0.100000E+001  0.500000E+000  0.300000E+000  0.200000E+001  0.100000E+001  0.100000E+001  0.992000E+002
  0.349364E+003  0.958953E+001  0.942478E+001 -0.376991E+001  0.904831E-005 -0.182468E-005  0.923046E-005 -0.136420E-005  0.275105E-006  0.139167E-005  0.210000E+002  0.200000E+001  0.100000E+001  0.500000E+000  0.300000E+000  0.200000E+001  0.100000E+001  0.100000E+001  0.996000E+002
