 % the field is pss
% Dinn5 settings , t1, t2, t3, t4, tm, tp, eps, step, IntLimit
%   0.250000E+001  0.250000E+001  0.250000E+001  0.280000E+002  0.200000E-001  0.000000E+000  0.100000E-005  0.100000E-001  0.100000E+006
% 1)psi, 2) R, 3) x, 4) z, 5) re(u), 6) im(u), 7) abs(u), 8) re(w), 9) im(w), 10) abs(w), 11) fieldCode, 12) cp(1), 13) cp(2), 14) cs(1), 15) cs(2), 16) rho(1), 17) rho(2), 18) h, 19) w
  0.183000E+003  0.300000E+002 -0.299589E+002 -0.257008E+001 -0.692284E-003 -0.379609E-002  0.385870E-002  0.542700E-003  0.308465E-002  0.313203E-002  0.220000E+002  0.200000E+001  0.100000E+001  0.500000E+000  0.300000E+000  0.200000E+001  0.100000E+001  0.100000E+001  0.100000E+002
  0.183500E+003  0.300000E+002 -0.299440E+002 -0.283146E+001  0.319193E-004 -0.387685E-002  0.387698E-002 -0.785585E-005  0.311517E-002  0.311518E-002  0.220000E+002  0.200000E+001  0.100000E+001  0.500000E+000  0.300000E+000  0.200000E+001  0.100000E+001  0.100000E+001  0.100000E+002
  0.184000E+003  0.300000E+002 -0.299269E+002 -0.309269E+001  0.522082E-003 -0.372285E-002  0.375928E-002 -0.388246E-003  0.303583E-002  0.306055E-002  0.220000E+002  0.200000E+001  0.100000E+001  0.500000E+000  0.300000E+000  0.200000E+001  0.100000E+001  0.100000E+001  0.100000E+002
  0.184500E+003  0.300000E+002 -0.299075E+002 -0.335377E+001  0.692940E-003 -0.361456E-002  0.368038E-002 -0.559188E-003  0.294940E-002  0.300194E-002  0.220000E+002  0.200000E+001  0.100000E+001  0.500000E+000  0.300000E+000  0.200000E+001  0.100000E+001  0.100000E+001  0.100000E+002
  0.185000E+003  0.300000E+002 -0.298858E+002 -0.361467E+001  0.716141E-003 -0.358192E-002  0.365281E-002 -0.567515E-003  0.291024E-002  0.296506E-002  0.220000E+002  0.200000E+001  0.100000E+001  0.500000E+000  0.300000E+000  0.200000E+001  0.100000E+001  0.100000E+001  0.100000E+002
  0.185500E+003  0.300000E+002 -0.298619E+002 -0.387537E+001  0.547440E-003 -0.354815E-002  0.359013E-002 -0.429159E-003  0.289263E-002  0.292430E-002  0.220000E+002  0.200000E+001  0.100000E+001  0.500000E+000  0.300000E+000  0.200000E+001  0.100000E+001  0.100000E+001  0.100000E+002
  0.186000E+003  0.300000E+002 -0.298357E+002 -0.413585E+001  0.178482E-003 -0.351823E-002  0.352275E-002 -0.124081E-003  0.286666E-002  0.286934E-002  0.220000E+002  0.200000E+001  0.100000E+001  0.500000E+000  0.300000E+000  0.200000E+001  0.100000E+001  0.100000E+001  0.100000E+002
  0.186500E+003  0.300000E+002 -0.298072E+002 -0.439610E+001 -0.412547E-003 -0.341184E-002  0.343669E-002  0.355211E-003  0.280275E-002  0.282517E-002  0.220000E+002  0.200000E+001  0.100000E+001  0.500000E+000  0.300000E+000  0.200000E+001  0.100000E+001  0.100000E+001  0.100000E+002
  0.187000E+003  0.300000E+002 -0.297764E+002 -0.465608E+001 -0.120274E-002 -0.323501E-002  0.345136E-002  0.965817E-003  0.264631E-002  0.281705E-002  0.220000E+002  0.200000E+001  0.100000E+001  0.500000E+000  0.300000E+000  0.200000E+001  0.100000E+001  0.100000E+001  0.100000E+002
  0.187500E+003  0.300000E+002 -0.297433E+002 -0.491579E+001 -0.198091E-002 -0.282131E-002  0.344728E-002  0.162967E-002  0.227628E-002  0.279952E-002  0.220000E+002  0.200000E+001  0.100000E+001  0.500000E+000  0.300000E+000  0.200000E+001  0.100000E+001  0.100000E+001  0.100000E+002
  0.188000E+003  0.300000E+002 -0.297080E+002 -0.517519E+001 -0.274495E-002 -0.191503E-002  0.334695E-002  0.227925E-002  0.158617E-002  0.277685E-002  0.220000E+002  0.200000E+001  0.100000E+001  0.500000E+000  0.300000E+000  0.200000E+001  0.100000E+001  0.100000E+001  0.100000E+002
  0.188500E+003  0.300000E+002 -0.296705E+002 -0.543428E+001 -0.340127E-002 -0.675551E-003  0.346771E-002  0.275552E-002  0.591448E-003  0.281828E-002  0.220000E+002  0.200000E+001  0.100000E+001  0.500000E+000  0.300000E+000  0.200000E+001  0.100000E+001  0.100000E+001  0.100000E+002
  0.189000E+003  0.300000E+002 -0.296307E+002 -0.569303E+001 -0.342279E-002  0.746639E-003  0.350328E-002  0.277547E-002 -0.630988E-003  0.284630E-002  0.220000E+002  0.200000E+001  0.100000E+001  0.500000E+000  0.300000E+000  0.200000E+001  0.100000E+001  0.100000E+001  0.100000E+002
  0.189500E+003  0.300000E+002 -0.295886E+002 -0.595143E+001 -0.255930E-002  0.233016E-002  0.346117E-002  0.213542E-002 -0.190843E-002  0.286394E-002  0.220000E+002  0.200000E+001  0.100000E+001  0.500000E+000  0.300000E+000  0.200000E+001  0.100000E+001  0.100000E+001  0.100000E+002
  0.190000E+003  0.300000E+002 -0.295442E+002 -0.620945E+001 -0.982329E-003  0.351428E-002  0.364899E-002  0.830346E-003 -0.282564E-002  0.294512E-002  0.220000E+002  0.200000E+001  0.100000E+001  0.500000E+000  0.300000E+000  0.200000E+001  0.100000E+001  0.100000E+001  0.100000E+002
  0.190500E+003  0.300000E+002 -0.294976E+002 -0.646707E+001  0.111547E-002  0.351165E-002  0.368455E-002 -0.915211E-003 -0.285744E-002  0.300043E-002  0.220000E+002  0.200000E+001  0.100000E+001  0.500000E+000  0.300000E+000  0.200000E+001  0.100000E+001  0.100000E+001  0.100000E+002
  0.191000E+003  0.300000E+002 -0.294488E+002 -0.672427E+001  0.311031E-002  0.207141E-002  0.373695E-002 -0.251721E-002 -0.171796E-002  0.304757E-002  0.220000E+002  0.200000E+001  0.100000E+001  0.500000E+000  0.300000E+000  0.200000E+001  0.100000E+001  0.100000E+001  0.100000E+002
  0.191500E+003  0.300000E+002 -0.293977E+002 -0.698104E+001  0.383810E-002 -0.463302E-003  0.386596E-002 -0.310630E-002  0.354136E-003  0.312642E-002  0.220000E+002  0.200000E+001  0.100000E+001  0.500000E+000  0.300000E+000  0.200000E+001  0.100000E+001  0.100000E+001  0.100000E+002
  0.192000E+003  0.300000E+002 -0.293444E+002 -0.723735E+001  0.251673E-002 -0.303281E-002  0.394105E-002 -0.204793E-002  0.244034E-002  0.318580E-002  0.220000E+002  0.200000E+001  0.100000E+001  0.500000E+000  0.300000E+000  0.200000E+001  0.100000E+001  0.100000E+001  0.100000E+002
  0.192500E+003  0.300000E+002 -0.292889E+002 -0.749319E+001 -0.478146E-003 -0.394164E-002  0.397054E-002  0.389245E-003  0.319242E-002  0.321606E-002  0.220000E+002  0.200000E+001  0.100000E+001  0.500000E+000  0.300000E+000  0.200000E+001  0.100000E+001  0.100000E+001  0.100000E+002
  0.193000E+003  0.300000E+002 -0.292311E+002 -0.774853E+001 -0.341355E-002 -0.213087E-002  0.402404E-002  0.274943E-002  0.175556E-002  0.326211E-002  0.220000E+002  0.200000E+001  0.100000E+001  0.500000E+000  0.300000E+000  0.200000E+001  0.100000E+001  0.100000E+001  0.100000E+002
  0.193500E+003  0.300000E+002 -0.291711E+002 -0.800336E+001 -0.386389E-002  0.142702E-002  0.411898E-002  0.308540E-002 -0.115086E-002  0.329305E-002  0.220000E+002  0.200000E+001  0.100000E+001  0.500000E+000  0.300000E+000  0.200000E+001  0.100000E+001  0.100000E+001  0.100000E+002
  0.194000E+003  0.300000E+002 -0.291089E+002 -0.825766E+001 -0.883611E-003  0.389336E-002  0.399237E-002  0.708648E-003 -0.318523E-002  0.326311E-002  0.220000E+002  0.200000E+001  0.100000E+001  0.500000E+000  0.300000E+000  0.200000E+001  0.100000E+001  0.100000E+001  0.100000E+002
  0.194500E+003  0.300000E+002 -0.290444E+002 -0.851140E+001  0.306687E-002  0.270521E-002  0.408948E-002 -0.243921E-002 -0.218719E-002  0.327621E-002  0.220000E+002  0.200000E+001  0.100000E+001  0.500000E+000  0.300000E+000  0.200000E+001  0.100000E+001  0.100000E+001  0.100000E+002
  0.195000E+003  0.300000E+002 -0.289778E+002 -0.876457E+001  0.374709E-002 -0.139836E-002  0.399952E-002 -0.300753E-002  0.118150E-002  0.323128E-002  0.220000E+002  0.200000E+001  0.100000E+001  0.500000E+000  0.300000E+000  0.200000E+001  0.100000E+001  0.100000E+001  0.100000E+002
  0.195500E+003  0.300000E+002 -0.289089E+002 -0.901715E+001  0.140319E-004 -0.388319E-002  0.388321E-002 -0.220506E-004  0.316166E-002  0.316174E-002  0.220000E+002  0.200000E+001  0.100000E+001  0.500000E+000  0.300000E+000  0.200000E+001  0.100000E+001  0.100000E+001  0.100000E+002
  0.196000E+003  0.300000E+002 -0.288379E+002 -0.926912E+001 -0.365450E-002 -0.130645E-002  0.388101E-002  0.294916E-002  0.102096E-002  0.312088E-002  0.220000E+002  0.200000E+001  0.100000E+001  0.500000E+000  0.300000E+000  0.200000E+001  0.100000E+001  0.100000E+001  0.100000E+002
  0.196500E+003  0.300000E+002 -0.287646E+002 -0.952046E+001 -0.210160E-002  0.305562E-002  0.370858E-002  0.168912E-002 -0.250697E-002  0.302292E-002  0.220000E+002  0.200000E+001  0.100000E+001  0.500000E+000  0.300000E+000  0.200000E+001  0.100000E+001  0.100000E+001  0.100000E+002
  0.197000E+003  0.300000E+002 -0.286891E+002 -0.977115E+001  0.256093E-002  0.253390E-002  0.360264E-002 -0.210459E-002 -0.204787E-002  0.293651E-002  0.220000E+002  0.200000E+001  0.100000E+001  0.500000E+000  0.300000E+000  0.200000E+001  0.100000E+001  0.100000E+001  0.100000E+002
  0.197500E+003  0.300000E+002 -0.286115E+002 -0.100212E+002  0.274889E-002 -0.222174E-002  0.353447E-002 -0.222727E-002  0.181356E-002  0.287223E-002  0.220000E+002  0.200000E+001  0.100000E+001  0.500000E+000  0.300000E+000  0.200000E+001  0.100000E+001  0.100000E+001  0.100000E+002
  0.198000E+003  0.300000E+002 -0.285317E+002 -0.102705E+002 -0.196336E-002 -0.275539E-002  0.338333E-002  0.165214E-002  0.222977E-002  0.277515E-002  0.220000E+002  0.200000E+001  0.100000E+001  0.500000E+000  0.300000E+000  0.200000E+001  0.100000E+001  0.100000E+001  0.100000E+002
  0.198500E+003  0.300000E+002 -0.284497E+002 -0.105191E+002 -0.255541E-002  0.211465E-002  0.331691E-002  0.211982E-002 -0.171814E-002  0.272868E-002  0.220000E+002  0.200000E+001  0.100000E+001  0.500000E+000  0.300000E+000  0.200000E+001  0.100000E+001  0.100000E+001  0.100000E+002
  0.199000E+003  0.300000E+002 -0.283656E+002 -0.107670E+002  0.227652E-002  0.242624E-002  0.332704E-002 -0.188381E-002 -0.194242E-002  0.270587E-002  0.220000E+002  0.200000E+001  0.100000E+001  0.500000E+000  0.300000E+000  0.200000E+001  0.100000E+001  0.100000E+001  0.100000E+002
  0.199500E+003  0.300000E+002 -0.282792E+002 -0.110142E+002  0.183120E-002 -0.263539E-002  0.320914E-002 -0.155267E-002  0.217817E-002  0.267492E-002  0.220000E+002  0.200000E+001  0.100000E+001  0.500000E+000  0.300000E+000  0.200000E+001  0.100000E+001  0.100000E+001  0.100000E+002
  0.200000E+003  0.300000E+002 -0.281908E+002 -0.112606E+002 -0.313527E-002 -0.128035E-002  0.338663E-002  0.253737E-002  0.103822E-002  0.274156E-002  0.220000E+002  0.200000E+001  0.100000E+001  0.500000E+000  0.300000E+000  0.200000E+001  0.100000E+001  0.100000E+001  0.100000E+002
  0.200500E+003  0.300000E+002 -0.281002E+002 -0.115062E+002 -0.297838E-003  0.333430E-002  0.334757E-002  0.266331E-003 -0.275763E-002  0.277046E-002  0.220000E+002  0.200000E+001  0.100000E+001  0.500000E+000  0.300000E+000  0.200000E+001  0.100000E+001  0.100000E+001  0.100000E+002
  0.201000E+003  0.300000E+002 -0.280074E+002 -0.117510E+002  0.339554E-002 -0.958585E-003  0.352825E-002 -0.277290E-002  0.747619E-003  0.287192E-002  0.220000E+002  0.200000E+001  0.100000E+001  0.500000E+000  0.300000E+000  0.200000E+001  0.100000E+001  0.100000E+001  0.100000E+002
  0.201500E+003  0.300000E+002 -0.279125E+002 -0.119950E+002 -0.229236E-002 -0.286780E-002  0.367141E-002  0.183706E-002  0.234769E-002  0.298101E-002  0.220000E+002  0.200000E+001  0.100000E+001  0.500000E+000  0.300000E+000  0.200000E+001  0.100000E+001  0.100000E+001  0.100000E+002
  0.202000E+003  0.300000E+002 -0.278155E+002 -0.122382E+002 -0.158170E-002  0.340466E-002  0.375413E-002  0.130924E-002 -0.277553E-002  0.306883E-002  0.220000E+002  0.200000E+001  0.100000E+001  0.500000E+000  0.300000E+000  0.200000E+001  0.100000E+001  0.100000E+001  0.100000E+002
  0.202500E+003  0.300000E+002 -0.277164E+002 -0.124805E+002  0.397795E-002 -0.399193E-003  0.399792E-002 -0.319923E-002  0.260614E-003  0.320983E-002  0.220000E+002  0.200000E+001  0.100000E+001  0.500000E+000  0.300000E+000  0.200000E+001  0.100000E+001  0.100000E+001  0.100000E+002
  0.203000E+003  0.300000E+002 -0.276151E+002 -0.127219E+002 -0.241945E-002 -0.323083E-002  0.403634E-002  0.198146E-002  0.261274E-002  0.327912E-002  0.220000E+002  0.200000E+001  0.100000E+001  0.500000E+000  0.300000E+000  0.200000E+001  0.100000E+001  0.100000E+001  0.100000E+002
  0.203500E+003  0.300000E+002 -0.275118E+002 -0.129625E+002 -0.105077E-002  0.406142E-002  0.419515E-002  0.909430E-003 -0.324602E-002  0.337101E-002  0.220000E+002  0.200000E+001  0.100000E+001  0.500000E+000  0.300000E+000  0.200000E+001  0.100000E+001  0.100000E+001  0.100000E+002
  0.204000E+003  0.300000E+002 -0.274064E+002 -0.132021E+002  0.391640E-002 -0.166719E-002  0.425649E-002 -0.313686E-002  0.137253E-002  0.342400E-002  0.220000E+002  0.200000E+001  0.100000E+001  0.500000E+000  0.300000E+000  0.200000E+001  0.100000E+001  0.100000E+001  0.100000E+002
  0.204500E+003  0.300000E+002 -0.272988E+002 -0.134408E+002 -0.394485E-002 -0.156533E-002  0.424407E-002  0.317063E-002  0.128957E-002  0.342284E-002  0.220000E+002  0.200000E+001  0.100000E+001  0.500000E+000  0.300000E+000  0.200000E+001  0.100000E+001  0.100000E+001  0.100000E+002
  0.205000E+003  0.300000E+002 -0.271892E+002 -0.136785E+002  0.179763E-002  0.387618E-002  0.427274E-002 -0.145999E-002 -0.310348E-002  0.342975E-002  0.220000E+002  0.200000E+001  0.100000E+001  0.500000E+000  0.300000E+000  0.200000E+001  0.100000E+001  0.100000E+001  0.100000E+002
  0.205500E+003  0.300000E+002 -0.270776E+002 -0.139153E+002  0.100366E-002 -0.403905E-002  0.416188E-002 -0.776806E-003  0.325949E-002  0.335077E-002  0.220000E+002  0.200000E+001  0.100000E+001  0.500000E+000  0.300000E+000  0.200000E+001  0.100000E+001  0.100000E+001  0.100000E+002
  0.206000E+003  0.300000E+002 -0.269638E+002 -0.141511E+002 -0.296307E-002  0.274608E-002  0.403989E-002  0.239906E-002 -0.222318E-002  0.327078E-002  0.220000E+002  0.200000E+001  0.100000E+001  0.500000E+000  0.300000E+000  0.200000E+001  0.100000E+001  0.100000E+001  0.100000E+002
  0.206500E+003  0.300000E+002 -0.268480E+002 -0.143859E+002  0.386044E-002 -0.741118E-003  0.393093E-002 -0.308050E-002  0.669449E-003  0.315240E-002  0.220000E+002  0.200000E+001  0.100000E+001  0.500000E+000  0.300000E+000  0.200000E+001  0.100000E+001  0.100000E+001  0.100000E+002
  0.207000E+003  0.300000E+002 -0.267302E+002 -0.146197E+002 -0.355767E-002 -0.763419E-003  0.363865E-002  0.291887E-002  0.629360E-003  0.298595E-002  0.220000E+002  0.200000E+001  0.100000E+001  0.500000E+000  0.300000E+000  0.200000E+001  0.100000E+001  0.100000E+001  0.100000E+002
  0.207500E+003  0.300000E+002 -0.266103E+002 -0.148525E+002  0.291222E-002  0.203110E-002  0.355055E-002 -0.239256E-002 -0.156752E-002  0.286033E-002  0.220000E+002  0.200000E+001  0.100000E+001  0.500000E+000  0.300000E+000  0.200000E+001  0.100000E+001  0.100000E+001  0.100000E+002
  0.208000E+003  0.300000E+002 -0.264884E+002 -0.150841E+002 -0.215457E-002 -0.239997E-002  0.322522E-002  0.179108E-002  0.198297E-002  0.267210E-002  0.220000E+002  0.200000E+001  0.100000E+001  0.500000E+000  0.300000E+000  0.200000E+001  0.100000E+001  0.100000E+001  0.100000E+002
  0.208500E+003  0.300000E+002 -0.263645E+002 -0.153148E+002  0.161866E-002  0.269856E-002  0.314679E-002 -0.136373E-002 -0.219052E-002  0.258034E-002  0.220000E+002  0.200000E+001  0.100000E+001  0.500000E+000  0.300000E+000  0.200000E+001  0.100000E+001  0.100000E+001  0.100000E+002
  0.209000E+003  0.300000E+002 -0.262386E+002 -0.155443E+002 -0.132602E-002 -0.267019E-002  0.298132E-002  0.111999E-002  0.220583E-002  0.247388E-002  0.220000E+002  0.200000E+001  0.100000E+001  0.500000E+000  0.300000E+000  0.200000E+001  0.100000E+001  0.100000E+001  0.100000E+002
  0.209500E+003  0.300000E+002 -0.261107E+002 -0.157727E+002  0.141622E-002  0.263350E-002  0.299015E-002 -0.114115E-002 -0.220495E-002  0.248274E-002  0.220000E+002  0.200000E+001  0.100000E+001  0.500000E+000  0.300000E+000  0.200000E+001  0.100000E+001  0.100000E+001  0.100000E+002
  0.210000E+003  0.300000E+002 -0.259808E+002 -0.160000E+002 -0.151393E-002 -0.265712E-002  0.305814E-002  0.127499E-002  0.218542E-002  0.253014E-002  0.220000E+002  0.200000E+001  0.100000E+001  0.500000E+000  0.300000E+000  0.200000E+001  0.100000E+001  0.100000E+001  0.100000E+002
  0.210500E+003  0.300000E+002 -0.258489E+002 -0.162262E+002  0.212058E-002  0.247142E-002  0.325650E-002 -0.165974E-002 -0.209350E-002  0.267161E-002  0.220000E+002  0.200000E+001  0.100000E+001  0.500000E+000  0.300000E+000  0.200000E+001  0.100000E+001  0.100000E+001  0.100000E+002
  0.211000E+003  0.300000E+002 -0.257150E+002 -0.164511E+002 -0.253783E-002 -0.236544E-002  0.346927E-002  0.208607E-002  0.193971E-002  0.284854E-002  0.220000E+002  0.200000E+001  0.100000E+001  0.500000E+000  0.300000E+000  0.200000E+001  0.100000E+001  0.100000E+001  0.100000E+002
  0.211500E+003  0.300000E+002 -0.255792E+002 -0.166750E+002  0.334783E-002  0.175908E-002  0.378184E-002 -0.266065E-002 -0.150735E-002  0.305797E-002  0.220000E+002  0.200000E+001  0.100000E+001  0.500000E+000  0.300000E+000  0.200000E+001  0.100000E+001  0.100000E+001  0.100000E+002
  0.212000E+003  0.300000E+002 -0.254414E+002 -0.168976E+002 -0.393663E-002 -0.100625E-002  0.406320E-002  0.317239E-002  0.849410E-003  0.328414E-002  0.220000E+002  0.200000E+001  0.100000E+001  0.500000E+000  0.300000E+000  0.200000E+001  0.100000E+001  0.100000E+001  0.100000E+002
  0.212500E+003  0.300000E+002 -0.253017E+002 -0.171190E+002  0.426734E-002 -0.319745E-003  0.427930E-002 -0.344846E-002  0.216277E-003  0.345523E-002  0.220000E+002  0.200000E+001  0.100000E+001  0.500000E+000  0.300000E+000  0.200000E+001  0.100000E+001  0.100000E+001  0.100000E+002
  0.213000E+003  0.300000E+002 -0.251601E+002 -0.173392E+002 -0.414187E-002  0.200850E-002  0.460317E-002  0.331008E-002 -0.154356E-002  0.365229E-002  0.220000E+002  0.200000E+001  0.100000E+001  0.500000E+000  0.300000E+000  0.200000E+001  0.100000E+001  0.100000E+001  0.100000E+002
  0.213500E+003  0.300000E+002 -0.250166E+002 -0.175581E+002  0.295452E-002 -0.348576E-002  0.456943E-002 -0.239022E-002  0.283218E-002  0.370600E-002  0.220000E+002  0.200000E+001  0.100000E+001  0.500000E+000  0.300000E+000  0.200000E+001  0.100000E+001  0.100000E+001  0.100000E+002
  0.214000E+003  0.300000E+002 -0.248711E+002 -0.177758E+002 -0.906757E-003  0.475024E-002  0.483601E-002  0.734755E-003 -0.372743E-002  0.379916E-002  0.220000E+002  0.200000E+001  0.100000E+001  0.500000E+000  0.300000E+000  0.200000E+001  0.100000E+001  0.100000E+001  0.100000E+002
  0.214500E+003  0.300000E+002 -0.247238E+002 -0.179922E+002 -0.161403E-002 -0.428860E-002  0.458227E-002  0.133718E-002  0.345906E-002  0.370853E-002  0.220000E+002  0.200000E+001  0.100000E+001  0.500000E+000  0.300000E+000  0.200000E+001  0.100000E+001  0.100000E+001  0.100000E+002
  0.215000E+003  0.300000E+002 -0.245746E+002 -0.182073E+002  0.388377E-002  0.243608E-002  0.458456E-002 -0.309151E-002 -0.189959E-002  0.362848E-002  0.220000E+002  0.200000E+001  0.100000E+001  0.500000E+000  0.300000E+000  0.200000E+001  0.100000E+001  0.100000E+001  0.100000E+002
  0.215500E+003  0.300000E+002 -0.244235E+002 -0.184211E+002 -0.421852E-002  0.596773E-003  0.426052E-002  0.336322E-002 -0.546526E-003  0.340734E-002  0.220000E+002  0.200000E+001  0.100000E+001  0.500000E+000  0.300000E+000  0.200000E+001  0.100000E+001  0.100000E+001  0.100000E+002
  0.216000E+003  0.300000E+002 -0.242705E+002 -0.186336E+002  0.220549E-002 -0.317075E-002  0.386236E-002 -0.174192E-002  0.259832E-002  0.312819E-002  0.220000E+002  0.200000E+001  0.100000E+001  0.500000E+000  0.300000E+000  0.200000E+001  0.100000E+001  0.100000E+001  0.100000E+002
  0.216500E+003  0.300000E+002 -0.241157E+002 -0.188447E+002  0.855139E-003  0.341330E-002  0.351879E-002 -0.816454E-003 -0.268329E-002  0.280475E-002  0.220000E+002  0.200000E+001  0.100000E+001  0.500000E+000  0.300000E+000  0.200000E+001  0.100000E+001  0.100000E+001  0.100000E+002
  0.217000E+003  0.300000E+002 -0.239591E+002 -0.190545E+002 -0.280751E-002 -0.708194E-003  0.289546E-002  0.233747E-002  0.559200E-003  0.240343E-002  0.220000E+002  0.200000E+001  0.100000E+001  0.500000E+000  0.300000E+000  0.200000E+001  0.100000E+001  0.100000E+001  0.100000E+002
  0.217500E+003  0.300000E+002 -0.238006E+002 -0.192628E+002  0.168064E-002 -0.180745E-002  0.246808E-002 -0.128434E-002  0.160991E-002  0.205945E-002  0.220000E+002  0.200000E+001  0.100000E+001  0.500000E+000  0.300000E+000  0.200000E+001  0.100000E+001  0.100000E+001  0.100000E+002
  0.218000E+003  0.300000E+002 -0.236403E+002 -0.194698E+002  0.132375E-002  0.161653E-002  0.208937E-002 -0.113591E-002 -0.137993E-002  0.178731E-002  0.220000E+002  0.200000E+001  0.100000E+001  0.500000E+000  0.300000E+000  0.200000E+001  0.100000E+001  0.100000E+001  0.100000E+002
  0.218500E+003  0.300000E+002 -0.234782E+002 -0.196754E+002 -0.168538E-002  0.111354E-002  0.202002E-002  0.147069E-002 -0.958420E-003  0.175542E-002  0.220000E+002  0.200000E+001  0.100000E+001  0.500000E+000  0.300000E+000  0.200000E+001  0.100000E+001  0.100000E+001  0.100000E+002
  0.219000E+003  0.300000E+002 -0.233144E+002 -0.198796E+002 -0.132147E-002 -0.185817E-002  0.228015E-002  0.104308E-002  0.167041E-002  0.196933E-002  0.220000E+002  0.200000E+001  0.100000E+001  0.500000E+000  0.300000E+000  0.200000E+001  0.100000E+001  0.100000E+001  0.100000E+002
  0.219500E+003  0.300000E+002 -0.231487E+002 -0.200823E+002  0.264049E-002 -0.139524E-002  0.298645E-002 -0.217454E-002  0.107060E-002  0.242380E-002  0.220000E+002  0.200000E+001  0.100000E+001  0.500000E+000  0.300000E+000  0.200000E+001  0.100000E+001  0.100000E+001  0.100000E+002
  0.220000E+003  0.300000E+002 -0.229813E+002 -0.202836E+002  0.159040E-002  0.323025E-002  0.360054E-002 -0.109456E-002 -0.271228E-002  0.292482E-002  0.220000E+002  0.200000E+001  0.100000E+001  0.500000E+000  0.300000E+000  0.200000E+001  0.100000E+001  0.100000E+001  0.100000E+002
  0.220500E+003  0.300000E+002 -0.228122E+002 -0.204834E+002 -0.417888E-002  0.123609E-002  0.435786E-002  0.335257E-002 -0.928305E-003  0.347871E-002  0.220000E+002  0.200000E+001  0.100000E+001  0.500000E+000  0.300000E+000  0.200000E+001  0.100000E+001  0.100000E+001  0.100000E+002
  0.221000E+003  0.300000E+002 -0.226413E+002 -0.206818E+002 -0.131425E-002 -0.483692E-002  0.501229E-002  0.888306E-003  0.385245E-002  0.395354E-002  0.220000E+002  0.200000E+001  0.100000E+001  0.500000E+000  0.300000E+000  0.200000E+001  0.100000E+001  0.100000E+001  0.100000E+002
  0.221500E+003  0.300000E+002 -0.224687E+002 -0.208786E+002  0.546324E-002 -0.121223E-002  0.559612E-002 -0.429622E-002  0.871569E-003  0.438374E-002  0.220000E+002  0.200000E+001  0.100000E+001  0.500000E+000  0.300000E+000  0.200000E+001  0.100000E+001  0.100000E+001  0.100000E+002
  0.222000E+003  0.300000E+002 -0.222943E+002 -0.210739E+002  0.145022E-002  0.566318E-002  0.584592E-002 -0.110035E-002 -0.448272E-002  0.461579E-002  0.220000E+002  0.200000E+001  0.100000E+001  0.500000E+000  0.300000E+000  0.200000E+001  0.100000E+001  0.100000E+001  0.100000E+002
  0.222500E+003  0.300000E+002 -0.221183E+002 -0.212677E+002 -0.595121E-002  0.202414E-002  0.628602E-002  0.455674E-002 -0.153604E-002  0.480867E-002  0.220000E+002  0.200000E+001  0.100000E+001  0.500000E+000  0.300000E+000  0.200000E+001  0.100000E+001  0.100000E+001  0.100000E+002
  0.223000E+003  0.300000E+002 -0.219406E+002 -0.214600E+002 -0.267528E-002 -0.530153E-002  0.593830E-002  0.211666E-002  0.416609E-002  0.467296E-002  0.220000E+002  0.200000E+001  0.100000E+001  0.500000E+000  0.300000E+000  0.200000E+001  0.100000E+001  0.100000E+001  0.100000E+002
  0.223500E+003  0.300000E+002 -0.217612E+002 -0.216506E+002  0.478537E-002 -0.353474E-002  0.594930E-002 -0.356046E-002  0.275797E-002  0.450369E-002  0.220000E+002  0.200000E+001  0.100000E+001  0.500000E+000  0.300000E+000  0.200000E+001  0.100000E+001  0.100000E+001  0.100000E+002
  0.224000E+003  0.300000E+002 -0.215802E+002 -0.218398E+002  0.395800E-002  0.339208E-002  0.521268E-002 -0.310145E-002 -0.250764E-002  0.398839E-002  0.220000E+002  0.200000E+001  0.100000E+001  0.500000E+000  0.300000E+000  0.200000E+001  0.100000E+001  0.100000E+001  0.100000E+002
  0.224500E+003  0.300000E+002 -0.213975E+002 -0.220273E+002 -0.201456E-002  0.409252E-002  0.456149E-002  0.138242E-002 -0.310897E-002  0.340247E-002  0.220000E+002  0.200000E+001  0.100000E+001  0.500000E+000  0.300000E+000  0.200000E+001  0.100000E+001  0.100000E+001  0.100000E+002
  0.225000E+003  0.300000E+002 -0.212132E+002 -0.222132E+002 -0.349211E-002 -0.109923E-002  0.366103E-002  0.255375E-002  0.565273E-003  0.261556E-002  0.220000E+002  0.200000E+001  0.100000E+001  0.500000E+000  0.300000E+000  0.200000E+001  0.100000E+001  0.100000E+001  0.100000E+002
  0.225500E+003  0.300000E+002 -0.210273E+002 -0.223975E+002  0.374915E-003 -0.279336E-002  0.281841E-002 -0.226868E-003  0.190714E-002  0.192059E-002  0.220000E+002  0.200000E+001  0.100000E+001  0.500000E+000  0.300000E+000  0.200000E+001  0.100000E+001  0.100000E+001  0.100000E+002
  0.226000E+003  0.300000E+002 -0.208398E+002 -0.225802E+002  0.284557E-002  0.923698E-003  0.299174E-002 -0.178820E-002 -0.630191E-003  0.189600E-002  0.220000E+002  0.200000E+001  0.100000E+001  0.500000E+000  0.300000E+000  0.200000E+001  0.100000E+001  0.100000E+001  0.100000E+002
  0.226500E+003  0.300000E+002 -0.206506E+002 -0.227612E+002 -0.670720E-003  0.369015E-002  0.375061E-002  0.743939E-003 -0.255096E-002  0.265722E-002  0.220000E+002  0.200000E+001  0.100000E+001  0.500000E+000  0.300000E+000  0.200000E+001  0.100000E+001  0.100000E+001  0.100000E+002
  0.227000E+003  0.300000E+002 -0.204600E+002 -0.229406E+002 -0.547473E-002  0.112219E-002  0.558856E-002  0.400538E-002 -0.468015E-003  0.403263E-002  0.220000E+002  0.200000E+001  0.100000E+001  0.500000E+000  0.300000E+000  0.200000E+001  0.100000E+001  0.100000E+001  0.100000E+002
  0.227500E+003  0.300000E+002 -0.202677E+002 -0.231183E+002 -0.502926E-002 -0.559009E-002  0.751948E-002  0.344079E-002  0.429108E-002  0.550022E-002  0.220000E+002  0.200000E+001  0.100000E+001  0.500000E+000  0.300000E+000  0.200000E+001  0.100000E+001  0.100000E+001  0.100000E+002
  0.228000E+003  0.300000E+002 -0.200739E+002 -0.232943E+002  0.129689E-002 -0.938752E-002  0.947668E-002 -0.140491E-002  0.686969E-002  0.701188E-002  0.220000E+002  0.200000E+001  0.100000E+001  0.500000E+000  0.300000E+000  0.200000E+001  0.100000E+001  0.100000E+001  0.100000E+002
  0.228500E+003  0.300000E+002 -0.198786E+002 -0.234687E+002  0.985373E-002 -0.628500E-002  0.116875E-001 -0.734414E-002  0.437113E-002  0.854653E-002  0.220000E+002  0.200000E+001  0.100000E+001  0.500000E+000  0.300000E+000  0.200000E+001  0.100000E+001  0.100000E+001  0.100000E+002
  0.229000E+003  0.300000E+002 -0.196818E+002 -0.236413E+002  0.133327E-001  0.232558E-002  0.135340E-001 -0.967949E-002 -0.210863E-002  0.990650E-002  0.220000E+002  0.200000E+001  0.100000E+001  0.500000E+000  0.300000E+000  0.200000E+001  0.100000E+001  0.100000E+001  0.100000E+002
  0.229500E+003  0.300000E+002 -0.194834E+002 -0.238122E+002  0.961362E-002  0.122780E-001  0.155940E-001 -0.672348E-002 -0.906236E-002  0.112841E-001  0.220000E+002  0.200000E+001  0.100000E+001  0.500000E+000  0.300000E+000  0.200000E+001  0.100000E+001  0.100000E+001  0.100000E+002
  0.230000E+003  0.300000E+002 -0.192836E+002 -0.239813E+002 -0.193289E-003  0.171950E-001  0.171961E-001  0.395387E-003 -0.123851E-001  0.123914E-001  0.220000E+002  0.200000E+001  0.100000E+001  0.500000E+000  0.300000E+000  0.200000E+001  0.100000E+001  0.100000E+001  0.100000E+002
  0.230500E+003  0.300000E+002 -0.190823E+002 -0.241487E+002 -0.113133E-001  0.153596E-001  0.190764E-001  0.830099E-002 -0.106879E-001  0.135328E-001  0.220000E+002  0.200000E+001  0.100000E+001  0.500000E+000  0.300000E+000  0.200000E+001  0.100000E+001  0.100000E+001  0.100000E+002
  0.231000E+003  0.300000E+002 -0.188796E+002 -0.243144E+002 -0.193723E-001  0.628936E-002  0.203677E-001  0.137342E-001 -0.431304E-002  0.143955E-001  0.220000E+002  0.200000E+001  0.100000E+001  0.500000E+000  0.300000E+000  0.200000E+001  0.100000E+001  0.100000E+001  0.100000E+002
  0.231500E+003  0.300000E+002 -0.186754E+002 -0.244782E+002 -0.213370E-001 -0.512551E-002  0.219440E-001  0.147523E-001  0.385600E-002  0.152479E-001  0.220000E+002  0.200000E+001  0.100000E+001  0.500000E+000  0.300000E+000  0.200000E+001  0.100000E+001  0.100000E+001  0.100000E+002
  0.232000E+003  0.300000E+002 -0.184698E+002 -0.246403E+002 -0.162897E-001 -0.165526E-001  0.232237E-001  0.110993E-001  0.114928E-001  0.159774E-001  0.220000E+002  0.200000E+001  0.100000E+001  0.500000E+000  0.300000E+000  0.200000E+001  0.100000E+001  0.100000E+001  0.100000E+002
  0.232500E+003  0.300000E+002 -0.182628E+002 -0.248006E+002 -0.638607E-002 -0.234040E-001  0.242597E-001  0.418795E-002  0.159804E-001  0.165200E-001  0.220000E+002  0.200000E+001  0.100000E+001  0.500000E+000  0.300000E+000  0.200000E+001  0.100000E+001  0.100000E+001  0.100000E+002
  0.233000E+003  0.300000E+002 -0.180545E+002 -0.249591E+002  0.560226E-002 -0.250731E-001  0.256913E-001 -0.397512E-002  0.166998E-001  0.171664E-001  0.220000E+002  0.200000E+001  0.100000E+001  0.500000E+000  0.300000E+000  0.200000E+001  0.100000E+001  0.100000E+001  0.100000E+002
  0.233500E+003  0.300000E+002 -0.178447E+002 -0.251157E+002  0.172205E-001 -0.201130E-001  0.264779E-001 -0.114463E-001  0.133025E-001  0.175491E-001  0.220000E+002  0.200000E+001  0.100000E+001  0.500000E+000  0.300000E+000  0.200000E+001  0.100000E+001  0.100000E+001  0.100000E+002
  0.234000E+003  0.300000E+002 -0.176336E+002 -0.252705E+002  0.250714E-001 -0.115432E-001  0.276010E-001 -0.164395E-001  0.729439E-002  0.179852E-001  0.220000E+002  0.200000E+001  0.100000E+001  0.500000E+000  0.300000E+000  0.200000E+001  0.100000E+001  0.100000E+001  0.100000E+002
  0.234500E+003  0.300000E+002 -0.174211E+002 -0.254235E+002  0.287329E-001  0.480927E-003  0.287369E-001 -0.184205E-001 -0.400080E-003  0.184249E-001  0.220000E+002  0.200000E+001  0.100000E+001  0.500000E+000  0.300000E+000  0.200000E+001  0.100000E+001  0.100000E+001  0.100000E+002
  0.235000E+003  0.300000E+002 -0.172073E+002 -0.255746E+002  0.267371E-001  0.123634E-001  0.294571E-001 -0.168882E-001 -0.792025E-002  0.186532E-001  0.220000E+002  0.200000E+001  0.100000E+001  0.500000E+000  0.300000E+000  0.200000E+001  0.100000E+001  0.100000E+001  0.100000E+002
  0.235500E+003  0.300000E+002 -0.169922E+002 -0.257238E+002  0.207359E-001  0.223367E-001  0.304779E-001 -0.127725E-001 -0.140818E-001  0.190114E-001  0.220000E+002  0.200000E+001  0.100000E+001  0.500000E+000  0.300000E+000  0.200000E+001  0.100000E+001  0.100000E+001  0.100000E+002
  0.236000E+003  0.300000E+002 -0.167758E+002 -0.258711E+002  0.107359E-001  0.299269E-001  0.317943E-001 -0.648513E-002 -0.182593E-001  0.193768E-001  0.220000E+002  0.200000E+001  0.100000E+001  0.500000E+000  0.300000E+000  0.200000E+001  0.100000E+001  0.100000E+001  0.100000E+002
  0.236500E+003  0.300000E+002 -0.165581E+002 -0.260166E+002 -0.807437E-003  0.321152E-001  0.321253E-001  0.617018E-003 -0.194639E-001  0.194737E-001  0.220000E+002  0.200000E+001  0.100000E+001  0.500000E+000  0.300000E+000  0.200000E+001  0.100000E+001  0.100000E+001  0.100000E+002
  0.237000E+003  0.300000E+002 -0.163392E+002 -0.261601E+002 -0.124655E-001  0.311493E-001  0.335509E-001  0.754080E-002 -0.183560E-001  0.198446E-001  0.220000E+002  0.200000E+001  0.100000E+001  0.500000E+000  0.300000E+000  0.200000E+001  0.100000E+001  0.100000E+001  0.100000E+002
  0.237500E+003  0.300000E+002 -0.161190E+002 -0.263017E+002 -0.234017E-001  0.255732E-001  0.346645E-001  0.137001E-001 -0.147733E-001  0.201480E-001  0.220000E+002  0.200000E+001  0.100000E+001  0.500000E+000  0.300000E+000  0.200000E+001  0.100000E+001  0.100000E+001  0.100000E+002
  0.238000E+003  0.300000E+002 -0.158976E+002 -0.264414E+002 -0.313336E-001  0.163211E-001  0.353295E-001  0.179766E-001 -0.932079E-002  0.202493E-001  0.220000E+002  0.200000E+001  0.100000E+001  0.500000E+000  0.300000E+000  0.200000E+001  0.100000E+001  0.100000E+001  0.100000E+002
  0.238500E+003  0.300000E+002 -0.156750E+002 -0.265792E+002 -0.357889E-001  0.604253E-002  0.362954E-001  0.202373E-001 -0.316501E-002  0.204833E-001  0.220000E+002  0.200000E+001  0.100000E+001  0.500000E+000  0.300000E+000  0.200000E+001  0.100000E+001  0.100000E+001  0.100000E+002
  0.239000E+003  0.300000E+002 -0.154511E+002 -0.267150E+002 -0.375593E-001 -0.629411E-002  0.380830E-001  0.205936E-001  0.359712E-002  0.209054E-001  0.220000E+002  0.200000E+001  0.100000E+001  0.500000E+000  0.300000E+000  0.200000E+001  0.100000E+001  0.100000E+001  0.100000E+002
  0.239500E+003  0.300000E+002 -0.152262E+002 -0.268489E+002 -0.341761E-001 -0.182799E-001  0.387577E-001  0.184967E-001  0.998982E-002  0.210220E-001  0.220000E+002  0.200000E+001  0.100000E+001  0.500000E+000  0.300000E+000  0.200000E+001  0.100000E+001  0.100000E+001  0.100000E+002
  0.240000E+003  0.300000E+002 -0.150000E+002 -0.269808E+002 -0.278118E-001 -0.282747E-001  0.396605E-001  0.147333E-001  0.151495E-001  0.211323E-001  0.220000E+002  0.200000E+001  0.100000E+001  0.500000E+000  0.300000E+000  0.200000E+001  0.100000E+001  0.100000E+001  0.100000E+002
  0.240500E+003  0.300000E+002 -0.147727E+002 -0.271107E+002 -0.192674E-001 -0.361613E-001  0.409740E-001  0.985859E-002  0.190350E-001  0.214365E-001  0.220000E+002  0.200000E+001  0.100000E+001  0.500000E+000  0.300000E+000  0.200000E+001  0.100000E+001  0.100000E+001  0.100000E+002
  0.241000E+003  0.300000E+002 -0.145443E+002 -0.272386E+002 -0.802892E-002 -0.422863E-001  0.430417E-001  0.387862E-002  0.215269E-001  0.218735E-001  0.220000E+002  0.200000E+001  0.100000E+001  0.500000E+000  0.300000E+000  0.200000E+001  0.100000E+001  0.100000E+001  0.100000E+002
  0.241500E+003  0.300000E+002 -0.143148E+002 -0.273645E+002  0.515592E-002 -0.435432E-001  0.438474E-001 -0.262743E-002  0.218183E-001  0.219759E-001  0.220000E+002  0.200000E+001  0.100000E+001  0.500000E+000  0.300000E+000  0.200000E+001  0.100000E+001  0.100000E+001  0.100000E+002
  0.242000E+003  0.300000E+002 -0.140841E+002 -0.274884E+002  0.170479E-001 -0.413251E-001  0.447034E-001 -0.854890E-002  0.202974E-001  0.220242E-001  0.220000E+002  0.200000E+001  0.100000E+001  0.500000E+000  0.300000E+000  0.200000E+001  0.100000E+001  0.100000E+001  0.100000E+002
  0.242500E+003  0.300000E+002 -0.138525E+002 -0.276103E+002  0.282847E-001 -0.364478E-001  0.461353E-001 -0.138025E-001  0.174677E-001  0.222628E-001  0.220000E+002  0.200000E+001  0.100000E+001  0.500000E+000  0.300000E+000  0.200000E+001  0.100000E+001  0.100000E+001  0.100000E+002
  0.243000E+003  0.300000E+002 -0.136197E+002 -0.277302E+002  0.384373E-001 -0.290396E-001  0.481739E-001 -0.182985E-001  0.134223E-001  0.226935E-001  0.220000E+002  0.200000E+001  0.100000E+001  0.500000E+000  0.300000E+000  0.200000E+001  0.100000E+001  0.100000E+001  0.100000E+002
  0.243500E+003  0.300000E+002 -0.133859E+002 -0.278480E+002  0.471941E-001 -0.179390E-001  0.504885E-001 -0.216750E-001  0.801815E-002  0.231105E-001  0.220000E+002  0.200000E+001  0.100000E+001  0.500000E+000  0.300000E+000  0.200000E+001  0.100000E+001  0.100000E+001  0.100000E+002
  0.244000E+003  0.300000E+002 -0.131511E+002 -0.279638E+002  0.513036E-001 -0.418278E-002  0.514738E-001 -0.231102E-001  0.181226E-002  0.231811E-001  0.220000E+002  0.200000E+001  0.100000E+001  0.500000E+000  0.300000E+000  0.200000E+001  0.100000E+001  0.100000E+001  0.100000E+002
  0.244500E+003  0.300000E+002 -0.129153E+002 -0.280776E+002  0.516265E-001  0.919613E-002  0.524392E-001 -0.227792E-001 -0.421370E-002  0.231656E-001  0.220000E+002  0.200000E+001  0.100000E+001  0.500000E+000  0.300000E+000  0.200000E+001  0.100000E+001  0.100000E+001  0.100000E+002
  0.245000E+003  0.300000E+002 -0.126785E+002 -0.281892E+002  0.489359E-001  0.223492E-001  0.537979E-001 -0.210803E-001 -0.980526E-002  0.232491E-001  0.220000E+002  0.200000E+001  0.100000E+001  0.500000E+000  0.300000E+000  0.200000E+001  0.100000E+001  0.100000E+001  0.100000E+002
  0.245500E+003  0.300000E+002 -0.124408E+002 -0.282988E+002  0.435617E-001  0.344397E-001  0.555312E-001 -0.182539E-001 -0.148052E-001  0.235032E-001  0.220000E+002  0.200000E+001  0.100000E+001  0.500000E+000  0.300000E+000  0.200000E+001  0.100000E+001  0.100000E+001  0.100000E+002
  0.246000E+003  0.300000E+002 -0.122021E+002 -0.284064E+002  0.357482E-001  0.464165E-001  0.585869E-001 -0.143259E-001 -0.192992E-001  0.240352E-001  0.220000E+002  0.200000E+001  0.100000E+001  0.500000E+000  0.300000E+000  0.200000E+001  0.100000E+001  0.100000E+001  0.100000E+002
  0.246500E+003  0.300000E+002 -0.119625E+002 -0.285118E+002  0.232810E-001  0.571645E-001  0.617235E-001 -0.896249E-002 -0.228617E-001  0.245557E-001  0.220000E+002  0.200000E+001  0.100000E+001  0.500000E+000  0.300000E+000  0.200000E+001  0.100000E+001  0.100000E+001  0.100000E+002
  0.247000E+003  0.300000E+002 -0.117219E+002 -0.286151E+002  0.713468E-002  0.635938E-001  0.639928E-001 -0.252375E-002 -0.246991E-001  0.248277E-001  0.220000E+002  0.200000E+001  0.100000E+001  0.500000E+000  0.300000E+000  0.200000E+001  0.100000E+001  0.100000E+001  0.100000E+002
  0.247500E+003  0.300000E+002 -0.114805E+002 -0.287164E+002 -0.108246E-001  0.651281E-001  0.660215E-001  0.429236E-002 -0.245156E-001  0.248885E-001  0.220000E+002  0.200000E+001  0.100000E+001  0.500000E+000  0.300000E+000  0.200000E+001  0.100000E+001  0.100000E+001  0.100000E+002
  0.248000E+003  0.300000E+002 -0.112382E+002 -0.288155E+002 -0.293658E-001  0.605815E-001  0.673236E-001  0.107914E-001 -0.221566E-001  0.246448E-001  0.220000E+002  0.200000E+001  0.100000E+001  0.500000E+000  0.300000E+000  0.200000E+001  0.100000E+001  0.100000E+001  0.100000E+002
  0.248500E+003  0.300000E+002 -0.109950E+002 -0.289125E+002 -0.450916E-001  0.497181E-001  0.671203E-001  0.160267E-001 -0.178592E-001  0.239960E-001  0.220000E+002  0.200000E+001  0.100000E+001  0.500000E+000  0.300000E+000  0.200000E+001  0.100000E+001  0.100000E+001  0.100000E+002
  0.249000E+003  0.300000E+002 -0.107510E+002 -0.290074E+002 -0.559279E-001  0.352411E-001  0.661050E-001  0.194421E-001 -0.124426E-001  0.230828E-001  0.220000E+002  0.200000E+001  0.100000E+001  0.500000E+000  0.300000E+000  0.200000E+001  0.100000E+001  0.100000E+001  0.100000E+002
  0.249500E+003  0.300000E+002 -0.105062E+002 -0.291002E+002 -0.621405E-001  0.189152E-001  0.649556E-001  0.210255E-001 -0.660437E-002  0.220383E-001  0.220000E+002  0.200000E+001  0.100000E+001  0.500000E+000  0.300000E+000  0.200000E+001  0.100000E+001  0.100000E+001  0.100000E+002
  0.250000E+003  0.300000E+002 -0.102606E+002 -0.291908E+002 -0.631099E-001  0.165954E-002  0.631317E-001  0.207928E-001 -0.871394E-003  0.208111E-001  0.220000E+002  0.200000E+001  0.100000E+001  0.500000E+000  0.300000E+000  0.200000E+001  0.100000E+001  0.100000E+001  0.100000E+002
  0.250500E+003  0.300000E+002 -0.100142E+002 -0.292792E+002 -0.585453E-001 -0.140688E-001  0.602120E-001  0.189358E-001  0.410177E-002  0.193749E-001  0.220000E+002  0.200000E+001  0.100000E+001  0.500000E+000  0.300000E+000  0.200000E+001  0.100000E+001  0.100000E+001  0.100000E+002
  0.251000E+003  0.300000E+002 -0.976704E+001 -0.293656E+002 -0.503783E-001 -0.262706E-001  0.568165E-001  0.160321E-001  0.786898E-002  0.178591E-001  0.220000E+002  0.200000E+001  0.100000E+001  0.500000E+000  0.300000E+000  0.200000E+001  0.100000E+001  0.100000E+001  0.100000E+002
  0.251500E+003  0.300000E+002 -0.951914E+001 -0.294497E+002 -0.405786E-001 -0.351217E-001  0.536671E-001  0.126483E-001  0.104278E-001  0.163927E-001  0.220000E+002  0.200000E+001  0.100000E+001  0.500000E+000  0.300000E+000  0.200000E+001  0.100000E+001  0.100000E+001  0.100000E+002
  0.252000E+003  0.300000E+002 -0.927051E+001 -0.295317E+002 -0.296099E-001 -0.410694E-001  0.506305E-001  0.908439E-002  0.118947E-001  0.149670E-001  0.220000E+002  0.200000E+001  0.100000E+001  0.500000E+000  0.300000E+000  0.200000E+001  0.100000E+001  0.100000E+001  0.100000E+002
  0.252500E+003  0.300000E+002 -0.902117E+001 -0.296115E+002 -0.179643E-001 -0.435808E-001  0.471381E-001  0.559567E-002  0.122985E-001  0.135117E-001  0.220000E+002  0.200000E+001  0.100000E+001  0.500000E+000  0.300000E+000  0.200000E+001  0.100000E+001  0.100000E+001  0.100000E+002
  0.253000E+003  0.300000E+002 -0.877115E+001 -0.296891E+002 -0.716815E-002 -0.424615E-001  0.430622E-001  0.252628E-002  0.117593E-001  0.120276E-001  0.220000E+002  0.200000E+001  0.100000E+001  0.500000E+000  0.300000E+000  0.200000E+001  0.100000E+001  0.100000E+001  0.100000E+002
  0.253500E+003  0.300000E+002 -0.852046E+001 -0.297646E+002  0.139231E-002 -0.388434E-001  0.388683E-001  0.126167E-003  0.105999E-001  0.106007E-001  0.220000E+002  0.200000E+001  0.100000E+001  0.500000E+000  0.300000E+000  0.200000E+001  0.100000E+001  0.100000E+001  0.100000E+002
  0.254000E+003  0.300000E+002 -0.826912E+001 -0.298379E+002  0.760787E-002 -0.342934E-001  0.351272E-001 -0.159983E-002  0.918122E-002  0.931956E-002  0.220000E+002  0.200000E+001  0.100000E+001  0.500000E+000  0.300000E+000  0.200000E+001  0.100000E+001  0.100000E+001  0.100000E+002
  0.254500E+003  0.300000E+002 -0.801715E+001 -0.299089E+002  0.122248E-001 -0.295982E-001  0.320234E-001 -0.279986E-002  0.771201E-002  0.820453E-002  0.220000E+002  0.200000E+001  0.100000E+001  0.500000E+000  0.300000E+000  0.200000E+001  0.100000E+001  0.100000E+001  0.100000E+002
  0.255000E+003  0.300000E+002 -0.776457E+001 -0.299778E+002  0.157797E-001 -0.246888E-001  0.293008E-001 -0.359875E-002  0.624728E-002  0.720969E-002  0.220000E+002  0.200000E+001  0.100000E+001  0.500000E+000  0.300000E+000  0.200000E+001  0.100000E+001  0.100000E+001  0.100000E+002
  0.255500E+003  0.300000E+002 -0.751140E+001 -0.300444E+002  0.181864E-001 -0.193753E-001  0.265734E-001 -0.403333E-002  0.480609E-002  0.627425E-002  0.220000E+002  0.200000E+001  0.100000E+001  0.500000E+000  0.300000E+000  0.200000E+001  0.100000E+001  0.100000E+001  0.100000E+002
  0.256000E+003  0.300000E+002 -0.725766E+001 -0.301089E+002  0.191006E-001 -0.138841E-001  0.236136E-001 -0.410700E-002  0.345229E-002  0.536523E-002  0.220000E+002  0.200000E+001  0.100000E+001  0.500000E+000  0.300000E+000  0.200000E+001  0.100000E+001  0.100000E+001  0.100000E+002
  0.256500E+003  0.300000E+002 -0.700336E+001 -0.301711E+002  0.184237E-001 -0.880745E-002  0.204207E-001 -0.386049E-002  0.228441E-002  0.448574E-002  0.220000E+002  0.200000E+001  0.100000E+001  0.500000E+000  0.300000E+000  0.200000E+001  0.100000E+001  0.100000E+001  0.100000E+002
  0.257000E+003  0.300000E+002 -0.674853E+001 -0.302311E+002  0.164779E-001 -0.473785E-002  0.171455E-001 -0.339019E-002  0.138227E-002  0.366115E-002  0.220000E+002  0.200000E+001  0.100000E+001  0.500000E+000  0.300000E+000  0.200000E+001  0.100000E+001  0.100000E+001  0.100000E+002
  0.257500E+003  0.300000E+002 -0.649319E+001 -0.302889E+002  0.138504E-001 -0.197976E-002  0.139912E-001 -0.281853E-002  0.770000E-003  0.292182E-002  0.220000E+002  0.200000E+001  0.100000E+001  0.500000E+000  0.300000E+000  0.200000E+001  0.100000E+001  0.100000E+001  0.100000E+002
  0.258000E+003  0.300000E+002 -0.623735E+001 -0.303444E+002  0.111354E-001 -0.491984E-003  0.111463E-001 -0.225381E-002  0.415488E-003  0.229179E-002  0.220000E+002  0.200000E+001  0.100000E+001  0.500000E+000  0.300000E+000  0.200000E+001  0.100000E+001  0.100000E+001  0.100000E+002
  0.258500E+003  0.300000E+002 -0.598104E+001 -0.303977E+002  0.875619E-002  0.140599E-005  0.875619E-002 -0.176609E-002  0.253608E-003  0.178420E-002  0.220000E+002  0.200000E+001  0.100000E+001  0.500000E+000  0.300000E+000  0.200000E+001  0.100000E+001  0.100000E+001  0.100000E+002
  0.259000E+003  0.300000E+002 -0.572427E+001 -0.304488E+002  0.691631E-002 -0.143316E-003  0.691780E-002 -0.138441E-002  0.212844E-003  0.140068E-002  0.220000E+002  0.200000E+001  0.100000E+001  0.500000E+000  0.300000E+000  0.200000E+001  0.100000E+001  0.100000E+001  0.100000E+002
  0.259500E+003  0.300000E+002 -0.546707E+001 -0.304976E+002  0.564098E-002 -0.604303E-003  0.567326E-002 -0.110727E-002  0.233179E-003  0.113156E-002  0.220000E+002  0.200000E+001  0.100000E+001  0.500000E+000  0.300000E+000  0.200000E+001  0.100000E+001  0.100000E+001  0.100000E+002
  0.260000E+003  0.300000E+002 -0.520945E+001 -0.305442E+002  0.484910E-002 -0.114721E-002  0.498296E-002 -0.916519E-003  0.273041E-003  0.956326E-003  0.220000E+002  0.200000E+001  0.100000E+001  0.500000E+000  0.300000E+000  0.200000E+001  0.100000E+001  0.100000E+001  0.100000E+002
  0.260500E+003  0.300000E+002 -0.495143E+001 -0.305886E+002  0.441773E-002 -0.163081E-002  0.470913E-002 -0.788704E-003  0.308500E-003  0.846892E-003  0.220000E+002  0.200000E+001  0.100000E+001  0.500000E+000  0.300000E+000  0.200000E+001  0.100000E+001  0.100000E+001  0.100000E+002
  0.261000E+003  0.300000E+002 -0.469303E+001 -0.306307E+002  0.422412E-002 -0.198834E-002  0.466869E-002 -0.701977E-003  0.328933E-003  0.775222E-003  0.220000E+002  0.200000E+001  0.100000E+001  0.500000E+000  0.300000E+000  0.200000E+001  0.100000E+001  0.100000E+001  0.100000E+002
  0.261500E+003  0.300000E+002 -0.443428E+001 -0.306705E+002  0.416607E-002 -0.220268E-002  0.471253E-002 -0.639130E-003  0.332146E-003  0.720283E-003  0.220000E+002  0.200000E+001  0.100000E+001  0.500000E+000  0.300000E+000  0.200000E+001  0.100000E+001  0.100000E+001  0.100000E+002
  0.262000E+003  0.300000E+002 -0.417519E+001 -0.307080E+002  0.416779E-002 -0.228486E-002  0.475301E-002 -0.588134E-003  0.320406E-003  0.669748E-003  0.220000E+002  0.200000E+001  0.100000E+001  0.500000E+000  0.300000E+000  0.200000E+001  0.100000E+001  0.100000E+001  0.100000E+002
  0.262500E+003  0.300000E+002 -0.391579E+001 -0.307433E+002  0.417795E-002 -0.225875E-002  0.474944E-002 -0.541462E-003  0.297759E-003  0.617933E-003  0.220000E+002  0.200000E+001  0.100000E+001  0.500000E+000  0.300000E+000  0.200000E+001  0.100000E+001  0.100000E+001  0.100000E+002
  0.263000E+003  0.300000E+002 -0.365608E+001 -0.307764E+002  0.416468E-002 -0.215166E-002  0.468766E-002 -0.494999E-003  0.268466E-003  0.563114E-003  0.220000E+002  0.200000E+001  0.100000E+001  0.500000E+000  0.300000E+000  0.200000E+001  0.100000E+001  0.100000E+001  0.100000E+002
  0.263500E+003  0.300000E+002 -0.339610E+001 -0.308072E+002  0.411030E-002 -0.198939E-002  0.456642E-002 -0.446979E-003  0.236229E-003  0.505563E-003  0.220000E+002  0.200000E+001  0.100000E+001  0.500000E+000  0.300000E+000  0.200000E+001  0.100000E+001  0.100000E+001  0.100000E+002
  0.264000E+003  0.300000E+002 -0.313585E+001 -0.308357E+002  0.400682E-002 -0.179393E-002  0.439007E-002 -0.397132E-003  0.203907E-003  0.446421E-003  0.220000E+002  0.200000E+001  0.100000E+001  0.500000E+000  0.300000E+000  0.200000E+001  0.100000E+001  0.100000E+001  0.100000E+002
  0.264500E+003  0.300000E+002 -0.287537E+001 -0.308619E+002  0.385246E-002 -0.158284E-002  0.416495E-002 -0.346049E-003  0.173494E-003  0.387104E-003  0.220000E+002  0.200000E+001  0.100000E+001  0.500000E+000  0.300000E+000  0.200000E+001  0.100000E+001  0.100000E+001  0.100000E+002
  0.265000E+003  0.300000E+002 -0.261467E+001 -0.308858E+002  0.364923E-002 -0.136936E-002  0.389770E-002 -0.294761E-003  0.146225E-003  0.329038E-003  0.220000E+002  0.200000E+001  0.100000E+001  0.500000E+000  0.300000E+000  0.200000E+001  0.100000E+001  0.100000E+001  0.100000E+002
  0.265500E+003  0.300000E+002 -0.235377E+001 -0.309075E+002  0.340126E-002 -0.116296E-002  0.359458E-002 -0.244461E-003  0.122730E-003  0.273539E-003  0.220000E+002  0.200000E+001  0.100000E+001  0.500000E+000  0.300000E+000  0.200000E+001  0.100000E+001  0.100000E+001  0.100000E+002
  0.266000E+003  0.300000E+002 -0.209269E+001 -0.309269E+002  0.311370E-002 -0.969908E-003  0.326126E-002 -0.196338E-003  0.103179E-003  0.221798E-003  0.220000E+002  0.200000E+001  0.100000E+001  0.500000E+000  0.300000E+000  0.200000E+001  0.100000E+001  0.100000E+001  0.100000E+002
  0.266500E+003  0.300000E+002 -0.183146E+001 -0.309440E+002  0.279206E-002 -0.793838E-003  0.290272E-002 -0.151486E-003  0.874277E-004  0.174905E-003  0.220000E+002  0.200000E+001  0.100000E+001  0.500000E+000  0.300000E+000  0.200000E+001  0.100000E+001  0.100000E+001  0.100000E+002
  0.267000E+003  0.300000E+002 -0.157008E+001 -0.309589E+002  0.244179E-002 -0.636289E-003  0.252333E-002 -0.110859E-003  0.751322E-004  0.133920E-003  0.220000E+002  0.200000E+001  0.100000E+001  0.500000E+000  0.300000E+000  0.200000E+001  0.100000E+001  0.100000E+001  0.100000E+002
  0.267500E+003  0.300000E+002 -0.130858E+001 -0.309714E+002  0.206804E-002 -0.497151E-003  0.212696E-002 -0.752562E-004  0.658402E-004  0.999921E-004  0.220000E+002  0.200000E+001  0.100000E+001  0.500000E+000  0.300000E+000  0.200000E+001  0.100000E+001  0.100000E+001  0.100000E+002
  0.268000E+003  0.300000E+002 -0.104698E+001 -0.309817E+002  0.167556E-002 -0.375035E-003  0.171702E-002 -0.453217E-004  0.590661E-004  0.744504E-004  0.220000E+002  0.200000E+001  0.100000E+001  0.500000E+000  0.300000E+000  0.200000E+001  0.100000E+001  0.100000E+001  0.100000E+002
  0.268500E+003  0.300000E+002 -0.785308E+000 -0.309897E+002  0.126869E-002 -0.267581E-003  0.129660E-002 -0.215565E-004  0.543466E-004  0.584657E-004  0.220000E+002  0.200000E+001  0.100000E+001  0.500000E+000  0.300000E+000  0.200000E+001  0.100000E+001  0.100000E+001  0.100000E+002
  0.269000E+003  0.300000E+002 -0.523572E+000 -0.309954E+002  0.851407E-003 -0.171706E-003  0.868549E-003 -0.433058E-005  0.512834E-004  0.514659E-004  0.220000E+002  0.200000E+001  0.100000E+001  0.500000E+000  0.300000E+000  0.200000E+001  0.100000E+001  0.100000E+001  0.100000E+002
  0.269500E+003  0.300000E+002 -0.261796E+000 -0.309989E+002  0.427365E-003 -0.838170E-004  0.435507E-003  0.610291E-005  0.495723E-004  0.499466E-004  0.220000E+002  0.200000E+001  0.100000E+001  0.500000E+000  0.300000E+000  0.200000E+001  0.100000E+001  0.100000E+001  0.100000E+002
  0.270000E+003  0.300000E+002  0.000000E+000 -0.310000E+002  0.000000E+000  0.000000E+000  0.000000E+000  0.959681E-005  0.490235E-004  0.499540E-004  0.220000E+002  0.200000E+001  0.100000E+001  0.500000E+000  0.300000E+000  0.200000E+001  0.100000E+001  0.100000E+001  0.100000E+002
  0.270500E+003  0.300000E+002  0.261796E+000 -0.309989E+002 -0.427365E-003  0.838170E-004  0.435507E-003  0.610291E-005  0.495723E-004  0.499466E-004  0.220000E+002  0.200000E+001  0.100000E+001  0.500000E+000  0.300000E+000  0.200000E+001  0.100000E+001  0.100000E+001  0.100000E+002
  0.271000E+003  0.300000E+002  0.523572E+000 -0.309954E+002 -0.851407E-003  0.171706E-003  0.868549E-003 -0.433058E-005  0.512834E-004  0.514659E-004  0.220000E+002  0.200000E+001  0.100000E+001  0.500000E+000  0.300000E+000  0.200000E+001  0.100000E+001  0.100000E+001  0.100000E+002
  0.271500E+003  0.300000E+002  0.785308E+000 -0.309897E+002 -0.126869E-002  0.267581E-003  0.129660E-002 -0.215565E-004  0.543466E-004  0.584657E-004  0.220000E+002  0.200000E+001  0.100000E+001  0.500000E+000  0.300000E+000  0.200000E+001  0.100000E+001  0.100000E+001  0.100000E+002
  0.272000E+003  0.300000E+002  0.104698E+001 -0.309817E+002 -0.167556E-002  0.375035E-003  0.171702E-002 -0.453217E-004  0.590661E-004  0.744504E-004  0.220000E+002  0.200000E+001  0.100000E+001  0.500000E+000  0.300000E+000  0.200000E+001  0.100000E+001  0.100000E+001  0.100000E+002
  0.272500E+003  0.300000E+002  0.130858E+001 -0.309714E+002 -0.206804E-002  0.497151E-003  0.212696E-002 -0.752562E-004  0.658402E-004  0.999921E-004  0.220000E+002  0.200000E+001  0.100000E+001  0.500000E+000  0.300000E+000  0.200000E+001  0.100000E+001  0.100000E+001  0.100000E+002
  0.273000E+003  0.300000E+002  0.157008E+001 -0.309589E+002 -0.244179E-002  0.636289E-003  0.252333E-002 -0.110859E-003  0.751322E-004  0.133920E-003  0.220000E+002  0.200000E+001  0.100000E+001  0.500000E+000  0.300000E+000  0.200000E+001  0.100000E+001  0.100000E+001  0.100000E+002
  0.273500E+003  0.300000E+002  0.183146E+001 -0.309440E+002 -0.279206E-002  0.793838E-003  0.290272E-002 -0.151486E-003  0.874277E-004  0.174905E-003  0.220000E+002  0.200000E+001  0.100000E+001  0.500000E+000  0.300000E+000  0.200000E+001  0.100000E+001  0.100000E+001  0.100000E+002
  0.274000E+003  0.300000E+002  0.209269E+001 -0.309269E+002 -0.311370E-002  0.969908E-003  0.326126E-002 -0.196338E-003  0.103179E-003  0.221798E-003  0.220000E+002  0.200000E+001  0.100000E+001  0.500000E+000  0.300000E+000  0.200000E+001  0.100000E+001  0.100000E+001  0.100000E+002
  0.274500E+003  0.300000E+002  0.235377E+001 -0.309075E+002 -0.340126E-002  0.116296E-002  0.359458E-002 -0.244461E-003  0.122730E-003  0.273539E-003  0.220000E+002  0.200000E+001  0.100000E+001  0.500000E+000  0.300000E+000  0.200000E+001  0.100000E+001  0.100000E+001  0.100000E+002
  0.275000E+003  0.300000E+002  0.261467E+001 -0.308858E+002 -0.364923E-002  0.136936E-002  0.389770E-002 -0.294761E-003  0.146225E-003  0.329038E-003  0.220000E+002  0.200000E+001  0.100000E+001  0.500000E+000  0.300000E+000  0.200000E+001  0.100000E+001  0.100000E+001  0.100000E+002
  0.275500E+003  0.300000E+002  0.287537E+001 -0.308619E+002 -0.385246E-002  0.158284E-002  0.416495E-002 -0.346049E-003  0.173494E-003  0.387104E-003  0.220000E+002  0.200000E+001  0.100000E+001  0.500000E+000  0.300000E+000  0.200000E+001  0.100000E+001  0.100000E+001  0.100000E+002
  0.276000E+003  0.300000E+002  0.313585E+001 -0.308357E+002 -0.400682E-002  0.179393E-002  0.439007E-002 -0.397132E-003  0.203907E-003  0.446421E-003  0.220000E+002  0.200000E+001  0.100000E+001  0.500000E+000  0.300000E+000  0.200000E+001  0.100000E+001  0.100000E+001  0.100000E+002
  0.276500E+003  0.300000E+002  0.339610E+001 -0.308072E+002 -0.411030E-002  0.198939E-002  0.456642E-002 -0.446979E-003  0.236229E-003  0.505563E-003  0.220000E+002  0.200000E+001  0.100000E+001  0.500000E+000  0.300000E+000  0.200000E+001  0.100000E+001  0.100000E+001  0.100000E+002
  0.277000E+003  0.300000E+002  0.365608E+001 -0.307764E+002 -0.416468E-002  0.215166E-002  0.468766E-002 -0.494999E-003  0.268466E-003  0.563114E-003  0.220000E+002  0.200000E+001  0.100000E+001  0.500000E+000  0.300000E+000  0.200000E+001  0.100000E+001  0.100000E+001  0.100000E+002
  0.277500E+003  0.300000E+002  0.391579E+001 -0.307433E+002 -0.417795E-002  0.225875E-002  0.474944E-002 -0.541462E-003  0.297759E-003  0.617933E-003  0.220000E+002  0.200000E+001  0.100000E+001  0.500000E+000  0.300000E+000  0.200000E+001  0.100000E+001  0.100000E+001  0.100000E+002
  0.278000E+003  0.300000E+002  0.417519E+001 -0.307080E+002 -0.416779E-002  0.228486E-002  0.475301E-002 -0.588134E-003  0.320406E-003  0.669748E-003  0.220000E+002  0.200000E+001  0.100000E+001  0.500000E+000  0.300000E+000  0.200000E+001  0.100000E+001  0.100000E+001  0.100000E+002
  0.278500E+003  0.300000E+002  0.443428E+001 -0.306705E+002 -0.416607E-002  0.220268E-002  0.471253E-002 -0.639130E-003  0.332146E-003  0.720283E-003  0.220000E+002  0.200000E+001  0.100000E+001  0.500000E+000  0.300000E+000  0.200000E+001  0.100000E+001  0.100000E+001  0.100000E+002
  0.279000E+003  0.300000E+002  0.469303E+001 -0.306307E+002 -0.422412E-002  0.198834E-002  0.466869E-002 -0.701977E-003  0.328933E-003  0.775222E-003  0.220000E+002  0.200000E+001  0.100000E+001  0.500000E+000  0.300000E+000  0.200000E+001  0.100000E+001  0.100000E+001  0.100000E+002
  0.279500E+003  0.300000E+002  0.495143E+001 -0.305886E+002 -0.441773E-002  0.163081E-002  0.470913E-002 -0.788704E-003  0.308500E-003  0.846892E-003  0.220000E+002  0.200000E+001  0.100000E+001  0.500000E+000  0.300000E+000  0.200000E+001  0.100000E+001  0.100000E+001  0.100000E+002
  0.280000E+003  0.300000E+002  0.520945E+001 -0.305442E+002 -0.484910E-002  0.114721E-002  0.498296E-002 -0.916519E-003  0.273041E-003  0.956326E-003  0.220000E+002  0.200000E+001  0.100000E+001  0.500000E+000  0.300000E+000  0.200000E+001  0.100000E+001  0.100000E+001  0.100000E+002
  0.280500E+003  0.300000E+002  0.546707E+001 -0.304976E+002 -0.564098E-002  0.604303E-003  0.567326E-002 -0.110727E-002  0.233179E-003  0.113156E-002  0.220000E+002  0.200000E+001  0.100000E+001  0.500000E+000  0.300000E+000  0.200000E+001  0.100000E+001  0.100000E+001  0.100000E+002
  0.281000E+003  0.300000E+002  0.572427E+001 -0.304488E+002 -0.691631E-002  0.143316E-003  0.691780E-002 -0.138441E-002  0.212844E-003  0.140068E-002  0.220000E+002  0.200000E+001  0.100000E+001  0.500000E+000  0.300000E+000  0.200000E+001  0.100000E+001  0.100000E+001  0.100000E+002
  0.281500E+003  0.300000E+002  0.598104E+001 -0.303977E+002 -0.875619E-002 -0.140599E-005  0.875619E-002 -0.176609E-002  0.253608E-003  0.178420E-002  0.220000E+002  0.200000E+001  0.100000E+001  0.500000E+000  0.300000E+000  0.200000E+001  0.100000E+001  0.100000E+001  0.100000E+002
  0.282000E+003  0.300000E+002  0.623735E+001 -0.303444E+002 -0.111354E-001  0.491984E-003  0.111463E-001 -0.225381E-002  0.415488E-003  0.229179E-002  0.220000E+002  0.200000E+001  0.100000E+001  0.500000E+000  0.300000E+000  0.200000E+001  0.100000E+001  0.100000E+001  0.100000E+002
  0.282500E+003  0.300000E+002  0.649319E+001 -0.302889E+002 -0.138504E-001  0.197976E-002  0.139912E-001 -0.281853E-002  0.770000E-003  0.292182E-002  0.220000E+002  0.200000E+001  0.100000E+001  0.500000E+000  0.300000E+000  0.200000E+001  0.100000E+001  0.100000E+001  0.100000E+002
  0.283000E+003  0.300000E+002  0.674853E+001 -0.302311E+002 -0.164779E-001  0.473785E-002  0.171455E-001 -0.339019E-002  0.138227E-002  0.366115E-002  0.220000E+002  0.200000E+001  0.100000E+001  0.500000E+000  0.300000E+000  0.200000E+001  0.100000E+001  0.100000E+001  0.100000E+002
  0.283500E+003  0.300000E+002  0.700336E+001 -0.301711E+002 -0.184237E-001  0.880745E-002  0.204207E-001 -0.386049E-002  0.228441E-002  0.448574E-002  0.220000E+002  0.200000E+001  0.100000E+001  0.500000E+000  0.300000E+000  0.200000E+001  0.100000E+001  0.100000E+001  0.100000E+002
  0.284000E+003  0.300000E+002  0.725766E+001 -0.301089E+002 -0.191006E-001  0.138841E-001  0.236136E-001 -0.410700E-002  0.345229E-002  0.536523E-002  0.220000E+002  0.200000E+001  0.100000E+001  0.500000E+000  0.300000E+000  0.200000E+001  0.100000E+001  0.100000E+001  0.100000E+002
  0.284500E+003  0.300000E+002  0.751140E+001 -0.300444E+002 -0.181864E-001  0.193753E-001  0.265734E-001 -0.403333E-002  0.480609E-002  0.627425E-002  0.220000E+002  0.200000E+001  0.100000E+001  0.500000E+000  0.300000E+000  0.200000E+001  0.100000E+001  0.100000E+001  0.100000E+002
  0.285000E+003  0.300000E+002  0.776457E+001 -0.299778E+002 -0.157797E-001  0.246888E-001  0.293008E-001 -0.359875E-002  0.624728E-002  0.720969E-002  0.220000E+002  0.200000E+001  0.100000E+001  0.500000E+000  0.300000E+000  0.200000E+001  0.100000E+001  0.100000E+001  0.100000E+002
  0.285500E+003  0.300000E+002  0.801715E+001 -0.299089E+002 -0.122248E-001  0.295982E-001  0.320234E-001 -0.279986E-002  0.771201E-002  0.820453E-002  0.220000E+002  0.200000E+001  0.100000E+001  0.500000E+000  0.300000E+000  0.200000E+001  0.100000E+001  0.100000E+001  0.100000E+002
  0.286000E+003  0.300000E+002  0.826912E+001 -0.298379E+002 -0.760787E-002  0.342934E-001  0.351272E-001 -0.159983E-002  0.918122E-002  0.931956E-002  0.220000E+002  0.200000E+001  0.100000E+001  0.500000E+000  0.300000E+000  0.200000E+001  0.100000E+001  0.100000E+001  0.100000E+002
  0.286500E+003  0.300000E+002  0.852046E+001 -0.297646E+002 -0.139231E-002  0.388434E-001  0.388683E-001  0.126167E-003  0.105999E-001  0.106007E-001  0.220000E+002  0.200000E+001  0.100000E+001  0.500000E+000  0.300000E+000  0.200000E+001  0.100000E+001  0.100000E+001  0.100000E+002
  0.287000E+003  0.300000E+002  0.877115E+001 -0.296891E+002  0.716815E-002  0.424615E-001  0.430622E-001  0.252628E-002  0.117593E-001  0.120276E-001  0.220000E+002  0.200000E+001  0.100000E+001  0.500000E+000  0.300000E+000  0.200000E+001  0.100000E+001  0.100000E+001  0.100000E+002
  0.287500E+003  0.300000E+002  0.902117E+001 -0.296115E+002  0.179643E-001  0.435808E-001  0.471381E-001  0.559567E-002  0.122985E-001  0.135117E-001  0.220000E+002  0.200000E+001  0.100000E+001  0.500000E+000  0.300000E+000  0.200000E+001  0.100000E+001  0.100000E+001  0.100000E+002
  0.288000E+003  0.300000E+002  0.927051E+001 -0.295317E+002  0.296099E-001  0.410694E-001  0.506305E-001  0.908439E-002  0.118947E-001  0.149670E-001  0.220000E+002  0.200000E+001  0.100000E+001  0.500000E+000  0.300000E+000  0.200000E+001  0.100000E+001  0.100000E+001  0.100000E+002
  0.288500E+003  0.300000E+002  0.951914E+001 -0.294497E+002  0.405786E-001  0.351217E-001  0.536671E-001  0.126483E-001  0.104278E-001  0.163927E-001  0.220000E+002  0.200000E+001  0.100000E+001  0.500000E+000  0.300000E+000  0.200000E+001  0.100000E+001  0.100000E+001  0.100000E+002
  0.289000E+003  0.300000E+002  0.976704E+001 -0.293656E+002  0.503783E-001  0.262706E-001  0.568165E-001  0.160321E-001  0.786898E-002  0.178591E-001  0.220000E+002  0.200000E+001  0.100000E+001  0.500000E+000  0.300000E+000  0.200000E+001  0.100000E+001  0.100000E+001  0.100000E+002
  0.289500E+003  0.300000E+002  0.100142E+002 -0.292792E+002  0.585453E-001  0.140688E-001  0.602120E-001  0.189358E-001  0.410177E-002  0.193749E-001  0.220000E+002  0.200000E+001  0.100000E+001  0.500000E+000  0.300000E+000  0.200000E+001  0.100000E+001  0.100000E+001  0.100000E+002
  0.290000E+003  0.300000E+002  0.102606E+002 -0.291908E+002  0.631099E-001 -0.165954E-002  0.631317E-001  0.207928E-001 -0.871394E-003  0.208111E-001  0.220000E+002  0.200000E+001  0.100000E+001  0.500000E+000  0.300000E+000  0.200000E+001  0.100000E+001  0.100000E+001  0.100000E+002
  0.290500E+003  0.300000E+002  0.105062E+002 -0.291002E+002  0.621405E-001 -0.189152E-001  0.649556E-001  0.210255E-001 -0.660437E-002  0.220383E-001  0.220000E+002  0.200000E+001  0.100000E+001  0.500000E+000  0.300000E+000  0.200000E+001  0.100000E+001  0.100000E+001  0.100000E+002
  0.291000E+003  0.300000E+002  0.107510E+002 -0.290074E+002  0.559279E-001 -0.352411E-001  0.661050E-001  0.194421E-001 -0.124426E-001  0.230828E-001  0.220000E+002  0.200000E+001  0.100000E+001  0.500000E+000  0.300000E+000  0.200000E+001  0.100000E+001  0.100000E+001  0.100000E+002
  0.291500E+003  0.300000E+002  0.109950E+002 -0.289125E+002  0.450916E-001 -0.497181E-001  0.671203E-001  0.160267E-001 -0.178592E-001  0.239960E-001  0.220000E+002  0.200000E+001  0.100000E+001  0.500000E+000  0.300000E+000  0.200000E+001  0.100000E+001  0.100000E+001  0.100000E+002
  0.292000E+003  0.300000E+002  0.112382E+002 -0.288155E+002  0.293658E-001 -0.605815E-001  0.673236E-001  0.107914E-001 -0.221566E-001  0.246448E-001  0.220000E+002  0.200000E+001  0.100000E+001  0.500000E+000  0.300000E+000  0.200000E+001  0.100000E+001  0.100000E+001  0.100000E+002
  0.292500E+003  0.300000E+002  0.114805E+002 -0.287164E+002  0.108246E-001 -0.651281E-001  0.660215E-001  0.429236E-002 -0.245156E-001  0.248885E-001  0.220000E+002  0.200000E+001  0.100000E+001  0.500000E+000  0.300000E+000  0.200000E+001  0.100000E+001  0.100000E+001  0.100000E+002
  0.293000E+003  0.300000E+002  0.117219E+002 -0.286151E+002 -0.713468E-002 -0.635938E-001  0.639928E-001 -0.252375E-002 -0.246991E-001  0.248277E-001  0.220000E+002  0.200000E+001  0.100000E+001  0.500000E+000  0.300000E+000  0.200000E+001  0.100000E+001  0.100000E+001  0.100000E+002
  0.293500E+003  0.300000E+002  0.119625E+002 -0.285118E+002 -0.232810E-001 -0.571645E-001  0.617235E-001 -0.896249E-002 -0.228617E-001  0.245557E-001  0.220000E+002  0.200000E+001  0.100000E+001  0.500000E+000  0.300000E+000  0.200000E+001  0.100000E+001  0.100000E+001  0.100000E+002
  0.294000E+003  0.300000E+002  0.122021E+002 -0.284064E+002 -0.357482E-001 -0.464165E-001  0.585869E-001 -0.143259E-001 -0.192992E-001  0.240352E-001  0.220000E+002  0.200000E+001  0.100000E+001  0.500000E+000  0.300000E+000  0.200000E+001  0.100000E+001  0.100000E+001  0.100000E+002
  0.294500E+003  0.300000E+002  0.124408E+002 -0.282988E+002 -0.435617E-001 -0.344397E-001  0.555312E-001 -0.182539E-001 -0.148052E-001  0.235032E-001  0.220000E+002  0.200000E+001  0.100000E+001  0.500000E+000  0.300000E+000  0.200000E+001  0.100000E+001  0.100000E+001  0.100000E+002
  0.295000E+003  0.300000E+002  0.126785E+002 -0.281892E+002 -0.489359E-001 -0.223492E-001  0.537979E-001 -0.210803E-001 -0.980526E-002  0.232491E-001  0.220000E+002  0.200000E+001  0.100000E+001  0.500000E+000  0.300000E+000  0.200000E+001  0.100000E+001  0.100000E+001  0.100000E+002
  0.295500E+003  0.300000E+002  0.129153E+002 -0.280776E+002 -0.516265E-001 -0.919613E-002  0.524392E-001 -0.227792E-001 -0.421370E-002  0.231656E-001  0.220000E+002  0.200000E+001  0.100000E+001  0.500000E+000  0.300000E+000  0.200000E+001  0.100000E+001  0.100000E+001  0.100000E+002
  0.296000E+003  0.300000E+002  0.131511E+002 -0.279638E+002 -0.513036E-001  0.418278E-002  0.514738E-001 -0.231102E-001  0.181226E-002  0.231811E-001  0.220000E+002  0.200000E+001  0.100000E+001  0.500000E+000  0.300000E+000  0.200000E+001  0.100000E+001  0.100000E+001  0.100000E+002
  0.296500E+003  0.300000E+002  0.133859E+002 -0.278480E+002 -0.471941E-001  0.179390E-001  0.504885E-001 -0.216750E-001  0.801815E-002  0.231105E-001  0.220000E+002  0.200000E+001  0.100000E+001  0.500000E+000  0.300000E+000  0.200000E+001  0.100000E+001  0.100000E+001  0.100000E+002
  0.297000E+003  0.300000E+002  0.136197E+002 -0.277302E+002 -0.384373E-001  0.290396E-001  0.481739E-001 -0.182985E-001  0.134223E-001  0.226935E-001  0.220000E+002  0.200000E+001  0.100000E+001  0.500000E+000  0.300000E+000  0.200000E+001  0.100000E+001  0.100000E+001  0.100000E+002
  0.297500E+003  0.300000E+002  0.138525E+002 -0.276103E+002 -0.282847E-001  0.364478E-001  0.461353E-001 -0.138025E-001  0.174677E-001  0.222628E-001  0.220000E+002  0.200000E+001  0.100000E+001  0.500000E+000  0.300000E+000  0.200000E+001  0.100000E+001  0.100000E+001  0.100000E+002
  0.298000E+003  0.300000E+002  0.140841E+002 -0.274884E+002 -0.170479E-001  0.413251E-001  0.447034E-001 -0.854890E-002  0.202974E-001  0.220242E-001  0.220000E+002  0.200000E+001  0.100000E+001  0.500000E+000  0.300000E+000  0.200000E+001  0.100000E+001  0.100000E+001  0.100000E+002
  0.298500E+003  0.300000E+002  0.143148E+002 -0.273645E+002 -0.515592E-002  0.435432E-001  0.438474E-001 -0.262743E-002  0.218183E-001  0.219759E-001  0.220000E+002  0.200000E+001  0.100000E+001  0.500000E+000  0.300000E+000  0.200000E+001  0.100000E+001  0.100000E+001  0.100000E+002
  0.299000E+003  0.300000E+002  0.145443E+002 -0.272386E+002  0.802892E-002  0.422863E-001  0.430417E-001  0.387862E-002  0.215269E-001  0.218735E-001  0.220000E+002  0.200000E+001  0.100000E+001  0.500000E+000  0.300000E+000  0.200000E+001  0.100000E+001  0.100000E+001  0.100000E+002
  0.299500E+003  0.300000E+002  0.147727E+002 -0.271107E+002  0.192674E-001  0.361613E-001  0.409740E-001  0.985859E-002  0.190350E-001  0.214365E-001  0.220000E+002  0.200000E+001  0.100000E+001  0.500000E+000  0.300000E+000  0.200000E+001  0.100000E+001  0.100000E+001  0.100000E+002
  0.300000E+003  0.300000E+002  0.150000E+002 -0.269808E+002  0.278118E-001  0.282747E-001  0.396605E-001  0.147333E-001  0.151495E-001  0.211323E-001  0.220000E+002  0.200000E+001  0.100000E+001  0.500000E+000  0.300000E+000  0.200000E+001  0.100000E+001  0.100000E+001  0.100000E+002
  0.300500E+003  0.300000E+002  0.152262E+002 -0.268489E+002  0.341761E-001  0.182799E-001  0.387577E-001  0.184967E-001  0.998982E-002  0.210220E-001  0.220000E+002  0.200000E+001  0.100000E+001  0.500000E+000  0.300000E+000  0.200000E+001  0.100000E+001  0.100000E+001  0.100000E+002
  0.301000E+003  0.300000E+002  0.154511E+002 -0.267150E+002  0.375593E-001  0.629411E-002  0.380830E-001  0.205936E-001  0.359712E-002  0.209054E-001  0.220000E+002  0.200000E+001  0.100000E+001  0.500000E+000  0.300000E+000  0.200000E+001  0.100000E+001  0.100000E+001  0.100000E+002
  0.301500E+003  0.300000E+002  0.156750E+002 -0.265792E+002  0.357889E-001 -0.604253E-002  0.362954E-001  0.202373E-001 -0.316501E-002  0.204833E-001  0.220000E+002  0.200000E+001  0.100000E+001  0.500000E+000  0.300000E+000  0.200000E+001  0.100000E+001  0.100000E+001  0.100000E+002
  0.302000E+003  0.300000E+002  0.158976E+002 -0.264414E+002  0.313336E-001 -0.163211E-001  0.353295E-001  0.179766E-001 -0.932079E-002  0.202493E-001  0.220000E+002  0.200000E+001  0.100000E+001  0.500000E+000  0.300000E+000  0.200000E+001  0.100000E+001  0.100000E+001  0.100000E+002
  0.302500E+003  0.300000E+002  0.161190E+002 -0.263017E+002  0.234017E-001 -0.255732E-001  0.346645E-001  0.137001E-001 -0.147733E-001  0.201480E-001  0.220000E+002  0.200000E+001  0.100000E+001  0.500000E+000  0.300000E+000  0.200000E+001  0.100000E+001  0.100000E+001  0.100000E+002
  0.303000E+003  0.300000E+002  0.163392E+002 -0.261601E+002  0.124655E-001 -0.311493E-001  0.335509E-001  0.754080E-002 -0.183560E-001  0.198446E-001  0.220000E+002  0.200000E+001  0.100000E+001  0.500000E+000  0.300000E+000  0.200000E+001  0.100000E+001  0.100000E+001  0.100000E+002
  0.303500E+003  0.300000E+002  0.165581E+002 -0.260166E+002  0.807437E-003 -0.321152E-001  0.321253E-001  0.617018E-003 -0.194639E-001  0.194737E-001  0.220000E+002  0.200000E+001  0.100000E+001  0.500000E+000  0.300000E+000  0.200000E+001  0.100000E+001  0.100000E+001  0.100000E+002
  0.304000E+003  0.300000E+002  0.167758E+002 -0.258711E+002 -0.107359E-001 -0.299269E-001  0.317943E-001 -0.648513E-002 -0.182593E-001  0.193768E-001  0.220000E+002  0.200000E+001  0.100000E+001  0.500000E+000  0.300000E+000  0.200000E+001  0.100000E+001  0.100000E+001  0.100000E+002
  0.304500E+003  0.300000E+002  0.169922E+002 -0.257238E+002 -0.207359E-001 -0.223367E-001  0.304779E-001 -0.127725E-001 -0.140818E-001  0.190114E-001  0.220000E+002  0.200000E+001  0.100000E+001  0.500000E+000  0.300000E+000  0.200000E+001  0.100000E+001  0.100000E+001  0.100000E+002
  0.305000E+003  0.300000E+002  0.172073E+002 -0.255746E+002 -0.267371E-001 -0.123634E-001  0.294571E-001 -0.168882E-001 -0.792025E-002  0.186532E-001  0.220000E+002  0.200000E+001  0.100000E+001  0.500000E+000  0.300000E+000  0.200000E+001  0.100000E+001  0.100000E+001  0.100000E+002
  0.305500E+003  0.300000E+002  0.174211E+002 -0.254235E+002 -0.287329E-001 -0.480927E-003  0.287369E-001 -0.184205E-001 -0.400080E-003  0.184249E-001  0.220000E+002  0.200000E+001  0.100000E+001  0.500000E+000  0.300000E+000  0.200000E+001  0.100000E+001  0.100000E+001  0.100000E+002
  0.306000E+003  0.300000E+002  0.176336E+002 -0.252705E+002 -0.250714E-001  0.115432E-001  0.276010E-001 -0.164395E-001  0.729439E-002  0.179852E-001  0.220000E+002  0.200000E+001  0.100000E+001  0.500000E+000  0.300000E+000  0.200000E+001  0.100000E+001  0.100000E+001  0.100000E+002
  0.306500E+003  0.300000E+002  0.178447E+002 -0.251157E+002 -0.172205E-001  0.201130E-001  0.264779E-001 -0.114463E-001  0.133025E-001  0.175491E-001  0.220000E+002  0.200000E+001  0.100000E+001  0.500000E+000  0.300000E+000  0.200000E+001  0.100000E+001  0.100000E+001  0.100000E+002
  0.307000E+003  0.300000E+002  0.180545E+002 -0.249591E+002 -0.560226E-002  0.250731E-001  0.256913E-001 -0.397512E-002  0.166998E-001  0.171664E-001  0.220000E+002  0.200000E+001  0.100000E+001  0.500000E+000  0.300000E+000  0.200000E+001  0.100000E+001  0.100000E+001  0.100000E+002
  0.307500E+003  0.300000E+002  0.182628E+002 -0.248006E+002  0.638607E-002  0.234040E-001  0.242597E-001  0.418795E-002  0.159804E-001  0.165200E-001  0.220000E+002  0.200000E+001  0.100000E+001  0.500000E+000  0.300000E+000  0.200000E+001  0.100000E+001  0.100000E+001  0.100000E+002
  0.308000E+003  0.300000E+002  0.184698E+002 -0.246403E+002  0.162897E-001  0.165526E-001  0.232237E-001  0.110993E-001  0.114928E-001  0.159774E-001  0.220000E+002  0.200000E+001  0.100000E+001  0.500000E+000  0.300000E+000  0.200000E+001  0.100000E+001  0.100000E+001  0.100000E+002
  0.308500E+003  0.300000E+002  0.186754E+002 -0.244782E+002  0.213370E-001  0.512551E-002  0.219440E-001  0.147523E-001  0.385600E-002  0.152479E-001  0.220000E+002  0.200000E+001  0.100000E+001  0.500000E+000  0.300000E+000  0.200000E+001  0.100000E+001  0.100000E+001  0.100000E+002
  0.309000E+003  0.300000E+002  0.188796E+002 -0.243144E+002  0.193723E-001 -0.628936E-002  0.203677E-001  0.137342E-001 -0.431304E-002  0.143955E-001  0.220000E+002  0.200000E+001  0.100000E+001  0.500000E+000  0.300000E+000  0.200000E+001  0.100000E+001  0.100000E+001  0.100000E+002
  0.309500E+003  0.300000E+002  0.190823E+002 -0.241487E+002  0.113133E-001 -0.153596E-001  0.190764E-001  0.830099E-002 -0.106879E-001  0.135328E-001  0.220000E+002  0.200000E+001  0.100000E+001  0.500000E+000  0.300000E+000  0.200000E+001  0.100000E+001  0.100000E+001  0.100000E+002
  0.310000E+003  0.300000E+002  0.192836E+002 -0.239813E+002  0.193289E-003 -0.171950E-001  0.171961E-001  0.395387E-003 -0.123851E-001  0.123914E-001  0.220000E+002  0.200000E+001  0.100000E+001  0.500000E+000  0.300000E+000  0.200000E+001  0.100000E+001  0.100000E+001  0.100000E+002
  0.310500E+003  0.300000E+002  0.194834E+002 -0.238122E+002 -0.961362E-002 -0.122780E-001  0.155940E-001 -0.672348E-002 -0.906236E-002  0.112841E-001  0.220000E+002  0.200000E+001  0.100000E+001  0.500000E+000  0.300000E+000  0.200000E+001  0.100000E+001  0.100000E+001  0.100000E+002
  0.311000E+003  0.300000E+002  0.196818E+002 -0.236413E+002 -0.133327E-001 -0.232558E-002  0.135340E-001 -0.967949E-002 -0.210863E-002  0.990650E-002  0.220000E+002  0.200000E+001  0.100000E+001  0.500000E+000  0.300000E+000  0.200000E+001  0.100000E+001  0.100000E+001  0.100000E+002
  0.311500E+003  0.300000E+002  0.198786E+002 -0.234687E+002 -0.985373E-002  0.628500E-002  0.116875E-001 -0.734414E-002  0.437113E-002  0.854653E-002  0.220000E+002  0.200000E+001  0.100000E+001  0.500000E+000  0.300000E+000  0.200000E+001  0.100000E+001  0.100000E+001  0.100000E+002
  0.312000E+003  0.300000E+002  0.200739E+002 -0.232943E+002 -0.129689E-002  0.938752E-002  0.947668E-002 -0.140491E-002  0.686969E-002  0.701188E-002  0.220000E+002  0.200000E+001  0.100000E+001  0.500000E+000  0.300000E+000  0.200000E+001  0.100000E+001  0.100000E+001  0.100000E+002
  0.312500E+003  0.300000E+002  0.202677E+002 -0.231183E+002  0.502926E-002  0.559009E-002  0.751948E-002  0.344079E-002  0.429108E-002  0.550022E-002  0.220000E+002  0.200000E+001  0.100000E+001  0.500000E+000  0.300000E+000  0.200000E+001  0.100000E+001  0.100000E+001  0.100000E+002
  0.313000E+003  0.300000E+002  0.204600E+002 -0.229406E+002  0.547473E-002 -0.112219E-002  0.558856E-002  0.400538E-002 -0.468015E-003  0.403263E-002  0.220000E+002  0.200000E+001  0.100000E+001  0.500000E+000  0.300000E+000  0.200000E+001  0.100000E+001  0.100000E+001  0.100000E+002
  0.313500E+003  0.300000E+002  0.206506E+002 -0.227612E+002  0.670720E-003 -0.369015E-002  0.375061E-002  0.743939E-003 -0.255096E-002  0.265722E-002  0.220000E+002  0.200000E+001  0.100000E+001  0.500000E+000  0.300000E+000  0.200000E+001  0.100000E+001  0.100000E+001  0.100000E+002
  0.314000E+003  0.300000E+002  0.208398E+002 -0.225802E+002 -0.284557E-002 -0.923698E-003  0.299174E-002 -0.178820E-002 -0.630191E-003  0.189600E-002  0.220000E+002  0.200000E+001  0.100000E+001  0.500000E+000  0.300000E+000  0.200000E+001  0.100000E+001  0.100000E+001  0.100000E+002
  0.314500E+003  0.300000E+002  0.210273E+002 -0.223975E+002 -0.374915E-003  0.279336E-002  0.281841E-002 -0.226868E-003  0.190714E-002  0.192059E-002  0.220000E+002  0.200000E+001  0.100000E+001  0.500000E+000  0.300000E+000  0.200000E+001  0.100000E+001  0.100000E+001  0.100000E+002
  0.315000E+003  0.300000E+002  0.212132E+002 -0.222132E+002  0.349211E-002  0.109923E-002  0.366103E-002  0.255375E-002  0.565273E-003  0.261556E-002  0.220000E+002  0.200000E+001  0.100000E+001  0.500000E+000  0.300000E+000  0.200000E+001  0.100000E+001  0.100000E+001  0.100000E+002
  0.315500E+003  0.300000E+002  0.213975E+002 -0.220273E+002  0.201456E-002 -0.409252E-002  0.456149E-002  0.138242E-002 -0.310897E-002  0.340247E-002  0.220000E+002  0.200000E+001  0.100000E+001  0.500000E+000  0.300000E+000  0.200000E+001  0.100000E+001  0.100000E+001  0.100000E+002
  0.316000E+003  0.300000E+002  0.215802E+002 -0.218398E+002 -0.395800E-002 -0.339208E-002  0.521268E-002 -0.310145E-002 -0.250764E-002  0.398839E-002  0.220000E+002  0.200000E+001  0.100000E+001  0.500000E+000  0.300000E+000  0.200000E+001  0.100000E+001  0.100000E+001  0.100000E+002
  0.316500E+003  0.300000E+002  0.217612E+002 -0.216506E+002 -0.478537E-002  0.353474E-002  0.594930E-002 -0.356046E-002  0.275797E-002  0.450369E-002  0.220000E+002  0.200000E+001  0.100000E+001  0.500000E+000  0.300000E+000  0.200000E+001  0.100000E+001  0.100000E+001  0.100000E+002
  0.317000E+003  0.300000E+002  0.219406E+002 -0.214600E+002  0.267528E-002  0.530153E-002  0.593830E-002  0.211666E-002  0.416609E-002  0.467296E-002  0.220000E+002  0.200000E+001  0.100000E+001  0.500000E+000  0.300000E+000  0.200000E+001  0.100000E+001  0.100000E+001  0.100000E+002
  0.317500E+003  0.300000E+002  0.221183E+002 -0.212677E+002  0.595121E-002 -0.202414E-002  0.628602E-002  0.455674E-002 -0.153604E-002  0.480867E-002  0.220000E+002  0.200000E+001  0.100000E+001  0.500000E+000  0.300000E+000  0.200000E+001  0.100000E+001  0.100000E+001  0.100000E+002
  0.318000E+003  0.300000E+002  0.222943E+002 -0.210739E+002 -0.145022E-002 -0.566318E-002  0.584592E-002 -0.110035E-002 -0.448272E-002  0.461579E-002  0.220000E+002  0.200000E+001  0.100000E+001  0.500000E+000  0.300000E+000  0.200000E+001  0.100000E+001  0.100000E+001  0.100000E+002
  0.318500E+003  0.300000E+002  0.224687E+002 -0.208786E+002 -0.546324E-002  0.121223E-002  0.559612E-002 -0.429622E-002  0.871569E-003  0.438374E-002  0.220000E+002  0.200000E+001  0.100000E+001  0.500000E+000  0.300000E+000  0.200000E+001  0.100000E+001  0.100000E+001  0.100000E+002
  0.319000E+003  0.300000E+002  0.226413E+002 -0.206818E+002  0.131425E-002  0.483692E-002  0.501229E-002  0.888306E-003  0.385245E-002  0.395354E-002  0.220000E+002  0.200000E+001  0.100000E+001  0.500000E+000  0.300000E+000  0.200000E+001  0.100000E+001  0.100000E+001  0.100000E+002
  0.319500E+003  0.300000E+002  0.228122E+002 -0.204834E+002  0.417888E-002 -0.123609E-002  0.435786E-002  0.335257E-002 -0.928305E-003  0.347871E-002  0.220000E+002  0.200000E+001  0.100000E+001  0.500000E+000  0.300000E+000  0.200000E+001  0.100000E+001  0.100000E+001  0.100000E+002
  0.320000E+003  0.300000E+002  0.229813E+002 -0.202836E+002 -0.159040E-002 -0.323025E-002  0.360054E-002 -0.109456E-002 -0.271228E-002  0.292482E-002  0.220000E+002  0.200000E+001  0.100000E+001  0.500000E+000  0.300000E+000  0.200000E+001  0.100000E+001  0.100000E+001  0.100000E+002
  0.320500E+003  0.300000E+002  0.231487E+002 -0.200823E+002 -0.264049E-002  0.139524E-002  0.298645E-002 -0.217454E-002  0.107060E-002  0.242380E-002  0.220000E+002  0.200000E+001  0.100000E+001  0.500000E+000  0.300000E+000  0.200000E+001  0.100000E+001  0.100000E+001  0.100000E+002
  0.321000E+003  0.300000E+002  0.233144E+002 -0.198796E+002  0.132147E-002  0.185817E-002  0.228015E-002  0.104308E-002  0.167041E-002  0.196933E-002  0.220000E+002  0.200000E+001  0.100000E+001  0.500000E+000  0.300000E+000  0.200000E+001  0.100000E+001  0.100000E+001  0.100000E+002
  0.321500E+003  0.300000E+002  0.234782E+002 -0.196754E+002  0.168538E-002 -0.111354E-002  0.202002E-002  0.147069E-002 -0.958420E-003  0.175542E-002  0.220000E+002  0.200000E+001  0.100000E+001  0.500000E+000  0.300000E+000  0.200000E+001  0.100000E+001  0.100000E+001  0.100000E+002
  0.322000E+003  0.300000E+002  0.236403E+002 -0.194698E+002 -0.132375E-002 -0.161653E-002  0.208937E-002 -0.113591E-002 -0.137993E-002  0.178731E-002  0.220000E+002  0.200000E+001  0.100000E+001  0.500000E+000  0.300000E+000  0.200000E+001  0.100000E+001  0.100000E+001  0.100000E+002
  0.322500E+003  0.300000E+002  0.238006E+002 -0.192628E+002 -0.168064E-002  0.180745E-002  0.246808E-002 -0.128434E-002  0.160991E-002  0.205945E-002  0.220000E+002  0.200000E+001  0.100000E+001  0.500000E+000  0.300000E+000  0.200000E+001  0.100000E+001  0.100000E+001  0.100000E+002
  0.323000E+003  0.300000E+002  0.239591E+002 -0.190545E+002  0.280751E-002  0.708194E-003  0.289546E-002  0.233747E-002  0.559200E-003  0.240343E-002  0.220000E+002  0.200000E+001  0.100000E+001  0.500000E+000  0.300000E+000  0.200000E+001  0.100000E+001  0.100000E+001  0.100000E+002
  0.323500E+003  0.300000E+002  0.241157E+002 -0.188447E+002 -0.855139E-003 -0.341330E-002  0.351879E-002 -0.816454E-003 -0.268329E-002  0.280475E-002  0.220000E+002  0.200000E+001  0.100000E+001  0.500000E+000  0.300000E+000  0.200000E+001  0.100000E+001  0.100000E+001  0.100000E+002
  0.324000E+003  0.300000E+002  0.242705E+002 -0.186336E+002 -0.220549E-002  0.317075E-002  0.386236E-002 -0.174192E-002  0.259832E-002  0.312819E-002  0.220000E+002  0.200000E+001  0.100000E+001  0.500000E+000  0.300000E+000  0.200000E+001  0.100000E+001  0.100000E+001  0.100000E+002
  0.324500E+003  0.300000E+002  0.244235E+002 -0.184211E+002  0.421852E-002 -0.596773E-003  0.426052E-002  0.336322E-002 -0.546526E-003  0.340734E-002  0.220000E+002  0.200000E+001  0.100000E+001  0.500000E+000  0.300000E+000  0.200000E+001  0.100000E+001  0.100000E+001  0.100000E+002
  0.325000E+003  0.300000E+002  0.245746E+002 -0.182073E+002 -0.388377E-002 -0.243608E-002  0.458456E-002 -0.309151E-002 -0.189959E-002  0.362848E-002  0.220000E+002  0.200000E+001  0.100000E+001  0.500000E+000  0.300000E+000  0.200000E+001  0.100000E+001  0.100000E+001  0.100000E+002
  0.325500E+003  0.300000E+002  0.247238E+002 -0.179922E+002  0.161403E-002  0.428860E-002  0.458227E-002  0.133718E-002  0.345906E-002  0.370853E-002  0.220000E+002  0.200000E+001  0.100000E+001  0.500000E+000  0.300000E+000  0.200000E+001  0.100000E+001  0.100000E+001  0.100000E+002
  0.326000E+003  0.300000E+002  0.248711E+002 -0.177758E+002  0.906757E-003 -0.475024E-002  0.483601E-002  0.734755E-003 -0.372743E-002  0.379916E-002  0.220000E+002  0.200000E+001  0.100000E+001  0.500000E+000  0.300000E+000  0.200000E+001  0.100000E+001  0.100000E+001  0.100000E+002
  0.326500E+003  0.300000E+002  0.250166E+002 -0.175581E+002 -0.295452E-002  0.348576E-002  0.456943E-002 -0.239022E-002  0.283218E-002  0.370600E-002  0.220000E+002  0.200000E+001  0.100000E+001  0.500000E+000  0.300000E+000  0.200000E+001  0.100000E+001  0.100000E+001  0.100000E+002
  0.327000E+003  0.300000E+002  0.251601E+002 -0.173392E+002  0.414187E-002 -0.200850E-002  0.460317E-002  0.331008E-002 -0.154356E-002  0.365229E-002  0.220000E+002  0.200000E+001  0.100000E+001  0.500000E+000  0.300000E+000  0.200000E+001  0.100000E+001  0.100000E+001  0.100000E+002
  0.327500E+003  0.300000E+002  0.253017E+002 -0.171190E+002 -0.426734E-002  0.319745E-003  0.427930E-002 -0.344846E-002  0.216277E-003  0.345523E-002  0.220000E+002  0.200000E+001  0.100000E+001  0.500000E+000  0.300000E+000  0.200000E+001  0.100000E+001  0.100000E+001  0.100000E+002
  0.328000E+003  0.300000E+002  0.254414E+002 -0.168976E+002  0.393663E-002  0.100625E-002  0.406320E-002  0.317239E-002  0.849410E-003  0.328414E-002  0.220000E+002  0.200000E+001  0.100000E+001  0.500000E+000  0.300000E+000  0.200000E+001  0.100000E+001  0.100000E+001  0.100000E+002
  0.328500E+003  0.300000E+002  0.255792E+002 -0.166750E+002 -0.334783E-002 -0.175908E-002  0.378184E-002 -0.266065E-002 -0.150735E-002  0.305797E-002  0.220000E+002  0.200000E+001  0.100000E+001  0.500000E+000  0.300000E+000  0.200000E+001  0.100000E+001  0.100000E+001  0.100000E+002
  0.329000E+003  0.300000E+002  0.257150E+002 -0.164511E+002  0.253783E-002  0.236544E-002  0.346927E-002  0.208607E-002  0.193971E-002  0.284854E-002  0.220000E+002  0.200000E+001  0.100000E+001  0.500000E+000  0.300000E+000  0.200000E+001  0.100000E+001  0.100000E+001  0.100000E+002
  0.329500E+003  0.300000E+002  0.258489E+002 -0.162262E+002 -0.212058E-002 -0.247142E-002  0.325650E-002 -0.165974E-002 -0.209350E-002  0.267161E-002  0.220000E+002  0.200000E+001  0.100000E+001  0.500000E+000  0.300000E+000  0.200000E+001  0.100000E+001  0.100000E+001  0.100000E+002
  0.330000E+003  0.300000E+002  0.259808E+002 -0.160000E+002  0.151393E-002  0.265712E-002  0.305814E-002  0.127499E-002  0.218542E-002  0.253014E-002  0.220000E+002  0.200000E+001  0.100000E+001  0.500000E+000  0.300000E+000  0.200000E+001  0.100000E+001  0.100000E+001  0.100000E+002
  0.330500E+003  0.300000E+002  0.261107E+002 -0.157727E+002 -0.141622E-002 -0.263350E-002  0.299015E-002 -0.114115E-002 -0.220495E-002  0.248274E-002  0.220000E+002  0.200000E+001  0.100000E+001  0.500000E+000  0.300000E+000  0.200000E+001  0.100000E+001  0.100000E+001  0.100000E+002
  0.331000E+003  0.300000E+002  0.262386E+002 -0.155443E+002  0.132602E-002  0.267019E-002  0.298132E-002  0.111999E-002  0.220583E-002  0.247388E-002  0.220000E+002  0.200000E+001  0.100000E+001  0.500000E+000  0.300000E+000  0.200000E+001  0.100000E+001  0.100000E+001  0.100000E+002
  0.331500E+003  0.300000E+002  0.263645E+002 -0.153148E+002 -0.161866E-002 -0.269856E-002  0.314679E-002 -0.136373E-002 -0.219052E-002  0.258034E-002  0.220000E+002  0.200000E+001  0.100000E+001  0.500000E+000  0.300000E+000  0.200000E+001  0.100000E+001  0.100000E+001  0.100000E+002
  0.332000E+003  0.300000E+002  0.264884E+002 -0.150841E+002  0.215457E-002  0.239997E-002  0.322522E-002  0.179108E-002  0.198297E-002  0.267210E-002  0.220000E+002  0.200000E+001  0.100000E+001  0.500000E+000  0.300000E+000  0.200000E+001  0.100000E+001  0.100000E+001  0.100000E+002
  0.332500E+003  0.300000E+002  0.266103E+002 -0.148525E+002 -0.291222E-002 -0.203110E-002  0.355055E-002 -0.239256E-002 -0.156752E-002  0.286033E-002  0.220000E+002  0.200000E+001  0.100000E+001  0.500000E+000  0.300000E+000  0.200000E+001  0.100000E+001  0.100000E+001  0.100000E+002
  0.333000E+003  0.300000E+002  0.267302E+002 -0.146197E+002  0.355767E-002  0.763419E-003  0.363865E-002  0.291887E-002  0.629360E-003  0.298595E-002  0.220000E+002  0.200000E+001  0.100000E+001  0.500000E+000  0.300000E+000  0.200000E+001  0.100000E+001  0.100000E+001  0.100000E+002
  0.333500E+003  0.300000E+002  0.268480E+002 -0.143859E+002 -0.386044E-002  0.741118E-003  0.393093E-002 -0.308050E-002  0.669449E-003  0.315240E-002  0.220000E+002  0.200000E+001  0.100000E+001  0.500000E+000  0.300000E+000  0.200000E+001  0.100000E+001  0.100000E+001  0.100000E+002
  0.334000E+003  0.300000E+002  0.269638E+002 -0.141511E+002  0.296307E-002 -0.274608E-002  0.403989E-002  0.239906E-002 -0.222318E-002  0.327078E-002  0.220000E+002  0.200000E+001  0.100000E+001  0.500000E+000  0.300000E+000  0.200000E+001  0.100000E+001  0.100000E+001  0.100000E+002
  0.334500E+003  0.300000E+002  0.270776E+002 -0.139153E+002 -0.100366E-002  0.403905E-002  0.416188E-002 -0.776806E-003  0.325949E-002  0.335077E-002  0.220000E+002  0.200000E+001  0.100000E+001  0.500000E+000  0.300000E+000  0.200000E+001  0.100000E+001  0.100000E+001  0.100000E+002
  0.335000E+003  0.300000E+002  0.271892E+002 -0.136785E+002 -0.179763E-002 -0.387618E-002  0.427274E-002 -0.145999E-002 -0.310348E-002  0.342975E-002  0.220000E+002  0.200000E+001  0.100000E+001  0.500000E+000  0.300000E+000  0.200000E+001  0.100000E+001  0.100000E+001  0.100000E+002
  0.335500E+003  0.300000E+002  0.272988E+002 -0.134408E+002  0.394485E-002  0.156533E-002  0.424407E-002  0.317063E-002  0.128957E-002  0.342284E-002  0.220000E+002  0.200000E+001  0.100000E+001  0.500000E+000  0.300000E+000  0.200000E+001  0.100000E+001  0.100000E+001  0.100000E+002
  0.336000E+003  0.300000E+002  0.274064E+002 -0.132021E+002 -0.391640E-002  0.166719E-002  0.425649E-002 -0.313686E-002  0.137253E-002  0.342400E-002  0.220000E+002  0.200000E+001  0.100000E+001  0.500000E+000  0.300000E+000  0.200000E+001  0.100000E+001  0.100000E+001  0.100000E+002
  0.336500E+003  0.300000E+002  0.275118E+002 -0.129625E+002  0.105077E-002 -0.406142E-002  0.419515E-002  0.909430E-003 -0.324602E-002  0.337101E-002  0.220000E+002  0.200000E+001  0.100000E+001  0.500000E+000  0.300000E+000  0.200000E+001  0.100000E+001  0.100000E+001  0.100000E+002
  0.337000E+003  0.300000E+002  0.276151E+002 -0.127219E+002  0.241945E-002  0.323083E-002  0.403634E-002  0.198146E-002  0.261274E-002  0.327912E-002  0.220000E+002  0.200000E+001  0.100000E+001  0.500000E+000  0.300000E+000  0.200000E+001  0.100000E+001  0.100000E+001  0.100000E+002
  0.337500E+003  0.300000E+002  0.277164E+002 -0.124805E+002 -0.397795E-002  0.399193E-003  0.399792E-002 -0.319923E-002  0.260614E-003  0.320983E-002  0.220000E+002  0.200000E+001  0.100000E+001  0.500000E+000  0.300000E+000  0.200000E+001  0.100000E+001  0.100000E+001  0.100000E+002
  0.338000E+003  0.300000E+002  0.278155E+002 -0.122382E+002  0.158170E-002 -0.340466E-002  0.375413E-002  0.130924E-002 -0.277553E-002  0.306883E-002  0.220000E+002  0.200000E+001  0.100000E+001  0.500000E+000  0.300000E+000  0.200000E+001  0.100000E+001  0.100000E+001  0.100000E+002
  0.338500E+003  0.300000E+002  0.279125E+002 -0.119950E+002  0.229236E-002  0.286780E-002  0.367141E-002  0.183706E-002  0.234769E-002  0.298101E-002  0.220000E+002  0.200000E+001  0.100000E+001  0.500000E+000  0.300000E+000  0.200000E+001  0.100000E+001  0.100000E+001  0.100000E+002
  0.339000E+003  0.300000E+002  0.280074E+002 -0.117510E+002 -0.339554E-002  0.958585E-003  0.352825E-002 -0.277290E-002  0.747619E-003  0.287192E-002  0.220000E+002  0.200000E+001  0.100000E+001  0.500000E+000  0.300000E+000  0.200000E+001  0.100000E+001  0.100000E+001  0.100000E+002
  0.339500E+003  0.300000E+002  0.281002E+002 -0.115062E+002  0.297838E-003 -0.333430E-002  0.334757E-002  0.266331E-003 -0.275763E-002  0.277046E-002  0.220000E+002  0.200000E+001  0.100000E+001  0.500000E+000  0.300000E+000  0.200000E+001  0.100000E+001  0.100000E+001  0.100000E+002
  0.340000E+003  0.300000E+002  0.281908E+002 -0.112606E+002  0.313527E-002  0.128035E-002  0.338663E-002  0.253737E-002  0.103822E-002  0.274156E-002  0.220000E+002  0.200000E+001  0.100000E+001  0.500000E+000  0.300000E+000  0.200000E+001  0.100000E+001  0.100000E+001  0.100000E+002
  0.340500E+003  0.300000E+002  0.282792E+002 -0.110142E+002 -0.183120E-002  0.263539E-002  0.320914E-002 -0.155267E-002  0.217817E-002  0.267492E-002  0.220000E+002  0.200000E+001  0.100000E+001  0.500000E+000  0.300000E+000  0.200000E+001  0.100000E+001  0.100000E+001  0.100000E+002
  0.341000E+003  0.300000E+002  0.283656E+002 -0.107670E+002 -0.227652E-002 -0.242624E-002  0.332704E-002 -0.188381E-002 -0.194242E-002  0.270587E-002  0.220000E+002  0.200000E+001  0.100000E+001  0.500000E+000  0.300000E+000  0.200000E+001  0.100000E+001  0.100000E+001  0.100000E+002
  0.341500E+003  0.300000E+002  0.284497E+002 -0.105191E+002  0.255541E-002 -0.211465E-002  0.331691E-002  0.211982E-002 -0.171814E-002  0.272868E-002  0.220000E+002  0.200000E+001  0.100000E+001  0.500000E+000  0.300000E+000  0.200000E+001  0.100000E+001  0.100000E+001  0.100000E+002
  0.342000E+003  0.300000E+002  0.285317E+002 -0.102705E+002  0.196336E-002  0.275539E-002  0.338333E-002  0.165214E-002  0.222977E-002  0.277515E-002  0.220000E+002  0.200000E+001  0.100000E+001  0.500000E+000  0.300000E+000  0.200000E+001  0.100000E+001  0.100000E+001  0.100000E+002
  0.342500E+003  0.300000E+002  0.286115E+002 -0.100212E+002 -0.274889E-002  0.222174E-002  0.353447E-002 -0.222727E-002  0.181356E-002  0.287223E-002  0.220000E+002  0.200000E+001  0.100000E+001  0.500000E+000  0.300000E+000  0.200000E+001  0.100000E+001  0.100000E+001  0.100000E+002
  0.343000E+003  0.300000E+002  0.286891E+002 -0.977115E+001 -0.256093E-002 -0.253390E-002  0.360264E-002 -0.210459E-002 -0.204787E-002  0.293651E-002  0.220000E+002  0.200000E+001  0.100000E+001  0.500000E+000  0.300000E+000  0.200000E+001  0.100000E+001  0.100000E+001  0.100000E+002
  0.343500E+003  0.300000E+002  0.287646E+002 -0.952046E+001  0.210160E-002 -0.305562E-002  0.370858E-002  0.168912E-002 -0.250697E-002  0.302292E-002  0.220000E+002  0.200000E+001  0.100000E+001  0.500000E+000  0.300000E+000  0.200000E+001  0.100000E+001  0.100000E+001  0.100000E+002
  0.344000E+003  0.300000E+002  0.288379E+002 -0.926912E+001  0.365450E-002  0.130645E-002  0.388101E-002  0.294916E-002  0.102096E-002  0.312088E-002  0.220000E+002  0.200000E+001  0.100000E+001  0.500000E+000  0.300000E+000  0.200000E+001  0.100000E+001  0.100000E+001  0.100000E+002
  0.344500E+003  0.300000E+002  0.289089E+002 -0.901715E+001 -0.140319E-004  0.388319E-002  0.388321E-002 -0.220506E-004  0.316166E-002  0.316174E-002  0.220000E+002  0.200000E+001  0.100000E+001  0.500000E+000  0.300000E+000  0.200000E+001  0.100000E+001  0.100000E+001  0.100000E+002
  0.345000E+003  0.300000E+002  0.289778E+002 -0.876457E+001 -0.374709E-002  0.139836E-002  0.399952E-002 -0.300753E-002  0.118150E-002  0.323128E-002  0.220000E+002  0.200000E+001  0.100000E+001  0.500000E+000  0.300000E+000  0.200000E+001  0.100000E+001  0.100000E+001  0.100000E+002
  0.345500E+003  0.300000E+002  0.290444E+002 -0.851140E+001 -0.306687E-002 -0.270521E-002  0.408948E-002 -0.243921E-002 -0.218719E-002  0.327621E-002  0.220000E+002  0.200000E+001  0.100000E+001  0.500000E+000  0.300000E+000  0.200000E+001  0.100000E+001  0.100000E+001  0.100000E+002
  0.346000E+003  0.300000E+002  0.291089E+002 -0.825766E+001  0.883611E-003 -0.389336E-002  0.399237E-002  0.708648E-003 -0.318523E-002  0.326311E-002  0.220000E+002  0.200000E+001  0.100000E+001  0.500000E+000  0.300000E+000  0.200000E+001  0.100000E+001  0.100000E+001  0.100000E+002
  0.346500E+003  0.300000E+002  0.291711E+002 -0.800336E+001  0.386389E-002 -0.142702E-002  0.411898E-002  0.308540E-002 -0.115086E-002  0.329305E-002  0.220000E+002  0.200000E+001  0.100000E+001  0.500000E+000  0.300000E+000  0.200000E+001  0.100000E+001  0.100000E+001  0.100000E+002
  0.347000E+003  0.300000E+002  0.292311E+002 -0.774853E+001  0.341355E-002  0.213087E-002  0.402404E-002  0.274943E-002  0.175556E-002  0.326211E-002  0.220000E+002  0.200000E+001  0.100000E+001  0.500000E+000  0.300000E+000  0.200000E+001  0.100000E+001  0.100000E+001  0.100000E+002
  0.347500E+003  0.300000E+002  0.292889E+002 -0.749319E+001  0.478146E-003  0.394164E-002  0.397054E-002  0.389245E-003  0.319242E-002  0.321606E-002  0.220000E+002  0.200000E+001  0.100000E+001  0.500000E+000  0.300000E+000  0.200000E+001  0.100000E+001  0.100000E+001  0.100000E+002
  0.348000E+003  0.300000E+002  0.293444E+002 -0.723735E+001 -0.251673E-002  0.303281E-002  0.394105E-002 -0.204793E-002  0.244034E-002  0.318580E-002  0.220000E+002  0.200000E+001  0.100000E+001  0.500000E+000  0.300000E+000  0.200000E+001  0.100000E+001  0.100000E+001  0.100000E+002
  0.348500E+003  0.300000E+002  0.293977E+002 -0.698104E+001 -0.383810E-002  0.463302E-003  0.386596E-002 -0.310630E-002  0.354136E-003  0.312642E-002  0.220000E+002  0.200000E+001  0.100000E+001  0.500000E+000  0.300000E+000  0.200000E+001  0.100000E+001  0.100000E+001  0.100000E+002
  0.349000E+003  0.300000E+002  0.294488E+002 -0.672427E+001 -0.311031E-002 -0.207141E-002  0.373695E-002 -0.251721E-002 -0.171796E-002  0.304757E-002  0.220000E+002  0.200000E+001  0.100000E+001  0.500000E+000  0.300000E+000  0.200000E+001  0.100000E+001  0.100000E+001  0.100000E+002
  0.349500E+003  0.300000E+002  0.294976E+002 -0.646707E+001 -0.111547E-002 -0.351165E-002  0.368455E-002 -0.915211E-003 -0.285744E-002  0.300043E-002  0.220000E+002  0.200000E+001  0.100000E+001  0.500000E+000  0.300000E+000  0.200000E+001  0.100000E+001  0.100000E+001  0.100000E+002
  0.350000E+003  0.300000E+002  0.295442E+002 -0.620945E+001  0.982329E-003 -0.351428E-002  0.364899E-002  0.830346E-003 -0.282564E-002  0.294512E-002  0.220000E+002  0.200000E+001  0.100000E+001  0.500000E+000  0.300000E+000  0.200000E+001  0.100000E+001  0.100000E+001  0.100000E+002
  0.350500E+003  0.300000E+002  0.295886E+002 -0.595143E+001  0.255930E-002 -0.233016E-002  0.346117E-002  0.213542E-002 -0.190843E-002  0.286394E-002  0.220000E+002  0.200000E+001  0.100000E+001  0.500000E+000  0.300000E+000  0.200000E+001  0.100000E+001  0.100000E+001  0.100000E+002
  0.351000E+003  0.300000E+002  0.296307E+002 -0.569303E+001  0.342279E-002 -0.746639E-003  0.350328E-002  0.277547E-002 -0.630988E-003  0.284630E-002  0.220000E+002  0.200000E+001  0.100000E+001  0.500000E+000  0.300000E+000  0.200000E+001  0.100000E+001  0.100000E+001  0.100000E+002
  0.351500E+003  0.300000E+002  0.296705E+002 -0.543428E+001  0.340127E-002  0.675551E-003  0.346771E-002  0.275552E-002  0.591448E-003  0.281828E-002  0.220000E+002  0.200000E+001  0.100000E+001  0.500000E+000  0.300000E+000  0.200000E+001  0.100000E+001  0.100000E+001  0.100000E+002
  0.352000E+003  0.300000E+002  0.297080E+002 -0.517519E+001  0.274495E-002  0.191503E-002  0.334695E-002  0.227925E-002  0.158617E-002  0.277685E-002  0.220000E+002  0.200000E+001  0.100000E+001  0.500000E+000  0.300000E+000  0.200000E+001  0.100000E+001  0.100000E+001  0.100000E+002
  0.352500E+003  0.300000E+002  0.297433E+002 -0.491579E+001  0.198091E-002  0.282131E-002  0.344728E-002  0.162967E-002  0.227628E-002  0.279952E-002  0.220000E+002  0.200000E+001  0.100000E+001  0.500000E+000  0.300000E+000  0.200000E+001  0.100000E+001  0.100000E+001  0.100000E+002
  0.353000E+003  0.300000E+002  0.297764E+002 -0.465608E+001  0.120274E-002  0.323501E-002  0.345136E-002  0.965817E-003  0.264631E-002  0.281705E-002  0.220000E+002  0.200000E+001  0.100000E+001  0.500000E+000  0.300000E+000  0.200000E+001  0.100000E+001  0.100000E+001  0.100000E+002
  0.353500E+003  0.300000E+002  0.298072E+002 -0.439610E+001  0.412547E-003  0.341184E-002  0.343669E-002  0.355211E-003  0.280275E-002  0.282517E-002  0.220000E+002  0.200000E+001  0.100000E+001  0.500000E+000  0.300000E+000  0.200000E+001  0.100000E+001  0.100000E+001  0.100000E+002
  0.354000E+003  0.300000E+002  0.298357E+002 -0.413585E+001 -0.178482E-003  0.351823E-002  0.352275E-002 -0.124081E-003  0.286666E-002  0.286934E-002  0.220000E+002  0.200000E+001  0.100000E+001  0.500000E+000  0.300000E+000  0.200000E+001  0.100000E+001  0.100000E+001  0.100000E+002
  0.354500E+003  0.300000E+002  0.298619E+002 -0.387537E+001 -0.547440E-003  0.354815E-002  0.359013E-002 -0.429159E-003  0.289263E-002  0.292430E-002  0.220000E+002  0.200000E+001  0.100000E+001  0.500000E+000  0.300000E+000  0.200000E+001  0.100000E+001  0.100000E+001  0.100000E+002
  0.355000E+003  0.300000E+002  0.298858E+002 -0.361467E+001 -0.716141E-003  0.358192E-002  0.365281E-002 -0.567515E-003  0.291024E-002  0.296506E-002  0.220000E+002  0.200000E+001  0.100000E+001  0.500000E+000  0.300000E+000  0.200000E+001  0.100000E+001  0.100000E+001  0.100000E+002
  0.355500E+003  0.300000E+002  0.299075E+002 -0.335377E+001 -0.692940E-003  0.361456E-002  0.368038E-002 -0.559188E-003  0.294940E-002  0.300194E-002  0.220000E+002  0.200000E+001  0.100000E+001  0.500000E+000  0.300000E+000  0.200000E+001  0.100000E+001  0.100000E+001  0.100000E+002
  0.356000E+003  0.300000E+002  0.299269E+002 -0.309269E+001 -0.522082E-003  0.372285E-002  0.375928E-002 -0.388246E-003  0.303583E-002  0.306055E-002  0.220000E+002  0.200000E+001  0.100000E+001  0.500000E+000  0.300000E+000  0.200000E+001  0.100000E+001  0.100000E+001  0.100000E+002
  0.356500E+003  0.300000E+002  0.299440E+002 -0.283146E+001 -0.319193E-004  0.387685E-002  0.387698E-002 -0.785585E-005  0.311517E-002  0.311518E-002  0.220000E+002  0.200000E+001  0.100000E+001  0.500000E+000  0.300000E+000  0.200000E+001  0.100000E+001  0.100000E+001  0.100000E+002
