 % the field is pss
% Dinn5 settings , t1, t2, t3, t4, tm, tp, eps, step, IntLimit
%   0.250000E+001  0.250000E+001  0.250000E+001  0.280000E+002  0.200000E-001  0.000000E+000  0.100000E-005  0.100000E-001  0.100000E+006
%psi, R, x, z, re(u), im(u), abs(u), re(w), im(w), abs(w), fieldCode, cp(1), cp(2), cs(1), cs(2), rho(1), rho(2), h, w
  0.183000E+003  0.300000E+002 -0.299589E+002 -0.257008E+001 -0.168448E-003 -0.589631E-004  0.178470E-003 -0.126217E-003 -0.441807E-004  0.133726E-003  0.220000E+002  0.200000E+001  0.100000E+001  0.500000E+000  0.300000E+000  0.200000E+001  0.100000E+001  0.100000E+001  0.100000E+002
  0.183500E+003  0.300000E+002 -0.299440E+002 -0.283146E+001 -0.135713E-003 -0.120847E-003  0.181720E-003 -0.101688E-003 -0.905487E-004  0.136160E-003  0.220000E+002  0.200000E+001  0.100000E+001  0.500000E+000  0.300000E+000  0.200000E+001  0.100000E+001  0.100000E+001  0.100000E+002
  0.184000E+003  0.300000E+002 -0.299269E+002 -0.309269E+001 -0.890330E-004 -0.162282E-003  0.185101E-003 -0.667100E-004 -0.121593E-003  0.138691E-003  0.220000E+002  0.200000E+001  0.100000E+001  0.500000E+000  0.300000E+000  0.200000E+001  0.100000E+001  0.100000E+001  0.100000E+002
  0.184500E+003  0.300000E+002 -0.299075E+002 -0.335377E+001 -0.393368E-004 -0.184455E-003  0.188603E-003 -0.294736E-004 -0.138205E-003  0.141313E-003  0.220000E+002  0.200000E+001  0.100000E+001  0.500000E+000  0.300000E+000  0.200000E+001  0.100000E+001  0.100000E+001  0.100000E+002
  0.185000E+003  0.300000E+002 -0.298858E+002 -0.361467E+001  0.600873E-005 -0.192135E-003  0.192229E-003  0.450204E-005 -0.143957E-003  0.144028E-003  0.220000E+002  0.200000E+001  0.100000E+001  0.500000E+000  0.300000E+000  0.200000E+001  0.100000E+001  0.100000E+001  0.100000E+002
  0.185500E+003  0.300000E+002 -0.298619E+002 -0.387537E+001  0.431211E-004 -0.191196E-003  0.195998E-003  0.323079E-004 -0.143251E-003  0.146849E-003  0.220000E+002  0.200000E+001  0.100000E+001  0.500000E+000  0.300000E+000  0.200000E+001  0.100000E+001  0.100000E+001  0.100000E+002
  0.186000E+003  0.300000E+002 -0.298357E+002 -0.413585E+001  0.706241E-004 -0.187008E-003  0.199899E-003  0.529134E-004 -0.140111E-003  0.149770E-003  0.220000E+002  0.200000E+001  0.100000E+001  0.500000E+000  0.300000E+000  0.200000E+001  0.100000E+001  0.100000E+001  0.100000E+002
  0.186500E+003  0.300000E+002 -0.298072E+002 -0.439610E+001  0.884501E-004 -0.183774E-003  0.203952E-003  0.662680E-004 -0.137686E-003  0.152803E-003  0.220000E+002  0.200000E+001  0.100000E+001  0.500000E+000  0.300000E+000  0.200000E+001  0.100000E+001  0.100000E+001  0.100000E+002
  0.187000E+003  0.300000E+002 -0.297764E+002 -0.465608E+001  0.968216E-004 -0.184272E-003  0.208160E-003  0.725387E-004 -0.138057E-003  0.155954E-003  0.220000E+002  0.200000E+001  0.100000E+001  0.500000E+000  0.300000E+000  0.200000E+001  0.100000E+001  0.100000E+001  0.100000E+002
  0.187500E+003  0.300000E+002 -0.297433E+002 -0.491579E+001  0.955383E-004 -0.189845E-003  0.212529E-003  0.715759E-004 -0.142229E-003  0.159224E-003  0.220000E+002  0.200000E+001  0.100000E+001  0.500000E+000  0.300000E+000  0.200000E+001  0.100000E+001  0.100000E+001  0.100000E+002
  0.188000E+003  0.300000E+002 -0.297080E+002 -0.517519E+001  0.836228E-004 -0.200310E-003  0.217064E-003  0.626479E-004 -0.150067E-003  0.162618E-003  0.220000E+002  0.200000E+001  0.100000E+001  0.500000E+000  0.300000E+000  0.200000E+001  0.100000E+001  0.100000E+001  0.100000E+002
  0.188500E+003  0.300000E+002 -0.296705E+002 -0.543428E+001  0.593701E-004 -0.213691E-003  0.221785E-003  0.444776E-004 -0.160088E-003  0.166152E-003  0.220000E+002  0.200000E+001  0.100000E+001  0.500000E+000  0.300000E+000  0.200000E+001  0.100000E+001  0.100000E+001  0.100000E+002
  0.189000E+003  0.300000E+002 -0.296307E+002 -0.569303E+001  0.209077E-004 -0.225717E-003  0.226683E-003  0.156628E-004 -0.169094E-003  0.169818E-003  0.220000E+002  0.200000E+001  0.100000E+001  0.500000E+000  0.300000E+000  0.200000E+001  0.100000E+001  0.100000E+001  0.100000E+002
  0.189500E+003  0.300000E+002 -0.295886E+002 -0.595143E+001 -0.325504E-004 -0.229482E-003  0.231779E-003 -0.243844E-004 -0.171911E-003  0.173632E-003  0.220000E+002  0.200000E+001  0.100000E+001  0.500000E+000  0.300000E+000  0.200000E+001  0.100000E+001  0.100000E+001  0.100000E+002
  0.190000E+003  0.300000E+002 -0.295442E+002 -0.620945E+001 -0.986821E-004 -0.215582E-003  0.237095E-003 -0.739238E-004 -0.161495E-003  0.177610E-003  0.220000E+002  0.200000E+001  0.100000E+001  0.500000E+000  0.300000E+000  0.200000E+001  0.100000E+001  0.100000E+001  0.100000E+002
  0.190500E+003  0.300000E+002 -0.294976E+002 -0.646707E+001 -0.169453E-003 -0.173640E-003  0.242621E-003 -0.126936E-003 -0.130073E-003  0.181746E-003  0.220000E+002  0.200000E+001  0.100000E+001  0.500000E+000  0.300000E+000  0.200000E+001  0.100000E+001  0.100000E+001  0.100000E+002
  0.191000E+003  0.300000E+002 -0.294488E+002 -0.672427E+001 -0.228984E-003 -0.961920E-004  0.248368E-003 -0.171527E-003 -0.720551E-004  0.186047E-003  0.220000E+002  0.200000E+001  0.100000E+001  0.500000E+000  0.300000E+000  0.200000E+001  0.100000E+001  0.100000E+001  0.100000E+002
  0.191500E+003  0.300000E+002 -0.293977E+002 -0.698104E+001 -0.253919E-003  0.149110E-004  0.254356E-003 -0.190200E-003  0.111692E-004  0.190528E-003  0.220000E+002  0.200000E+001  0.100000E+001  0.500000E+000  0.300000E+000  0.200000E+001  0.100000E+001  0.100000E+001  0.100000E+002
  0.192000E+003  0.300000E+002 -0.293444E+002 -0.723735E+001 -0.219128E-003  0.141041E-003  0.260595E-003 -0.164136E-003  0.105645E-003  0.195196E-003  0.220000E+002  0.200000E+001  0.100000E+001  0.500000E+000  0.300000E+000  0.200000E+001  0.100000E+001  0.100000E+001  0.100000E+002
  0.192500E+003  0.300000E+002 -0.292889E+002 -0.749319E+001 -0.110943E-003  0.242978E-003  0.267108E-003 -0.830987E-004  0.181995E-003  0.200069E-003  0.220000E+002  0.200000E+001  0.100000E+001  0.500000E+000  0.300000E+000  0.200000E+001  0.100000E+001  0.100000E+001  0.100000E+002
  0.193000E+003  0.300000E+002 -0.292311E+002 -0.774853E+001  0.544121E-004  0.268431E-003  0.273890E-003  0.407546E-004  0.201055E-003  0.205144E-003  0.220000E+002  0.200000E+001  0.100000E+001  0.500000E+000  0.300000E+000  0.200000E+001  0.100000E+001  0.100000E+001  0.100000E+002
  0.193500E+003  0.300000E+002 -0.291711E+002 -0.800336E+001  0.217726E-003  0.177612E-003  0.280982E-003  0.163072E-003  0.133028E-003  0.210449E-003  0.220000E+002  0.200000E+001  0.100000E+001  0.500000E+000  0.300000E+000  0.200000E+001  0.100000E+001  0.100000E+001  0.100000E+002
  0.194000E+003  0.300000E+002 -0.291089E+002 -0.825766E+001  0.287845E-003 -0.175383E-004  0.288379E-003  0.215584E-003 -0.131354E-004  0.215983E-003  0.220000E+002  0.200000E+001  0.100000E+001  0.500000E+000  0.300000E+000  0.200000E+001  0.100000E+001  0.100000E+001  0.100000E+002
  0.194500E+003  0.300000E+002 -0.290444E+002 -0.851140E+001  0.192063E-003 -0.225371E-003  0.296109E-003  0.143843E-003 -0.168788E-003  0.221766E-003  0.220000E+002  0.200000E+001  0.100000E+001  0.500000E+000  0.300000E+000  0.200000E+001  0.100000E+001  0.100000E+001  0.100000E+002
  0.195000E+003  0.300000E+002 -0.289778E+002 -0.876457E+001 -0.478057E-004 -0.300388E-003  0.304168E-003 -0.358022E-004 -0.224964E-003  0.227795E-003  0.220000E+002  0.200000E+001  0.100000E+001  0.500000E+000  0.300000E+000  0.200000E+001  0.100000E+001  0.100000E+001  0.100000E+002
  0.195500E+003  0.300000E+002 -0.289089E+002 -0.901715E+001 -0.275906E-003 -0.146986E-003  0.312617E-003 -0.206622E-003 -0.110076E-003  0.234114E-003  0.220000E+002  0.200000E+001  0.100000E+001  0.500000E+000  0.300000E+000  0.200000E+001  0.100000E+001  0.100000E+001  0.100000E+002
  0.196000E+003  0.300000E+002 -0.288379E+002 -0.926912E+001 -0.282984E-003  0.152487E-003  0.321454E-003 -0.211915E-003  0.114192E-003  0.240724E-003  0.220000E+002  0.200000E+001  0.100000E+001  0.500000E+000  0.300000E+000  0.200000E+001  0.100000E+001  0.100000E+001  0.100000E+002
  0.196500E+003  0.300000E+002 -0.287646E+002 -0.952046E+001 -0.106297E-004  0.330524E-003  0.330694E-003 -0.795990E-005  0.247507E-003  0.247635E-003  0.220000E+002  0.200000E+001  0.100000E+001  0.500000E+000  0.300000E+000  0.200000E+001  0.100000E+001  0.100000E+001  0.100000E+002
  0.197000E+003  0.300000E+002 -0.286891E+002 -0.977115E+001  0.299130E-003  0.162433E-003  0.340387E-003  0.223990E-003  0.121631E-003  0.254883E-003  0.220000E+002  0.200000E+001  0.100000E+001  0.500000E+000  0.300000E+000  0.200000E+001  0.100000E+001  0.100000E+001  0.100000E+002
  0.197500E+003  0.300000E+002 -0.286115E+002 -0.100212E+002  0.274874E-003 -0.217526E-003  0.350533E-003  0.205819E-003 -0.162879E-003  0.262471E-003  0.220000E+002  0.200000E+001  0.100000E+001  0.500000E+000  0.300000E+000  0.200000E+001  0.100000E+001  0.100000E+001  0.100000E+002
  0.198000E+003  0.300000E+002 -0.285317E+002 -0.102705E+002 -0.116153E-003 -0.341981E-003  0.361168E-003 -0.869689E-004 -0.256057E-003  0.270423E-003  0.220000E+002  0.200000E+001  0.100000E+001  0.500000E+000  0.300000E+000  0.200000E+001  0.100000E+001  0.100000E+001  0.100000E+002
  0.198500E+003  0.300000E+002 -0.284497E+002 -0.105191E+002 -0.371922E-003  0.177276E-004  0.372344E-003 -0.278463E-003  0.132729E-004  0.278779E-003  0.220000E+002  0.200000E+001  0.100000E+001  0.500000E+000  0.300000E+000  0.200000E+001  0.100000E+001  0.100000E+001  0.100000E+002
  0.199000E+003  0.300000E+002 -0.283656E+002 -0.107670E+002 -0.648148E-004  0.378559E-003  0.384068E-003 -0.485256E-004  0.283420E-003  0.287544E-003  0.220000E+002  0.200000E+001  0.100000E+001  0.500000E+000  0.300000E+000  0.200000E+001  0.100000E+001  0.100000E+001  0.100000E+002
  0.199500E+003  0.300000E+002 -0.282792E+002 -0.110142E+002  0.375781E-003  0.126116E-003  0.396379E-003  0.281327E-003  0.944164E-004  0.296748E-003  0.220000E+002  0.200000E+001  0.100000E+001  0.500000E+000  0.300000E+000  0.200000E+001  0.100000E+001  0.100000E+001  0.100000E+002
  0.200000E+003  0.300000E+002 -0.281908E+002 -0.112606E+002  0.164918E-003 -0.374644E-003  0.409336E-003  0.123459E-003 -0.280462E-003  0.306433E-003  0.220000E+002  0.200000E+001  0.100000E+001  0.500000E+000  0.300000E+000  0.200000E+001  0.100000E+001  0.100000E+001  0.100000E+002
  0.200500E+003  0.300000E+002 -0.281002E+002 -0.115062E+002 -0.382347E-003 -0.180863E-003  0.422966E-003 -0.286214E-003 -0.135389E-003  0.316621E-003  0.220000E+002  0.200000E+001  0.100000E+001  0.500000E+000  0.300000E+000  0.200000E+001  0.100000E+001  0.100000E+001  0.100000E+002
  0.201000E+003  0.300000E+002 -0.280074E+002 -0.117510E+002 -0.172289E-003  0.401931E-003  0.437301E-003 -0.128964E-003  0.300859E-003  0.327334E-003  0.220000E+002  0.200000E+001  0.100000E+001  0.500000E+000  0.300000E+000  0.200000E+001  0.100000E+001  0.100000E+001  0.100000E+002
  0.201500E+003  0.300000E+002 -0.279125E+002 -0.119950E+002  0.431723E-003  0.135277E-003  0.452420E-003  0.323141E-003  0.101254E-003  0.338633E-003  0.220000E+002  0.200000E+001  0.100000E+001  0.500000E+000  0.300000E+000  0.200000E+001  0.100000E+001  0.100000E+001  0.100000E+002
  0.202000E+003  0.300000E+002 -0.278155E+002 -0.122382E+002  0.642343E-004 -0.463936E-003  0.468361E-003  0.480761E-004 -0.347232E-003  0.350544E-003  0.220000E+002  0.200000E+001  0.100000E+001  0.500000E+000  0.300000E+000  0.200000E+001  0.100000E+001  0.100000E+001  0.100000E+002
  0.202500E+003  0.300000E+002 -0.277164E+002 -0.124805E+002 -0.483055E-003  0.453427E-004  0.485179E-003 -0.361520E-003  0.339347E-004  0.363109E-003  0.220000E+002  0.200000E+001  0.100000E+001  0.500000E+000  0.300000E+000  0.200000E+001  0.100000E+001  0.100000E+001  0.100000E+002
  0.203000E+003  0.300000E+002 -0.276151E+002 -0.127219E+002  0.191302E-003  0.465128E-003  0.502932E-003  0.143162E-003  0.348081E-003  0.376371E-003  0.220000E+002  0.200000E+001  0.100000E+001  0.500000E+000  0.300000E+000  0.200000E+001  0.100000E+001  0.100000E+001  0.100000E+002
  0.203500E+003  0.300000E+002 -0.275118E+002 -0.129625E+002  0.380808E-003 -0.356610E-003  0.521714E-003  0.284961E-003 -0.266853E-003  0.390401E-003  0.220000E+002  0.200000E+001  0.100000E+001  0.500000E+000  0.300000E+000  0.200000E+001  0.100000E+001  0.100000E+001  0.100000E+002
  0.204000E+003  0.300000E+002 -0.274064E+002 -0.132021E+002 -0.500951E-003 -0.205757E-003  0.541561E-003 -0.374837E-003 -0.153958E-003  0.405224E-003  0.220000E+002  0.200000E+001  0.100000E+001  0.500000E+000  0.300000E+000  0.200000E+001  0.100000E+001  0.100000E+001  0.100000E+002
  0.204500E+003  0.300000E+002 -0.272988E+002 -0.134408E+002  0.590663E-004  0.559482E-003  0.562591E-003  0.441932E-004  0.418602E-003  0.420929E-003  0.220000E+002  0.200000E+001  0.100000E+001  0.500000E+000  0.300000E+000  0.200000E+001  0.100000E+001  0.100000E+001  0.100000E+002
  0.205000E+003  0.300000E+002 -0.271892E+002 -0.136785E+002  0.459593E-003 -0.361749E-003  0.584883E-003  0.343839E-003 -0.270638E-003  0.437573E-003  0.220000E+002  0.200000E+001  0.100000E+001  0.500000E+000  0.300000E+000  0.200000E+001  0.100000E+001  0.100000E+001  0.100000E+002
  0.205500E+003  0.300000E+002 -0.270776E+002 -0.139153E+002 -0.585605E-003 -0.165408E-003  0.608517E-003 -0.438077E-003 -0.123737E-003  0.455217E-003  0.220000E+002  0.200000E+001  0.100000E+001  0.500000E+000  0.300000E+000  0.200000E+001  0.100000E+001  0.100000E+001  0.100000E+002
  0.206000E+003  0.300000E+002 -0.269638E+002 -0.141511E+002  0.258796E-003  0.578354E-003  0.633616E-003  0.193582E-003  0.432615E-003  0.473951E-003  0.220000E+002  0.200000E+001  0.100000E+001  0.500000E+000  0.300000E+000  0.200000E+001  0.100000E+001  0.100000E+001  0.100000E+002
  0.206500E+003  0.300000E+002 -0.268480E+002 -0.143859E+002  0.248816E-003 -0.611616E-003  0.660291E-003  0.186099E-003 -0.457453E-003  0.493859E-003  0.220000E+002  0.200000E+001  0.100000E+001  0.500000E+000  0.300000E+000  0.200000E+001  0.100000E+001  0.100000E+001  0.100000E+002
  0.207000E+003  0.300000E+002 -0.267302E+002 -0.146197E+002 -0.621522E-003  0.296591E-003  0.688662E-003 -0.464816E-003  0.221811E-003  0.515029E-003  0.220000E+002  0.200000E+001  0.100000E+001  0.500000E+000  0.300000E+000  0.200000E+001  0.100000E+001  0.100000E+001  0.100000E+002
  0.207500E+003  0.300000E+002 -0.266103E+002 -0.148525E+002  0.700658E-003  0.160885E-003  0.718892E-003  0.523946E-003  0.120308E-003  0.537581E-003  0.220000E+002  0.200000E+001  0.100000E+001  0.500000E+000  0.300000E+000  0.200000E+001  0.100000E+001  0.100000E+001  0.100000E+002
  0.208000E+003  0.300000E+002 -0.264884E+002 -0.150841E+002 -0.507934E-003 -0.553337E-003  0.751118E-003 -0.379787E-003 -0.413735E-003  0.561618E-003  0.220000E+002  0.200000E+001  0.100000E+001  0.500000E+000  0.300000E+000  0.200000E+001  0.100000E+001  0.100000E+001  0.100000E+002
  0.208500E+003  0.300000E+002 -0.263645E+002 -0.153148E+002  0.162955E-003  0.768419E-003  0.785507E-003  0.121829E-003  0.574487E-003  0.587263E-003  0.220000E+002  0.200000E+001  0.100000E+001  0.500000E+000  0.300000E+000  0.200000E+001  0.100000E+001  0.100000E+001  0.100000E+002
  0.209000E+003  0.300000E+002 -0.262386E+002 -0.155443E+002  0.207927E-003 -0.795548E-003  0.822272E-003  0.155432E-003 -0.594697E-003  0.614673E-003  0.220000E+002  0.200000E+001  0.100000E+001  0.500000E+000  0.300000E+000  0.200000E+001  0.100000E+001  0.100000E+001  0.100000E+002
  0.209500E+003  0.300000E+002 -0.261107E+002 -0.157727E+002 -0.522082E-003  0.685413E-003  0.861603E-003 -0.390221E-003  0.512300E-003  0.643991E-003  0.220000E+002  0.200000E+001  0.100000E+001  0.500000E+000  0.300000E+000  0.200000E+001  0.100000E+001  0.100000E+001  0.100000E+002
  0.210000E+003  0.300000E+002 -0.259808E+002 -0.160000E+002  0.748875E-003 -0.505874E-003  0.903727E-003  0.559656E-003 -0.378054E-003  0.675381E-003  0.220000E+002  0.200000E+001  0.100000E+001  0.500000E+000  0.300000E+000  0.200000E+001  0.100000E+001  0.100000E+001  0.100000E+002
  0.210500E+003  0.300000E+002 -0.258489E+002 -0.162262E+002 -0.895173E-003  0.314821E-003  0.948919E-003 -0.668889E-003  0.235240E-003  0.709049E-003  0.220000E+002  0.200000E+001  0.100000E+001  0.500000E+000  0.300000E+000  0.200000E+001  0.100000E+001  0.100000E+001  0.100000E+002
  0.211000E+003  0.300000E+002 -0.257150E+002 -0.164511E+002  0.985909E-003 -0.151338E-003  0.997457E-003  0.736572E-003 -0.113065E-003  0.745200E-003  0.220000E+002  0.200000E+001  0.100000E+001  0.500000E+000  0.300000E+000  0.200000E+001  0.100000E+001  0.100000E+001  0.100000E+002
  0.211500E+003  0.300000E+002 -0.255792E+002 -0.166750E+002 -0.104895E-002  0.385563E-004  0.104966E-002 -0.783538E-003  0.288005E-004  0.784068E-003  0.220000E+002  0.200000E+001  0.100000E+001  0.500000E+000  0.300000E+000  0.200000E+001  0.100000E+001  0.100000E+001  0.100000E+002
  0.212000E+003  0.300000E+002 -0.254414E+002 -0.168976E+002  0.110583E-002  0.919684E-005  0.110587E-002  0.825877E-003  0.686854E-005  0.825906E-003  0.220000E+002  0.200000E+001  0.100000E+001  0.500000E+000  0.300000E+000  0.200000E+001  0.100000E+001  0.100000E+001  0.100000E+002
  0.212500E+003  0.300000E+002 -0.253017E+002 -0.171190E+002 -0.116634E-002  0.202675E-004  0.116651E-002 -0.870894E-003  0.151336E-004  0.871026E-003  0.220000E+002  0.200000E+001  0.100000E+001  0.500000E+000  0.300000E+000  0.200000E+001  0.100000E+001  0.100000E+001  0.100000E+002
  0.213000E+003  0.300000E+002 -0.251601E+002 -0.173392E+002  0.122400E-002 -0.140164E-003  0.123200E-002  0.913765E-003 -0.104638E-003  0.919736E-003  0.220000E+002  0.200000E+001  0.100000E+001  0.500000E+000  0.300000E+000  0.200000E+001  0.100000E+001  0.100000E+001  0.100000E+002
  0.213500E+003  0.300000E+002 -0.250166E+002 -0.175581E+002 -0.125146E-002  0.362325E-003  0.130286E-002 -0.934052E-003  0.270428E-003  0.972412E-003  0.220000E+002  0.200000E+001  0.100000E+001  0.500000E+000  0.300000E+000  0.200000E+001  0.100000E+001  0.100000E+001  0.100000E+002
  0.214000E+003  0.300000E+002 -0.248711E+002 -0.177758E+002  0.119661E-002 -0.686679E-003  0.137963E-002  0.892894E-003 -0.512393E-003  0.102947E-002  0.220000E+002  0.200000E+001  0.100000E+001  0.500000E+000  0.300000E+000  0.200000E+001  0.100000E+001  0.100000E+001  0.100000E+002
  0.214500E+003  0.300000E+002 -0.247238E+002 -0.179922E+002 -0.985509E-003  0.108121E-002  0.146295E-002 -0.735185E-003  0.806575E-003  0.109136E-002  0.220000E+002  0.200000E+001  0.100000E+001  0.500000E+000  0.300000E+000  0.200000E+001  0.100000E+001  0.100000E+001  0.100000E+002
  0.215000E+003  0.300000E+002 -0.245746E+002 -0.182073E+002  0.542492E-003 -0.145572E-002  0.155352E-002  0.404583E-003 -0.108565E-002  0.115859E-002  0.220000E+002  0.200000E+001  0.100000E+001  0.500000E+000  0.300000E+000  0.200000E+001  0.100000E+001  0.100000E+001  0.100000E+002
  0.215500E+003  0.300000E+002 -0.244235E+002 -0.184211E+002  0.160961E-003  0.164430E-002  0.165216E-002  0.120006E-003  0.122592E-002  0.123178E-002  0.220000E+002  0.200000E+001  0.100000E+001  0.500000E+000  0.300000E+000  0.200000E+001  0.100000E+001  0.100000E+001  0.100000E+002
  0.216000E+003  0.300000E+002 -0.242705E+002 -0.186336E+002 -0.102808E-002 -0.142821E-002  0.175976E-002 -0.766243E-003 -0.106446E-002  0.131157E-002  0.220000E+002  0.200000E+001  0.100000E+001  0.500000E+000  0.300000E+000  0.200000E+001  0.100000E+001  0.100000E+001  0.100000E+002
  0.216500E+003  0.300000E+002 -0.241157E+002 -0.188447E+002  0.176456E-002  0.640845E-003  0.187733E-002  0.131468E-002  0.477459E-003  0.139869E-002  0.220000E+002  0.200000E+001  0.100000E+001  0.500000E+000  0.300000E+000  0.200000E+001  0.100000E+001  0.100000E+001  0.100000E+002
  0.217000E+003  0.300000E+002 -0.239591E+002 -0.190545E+002 -0.190266E-002  0.635746E-003  0.200607E-002 -0.141702E-002  0.473475E-003  0.149403E-002  0.220000E+002  0.200000E+001  0.100000E+001  0.500000E+000  0.300000E+000  0.200000E+001  0.100000E+001  0.100000E+001  0.100000E+002
  0.217500E+003  0.300000E+002 -0.238006E+002 -0.192628E+002  0.103898E-002 -0.187916E-002  0.214726E-002  0.773457E-003 -0.139892E-002  0.159850E-002  0.220000E+002  0.200000E+001  0.100000E+001  0.500000E+000  0.300000E+000  0.200000E+001  0.100000E+001  0.100000E+001  0.100000E+002
  0.218000E+003  0.300000E+002 -0.236403E+002 -0.194698E+002  0.703963E-003  0.219217E-002  0.230242E-002  0.523811E-003  0.163117E-002  0.171321E-002  0.220000E+002  0.200000E+001  0.100000E+001  0.500000E+000  0.300000E+000  0.200000E+001  0.100000E+001  0.100000E+001  0.100000E+002
  0.218500E+003  0.300000E+002 -0.234782E+002 -0.196754E+002 -0.230439E-002 -0.898219E-003  0.247326E-002 -0.171379E-002 -0.668013E-003  0.183938E-002  0.220000E+002  0.200000E+001  0.100000E+001  0.500000E+000  0.300000E+000  0.200000E+001  0.100000E+001  0.100000E+001  0.100000E+002
  0.219000E+003  0.300000E+002 -0.233144E+002 -0.198796E+002  0.221259E-002 -0.147951E-002  0.266168E-002  0.164460E-002 -0.109971E-002  0.197840E-002  0.220000E+002  0.200000E+001  0.100000E+001  0.500000E+000  0.300000E+000  0.200000E+001  0.100000E+001  0.100000E+001  0.100000E+002
  0.219500E+003  0.300000E+002 -0.231487E+002 -0.200823E+002  0.150245E-003  0.286597E-002  0.286990E-002  0.111606E-003  0.212892E-002  0.213185E-002  0.220000E+002  0.200000E+001  0.100000E+001  0.500000E+000  0.300000E+000  0.200000E+001  0.100000E+001  0.100000E+001  0.100000E+002
  0.220000E+003  0.300000E+002 -0.229813E+002 -0.202836E+002 -0.284106E-002 -0.124134E-002  0.310041E-002 -0.210897E-002 -0.921468E-003  0.230149E-002  0.220000E+002  0.200000E+001  0.100000E+001  0.500000E+000  0.300000E+000  0.200000E+001  0.100000E+001  0.100000E+001  0.100000E+002
  0.220500E+003  0.300000E+002 -0.228122E+002 -0.204834E+002  0.241573E-002 -0.232966E-002  0.335605E-002  0.179188E-002 -0.172803E-002  0.248936E-002  0.220000E+002  0.200000E+001  0.100000E+001  0.500000E+000  0.300000E+000  0.200000E+001  0.100000E+001  0.100000E+001  0.100000E+002
  0.221000E+003  0.300000E+002 -0.226413E+002 -0.206818E+002  0.157766E-002  0.328031E-002  0.363998E-002  0.116925E-002  0.243113E-002  0.269769E-002  0.220000E+002  0.200000E+001  0.100000E+001  0.500000E+000  0.300000E+000  0.200000E+001  0.100000E+001  0.100000E+001  0.100000E+002
  0.221500E+003  0.300000E+002 -0.224687E+002 -0.208786E+002 -0.387552E-002  0.793122E-003  0.395584E-002 -0.286955E-002  0.587252E-003  0.292903E-002  0.220000E+002  0.200000E+001  0.100000E+001  0.500000E+000  0.300000E+000  0.200000E+001  0.100000E+001  0.100000E+001  0.100000E+002
  0.222000E+003  0.300000E+002 -0.222943E+002 -0.210739E+002 -0.119797E-003 -0.430595E-002  0.430761E-002 -0.886083E-004 -0.318490E-002  0.318613E-002  0.220000E+002  0.200000E+001  0.100000E+001  0.500000E+000  0.300000E+000  0.200000E+001  0.100000E+001  0.100000E+001  0.100000E+002
  0.222500E+003  0.300000E+002 -0.221183E+002 -0.212677E+002  0.468686E-002  0.347779E-003  0.469975E-002  0.346256E-002  0.256932E-003  0.347208E-002  0.220000E+002  0.200000E+001  0.100000E+001  0.500000E+000  0.300000E+000  0.200000E+001  0.100000E+001  0.100000E+001  0.100000E+002
  0.223000E+003  0.300000E+002 -0.219406E+002 -0.214600E+002 -0.533613E-003  0.510938E-002  0.513716E-002 -0.393700E-003  0.376970E-002  0.379020E-002  0.220000E+002  0.200000E+001  0.100000E+001  0.500000E+000  0.300000E+000  0.200000E+001  0.100000E+001  0.100000E+001  0.100000E+002
  0.223500E+003  0.300000E+002 -0.217612E+002 -0.216506E+002 -0.561410E-002 -0.351634E-003  0.562510E-002 -0.413589E-002 -0.259047E-003  0.414399E-002  0.220000E+002  0.200000E+001  0.100000E+001  0.500000E+000  0.300000E+000  0.200000E+001  0.100000E+001  0.100000E+001  0.100000E+002
  0.224000E+003  0.300000E+002 -0.215802E+002 -0.218398E+002 -0.308173E-003 -0.616139E-002  0.616910E-002 -0.226646E-003 -0.453141E-002  0.453707E-002  0.220000E+002  0.200000E+001  0.100000E+001  0.500000E+000  0.300000E+000  0.200000E+001  0.100000E+001  0.100000E+001  0.100000E+002
  0.224500E+003  0.300000E+002 -0.213975E+002 -0.220273E+002  0.659190E-002 -0.156370E-002  0.677483E-002  0.483874E-002 -0.114782E-002  0.497302E-002  0.220000E+002  0.200000E+001  0.100000E+001  0.500000E+000  0.300000E+000  0.200000E+001  0.100000E+001  0.100000E+001  0.100000E+002
  0.225000E+003  0.300000E+002 -0.212132E+002 -0.222132E+002  0.347541E-002  0.658722E-002  0.744782E-002  0.254555E-002  0.482479E-002  0.545513E-002  0.220000E+002  0.200000E+001  0.100000E+001  0.500000E+000  0.300000E+000  0.200000E+001  0.100000E+001  0.100000E+001  0.100000E+002
  0.225500E+003  0.300000E+002 -0.210273E+002 -0.223975E+002 -0.566842E-002  0.591563E-002  0.819302E-002 -0.414154E-002  0.432216E-002  0.598610E-002  0.220000E+002  0.200000E+001  0.100000E+001  0.500000E+000  0.300000E+000  0.200000E+001  0.100000E+001  0.100000E+001  0.100000E+002
  0.226000E+003  0.300000E+002 -0.208398E+002 -0.225802E+002 -0.838697E-002 -0.330423E-002  0.901439E-002 -0.611055E-002 -0.240738E-002  0.656767E-002  0.220000E+002  0.200000E+001  0.100000E+001  0.500000E+000  0.300000E+000  0.200000E+001  0.100000E+001  0.100000E+001  0.100000E+002
  0.226500E+003  0.300000E+002 -0.206506E+002 -0.227612E+002 -0.787785E-003 -0.988283E-002  0.991418E-002 -0.572118E-003 -0.717728E-002  0.720004E-002  0.220000E+002  0.200000E+001  0.100000E+001  0.500000E+000  0.300000E+000  0.200000E+001  0.100000E+001  0.100000E+001  0.100000E+002
  0.227000E+003  0.300000E+002 -0.204600E+002 -0.229406E+002  0.899746E-002 -0.613900E-002  0.108923E-001  0.651040E-002 -0.444207E-002  0.788145E-002  0.220000E+002  0.200000E+001  0.100000E+001  0.500000E+000  0.300000E+000  0.200000E+001  0.100000E+001  0.100000E+001  0.100000E+002
  0.227500E+003  0.300000E+002 -0.202677E+002 -0.231183E+002  0.110462E-001  0.454715E-002  0.119455E-001  0.795958E-002  0.327656E-002  0.860760E-002  0.220000E+002  0.200000E+001  0.100000E+001  0.500000E+000  0.300000E+000  0.200000E+001  0.100000E+001  0.100000E+001  0.100000E+002
  0.228000E+003  0.300000E+002 -0.200739E+002 -0.232943E+002  0.324529E-002  0.126576E-001  0.130670E-001  0.232744E-002  0.907772E-002  0.937134E-002  0.220000E+002  0.200000E+001  0.100000E+001  0.500000E+000  0.300000E+000  0.200000E+001  0.100000E+001  0.100000E+001  0.100000E+002
  0.228500E+003  0.300000E+002 -0.198786E+002 -0.234687E+002 -0.829013E-002  0.115858E-001  0.142463E-001 -0.591379E-002  0.826479E-002  0.101627E-001  0.220000E+002  0.200000E+001  0.100000E+001  0.500000E+000  0.300000E+000  0.200000E+001  0.100000E+001  0.100000E+001  0.100000E+002
  0.229000E+003  0.300000E+002 -0.196818E+002 -0.236413E+002 -0.153351E-001  0.203394E-002  0.154694E-001 -0.108738E-001  0.144222E-002  0.109690E-001  0.220000E+002  0.200000E+001  0.100000E+001  0.500000E+000  0.300000E+000  0.200000E+001  0.100000E+001  0.100000E+001  0.100000E+002
  0.229500E+003  0.300000E+002 -0.194834E+002 -0.238122E+002 -0.134598E-001 -0.991913E-002  0.167199E-001 -0.948015E-002 -0.698634E-002  0.117763E-001  0.220000E+002  0.200000E+001  0.100000E+001  0.500000E+000  0.300000E+000  0.200000E+001  0.100000E+001  0.100000E+001  0.100000E+002
  0.230000E+003  0.300000E+002 -0.192836E+002 -0.239813E+002 -0.385599E-002 -0.175620E-001  0.179804E-001 -0.269570E-002 -0.122775E-001  0.125700E-001  0.220000E+002  0.200000E+001  0.100000E+001  0.500000E+000  0.300000E+000  0.200000E+001  0.100000E+001  0.100000E+001  0.100000E+002
  0.230500E+003  0.300000E+002 -0.190823E+002 -0.241487E+002  0.853333E-002 -0.172374E-001  0.192340E-001  0.591678E-002 -0.119520E-001  0.133363E-001  0.220000E+002  0.200000E+001  0.100000E+001  0.500000E+000  0.300000E+000  0.200000E+001  0.100000E+001  0.100000E+001  0.100000E+002
  0.231000E+003  0.300000E+002 -0.188796E+002 -0.243144E+002  0.181968E-001 -0.936788E-002  0.204666E-001  0.125043E-001 -0.643736E-002  0.140641E-001  0.220000E+002  0.200000E+001  0.100000E+001  0.500000E+000  0.300000E+000  0.200000E+001  0.100000E+001  0.100000E+001  0.100000E+002
  0.231500E+003  0.300000E+002 -0.186754E+002 -0.244782E+002  0.215017E-001  0.267368E-002  0.216672E-001  0.146322E-001  0.181948E-002  0.147449E-001  0.220000E+002  0.200000E+001  0.100000E+001  0.500000E+000  0.300000E+000  0.200000E+001  0.100000E+001  0.100000E+001  0.100000E+002
  0.232000E+003  0.300000E+002 -0.184698E+002 -0.246403E+002  0.176116E-001  0.145264E-001  0.228295E-001  0.118602E-001  0.978249E-002  0.153740E-001  0.220000E+002  0.200000E+001  0.100000E+001  0.500000E+000  0.300000E+000  0.200000E+001  0.100000E+001  0.100000E+001  0.100000E+002
  0.232500E+003  0.300000E+002 -0.182628E+002 -0.248006E+002  0.810247E-002  0.225386E-001  0.239507E-001  0.539581E-002  0.150095E-001  0.159499E-001  0.220000E+002  0.200000E+001  0.100000E+001  0.500000E+000  0.300000E+000  0.200000E+001  0.100000E+001  0.100000E+001  0.100000E+002
  0.233000E+003  0.300000E+002 -0.180545E+002 -0.249591E+002 -0.408247E-002  0.246970E-001  0.250321E-001 -0.268669E-002  0.162532E-001  0.164737E-001  0.220000E+002  0.200000E+001  0.100000E+001  0.500000E+000  0.300000E+000  0.200000E+001  0.100000E+001  0.100000E+001  0.100000E+002
  0.233500E+003  0.300000E+002 -0.178447E+002 -0.251157E+002 -0.157467E-001  0.207862E-001  0.260773E-001 -0.102345E-001  0.135099E-001  0.169488E-001  0.220000E+002  0.200000E+001  0.100000E+001  0.500000E+000  0.300000E+000  0.200000E+001  0.100000E+001  0.100000E+001  0.100000E+002
  0.234000E+003  0.300000E+002 -0.176336E+002 -0.252705E+002 -0.242753E-001  0.120287E-001  0.270920E-001 -0.155728E-001  0.771650E-002  0.173798E-001  0.220000E+002  0.200000E+001  0.100000E+001  0.500000E+000  0.300000E+000  0.200000E+001  0.100000E+001  0.100000E+001  0.100000E+002
  0.234500E+003  0.300000E+002 -0.174211E+002 -0.254235E+002 -0.280787E-001  0.493966E-003  0.280830E-001 -0.177690E-001  0.312596E-003  0.177718E-001  0.220000E+002  0.200000E+001  0.100000E+001  0.500000E+000  0.300000E+000  0.200000E+001  0.100000E+001  0.100000E+001  0.100000E+002
  0.235000E+003  0.300000E+002 -0.172073E+002 -0.255746E+002 -0.266865E-001 -0.114962E-001  0.290574E-001 -0.166509E-001 -0.717299E-002  0.181302E-001  0.220000E+002  0.200000E+001  0.100000E+001  0.500000E+000  0.300000E+000  0.200000E+001  0.100000E+001  0.100000E+001  0.100000E+002
  0.235500E+003  0.300000E+002 -0.169922E+002 -0.257238E+002 -0.205989E-001 -0.218407E-001  0.300222E-001 -0.126660E-001 -0.134296E-001  0.184603E-001  0.220000E+002  0.200000E+001  0.100000E+001  0.500000E+000  0.300000E+000  0.200000E+001  0.100000E+001  0.100000E+001  0.100000E+002
  0.236000E+003  0.300000E+002 -0.167758E+002 -0.258711E+002 -0.110098E-001 -0.289623E-001  0.309844E-001 -0.666849E-002 -0.175421E-001  0.187668E-001  0.220000E+002  0.200000E+001  0.100000E+001  0.500000E+000  0.300000E+000  0.200000E+001  0.100000E+001  0.100000E+001  0.100000E+002
  0.236500E+003  0.300000E+002 -0.165581E+002 -0.260166E+002  0.507260E-003 -0.319461E-001  0.319501E-001  0.302513E-003 -0.190516E-001  0.190540E-001  0.220000E+002  0.200000E+001  0.100000E+001  0.500000E+000  0.300000E+000  0.200000E+001  0.100000E+001  0.100000E+001  0.100000E+002
  0.237000E+003  0.300000E+002 -0.163392E+002 -0.261601E+002  0.122872E-001 -0.305466E-001  0.329253E-001  0.721199E-002 -0.179294E-001  0.193255E-001  0.220000E+002  0.200000E+001  0.100000E+001  0.500000E+000  0.300000E+000  0.200000E+001  0.100000E+001  0.100000E+001  0.100000E+002
  0.237500E+003  0.300000E+002 -0.161190E+002 -0.263017E+002  0.228039E-001 -0.251037E-001  0.339148E-001  0.131684E-001 -0.144964E-001  0.195844E-001  0.220000E+002  0.200000E+001  0.100000E+001  0.500000E+000  0.300000E+000  0.200000E+001  0.100000E+001  0.100000E+001  0.100000E+002
  0.238000E+003  0.300000E+002 -0.158976E+002 -0.264414E+002  0.308298E-001 -0.164061E-001  0.349233E-001  0.175086E-001 -0.931718E-002  0.198333E-001  0.220000E+002  0.200000E+001  0.100000E+001  0.500000E+000  0.300000E+000  0.200000E+001  0.100000E+001  0.100000E+001  0.100000E+002
  0.238500E+003  0.300000E+002 -0.156750E+002 -0.265792E+002  0.355262E-001 -0.553473E-002  0.359547E-001  0.198349E-001 -0.309014E-002  0.200742E-001  0.220000E+002  0.200000E+001  0.100000E+001  0.500000E+000  0.300000E+000  0.200000E+001  0.100000E+001  0.100000E+001  0.100000E+002
  0.239000E+003  0.300000E+002 -0.154511E+002 -0.267150E+002  0.364737E-001  0.629201E-002  0.370124E-001  0.200130E-001  0.345240E-002  0.203086E-001  0.220000E+002  0.200000E+001  0.100000E+001  0.500000E+000  0.300000E+000  0.200000E+001  0.100000E+001  0.100000E+001  0.100000E+002
  0.239500E+003  0.300000E+002 -0.152262E+002 -0.268489E+002  0.336563E-001  0.178555E-001  0.380994E-001  0.181426E-001  0.962511E-002  0.205377E-001  0.220000E+002  0.200000E+001  0.100000E+001  0.500000E+000  0.300000E+000  0.200000E+001  0.100000E+001  0.100000E+001  0.100000E+002
  0.240000E+003  0.300000E+002 -0.150000E+002 -0.269808E+002  0.274109E-001  0.280482E-001  0.392181E-001  0.145115E-001  0.148489E-001  0.207623E-001  0.220000E+002  0.200000E+001  0.100000E+001  0.500000E+000  0.300000E+000  0.200000E+001  0.100000E+001  0.100000E+001  0.100000E+002
  0.240500E+003  0.300000E+002 -0.147727E+002 -0.271107E+002  0.183565E-001  0.359558E-001  0.403705E-001  0.954088E-002  0.186882E-001  0.209827E-001  0.220000E+002  0.200000E+001  0.100000E+001  0.500000E+000  0.300000E+000  0.200000E+001  0.100000E+001  0.100000E+001  0.100000E+002
  0.241000E+003  0.300000E+002 -0.145443E+002 -0.272386E+002  0.731304E-002  0.409098E-001  0.415583E-001  0.373045E-002  0.208685E-001  0.211993E-001  0.220000E+002  0.200000E+001  0.100000E+001  0.500000E+000  0.300000E+000  0.200000E+001  0.100000E+001  0.100000E+001  0.100000E+002
  0.241500E+003  0.300000E+002 -0.143148E+002 -0.273645E+002 -0.478269E-002  0.425145E-001  0.427827E-001 -0.239362E-002  0.212775E-001  0.214117E-001  0.220000E+002  0.200000E+001  0.100000E+001  0.500000E+000  0.300000E+000  0.200000E+001  0.100000E+001  0.100000E+001  0.100000E+002
  0.242000E+003  0.300000E+002 -0.140841E+002 -0.274884E+002 -0.169561E-001  0.406498E-001  0.440444E-001 -0.832306E-002  0.199534E-001  0.216197E-001  0.220000E+002  0.200000E+001  0.100000E+001  0.500000E+000  0.300000E+000  0.200000E+001  0.100000E+001  0.100000E+001  0.100000E+002
  0.242500E+003  0.300000E+002 -0.138525E+002 -0.276103E+002 -0.282655E-001  0.354558E-001  0.453437E-001 -0.136032E-001  0.170637E-001  0.218224E-001  0.220000E+002  0.200000E+001  0.100000E+001  0.500000E+000  0.300000E+000  0.200000E+001  0.100000E+001  0.100000E+001  0.100000E+002
  0.243000E+003  0.300000E+002 -0.136197E+002 -0.277302E+002 -0.378621E-001  0.273041E-001  0.466803E-001 -0.178594E-001  0.128792E-001  0.220189E-001  0.220000E+002  0.200000E+001  0.100000E+001  0.500000E+000  0.300000E+000  0.200000E+001  0.100000E+001  0.100000E+001  0.100000E+002
  0.243500E+003  0.300000E+002 -0.133859E+002 -0.278480E+002 -0.450364E-001  0.167580E-001  0.480532E-001 -0.208138E-001  0.774477E-002  0.222080E-001  0.220000E+002  0.200000E+001  0.100000E+001  0.500000E+000  0.300000E+000  0.200000E+001  0.100000E+001  0.100000E+001  0.100000E+002
  0.244000E+003  0.300000E+002 -0.131511E+002 -0.279638E+002 -0.492528E-001  0.452758E-002  0.494605E-001 -0.222939E-001  0.204938E-002  0.223879E-001  0.220000E+002  0.200000E+001  0.100000E+001  0.500000E+000  0.300000E+000  0.200000E+001  0.100000E+001  0.100000E+001  0.100000E+002
  0.244500E+003  0.300000E+002 -0.129153E+002 -0.280776E+002 -0.501710E-001 -0.857786E-002  0.508990E-001 -0.222340E-001 -0.380140E-002  0.225566E-001  0.220000E+002  0.200000E+001  0.100000E+001  0.500000E+000  0.300000E+000  0.200000E+001  0.100000E+001  0.100000E+001  0.100000E+002
  0.245000E+003  0.300000E+002 -0.126785E+002 -0.281892E+002 -0.476570E-001 -0.216978E-001  0.523640E-001 -0.206698E-001 -0.941075E-002  0.227113E-001  0.220000E+002  0.200000E+001  0.100000E+001  0.500000E+000  0.300000E+000  0.200000E+001  0.100000E+001  0.100000E+001  0.100000E+002
  0.245500E+003  0.300000E+002 -0.124408E+002 -0.282988E+002 -0.417848E-001 -0.339659E-001  0.538484E-001 -0.177297E-001 -0.144121E-001  0.228484E-001  0.220000E+002  0.200000E+001  0.100000E+001  0.500000E+000  0.300000E+000  0.200000E+001  0.100000E+001  0.100000E+001  0.100000E+002
  0.246000E+003  0.300000E+002 -0.122021E+002 -0.284064E+002 -0.328301E-001 -0.445526E-001  0.553421E-001 -0.136224E-001 -0.184865E-001  0.229635E-001  0.220000E+002  0.200000E+001  0.100000E+001  0.500000E+000  0.300000E+000  0.200000E+001  0.100000E+001  0.100000E+001  0.100000E+002
  0.246500E+003  0.300000E+002 -0.119625E+002 -0.285118E+002 -0.212592E-001 -0.527045E-001  0.568307E-001 -0.862276E-002 -0.213770E-001  0.230506E-001  0.220000E+002  0.200000E+001  0.100000E+001  0.500000E+000  0.300000E+000  0.200000E+001  0.100000E+001  0.100000E+001  0.100000E+002
  0.247000E+003  0.300000E+002 -0.117219E+002 -0.286151E+002 -0.771374E-002 -0.577809E-001  0.582936E-001 -0.305697E-002 -0.228987E-001  0.231019E-001  0.220000E+002  0.200000E+001  0.100000E+001  0.500000E+000  0.300000E+000  0.200000E+001  0.100000E+001  0.100000E+001  0.100000E+002
  0.247500E+003  0.300000E+002 -0.114805E+002 -0.287164E+002  0.700763E-002 -0.592898E-001  0.597025E-001  0.271225E-002 -0.229476E-001  0.231074E-001  0.220000E+002  0.200000E+001  0.100000E+001  0.500000E+000  0.300000E+000  0.200000E+001  0.100000E+001  0.100000E+001  0.100000E+002
  0.248000E+003  0.300000E+002 -0.112382E+002 -0.288155E+002  0.219715E-001 -0.569257E-001  0.610187E-001  0.830125E-002 -0.215077E-001  0.230541E-001  0.220000E+002  0.200000E+001  0.100000E+001  0.500000E+000  0.300000E+000  0.200000E+001  0.100000E+001  0.100000E+001  0.100000E+002
  0.248500E+003  0.300000E+002 -0.109950E+002 -0.289125E+002  0.361395E-001 -0.506126E-001  0.621908E-001  0.133223E-001 -0.186576E-001  0.229257E-001  0.220000E+002  0.200000E+001  0.100000E+001  0.500000E+000  0.300000E+000  0.200000E+001  0.100000E+001  0.100000E+001  0.100000E+002
  0.249000E+003  0.300000E+002 -0.107510E+002 -0.290074E+002  0.484136E-001 -0.405500E-001  0.631520E-001  0.174042E-001 -0.145773E-001  0.227025E-001  0.220000E+002  0.200000E+001  0.100000E+001  0.500000E+000  0.300000E+000  0.200000E+001  0.100000E+001  0.100000E+001  0.100000E+002
  0.249500E+003  0.300000E+002 -0.105062E+002 -0.291002E+002  0.577044E-001 -0.272610E-001  0.638198E-001  0.202185E-001 -0.955171E-002  0.223612E-001  0.220000E+002  0.200000E+001  0.100000E+001  0.500000E+000  0.300000E+000  0.200000E+001  0.100000E+001  0.100000E+001  0.100000E+002
  0.250000E+003  0.300000E+002 -0.102606E+002 -0.291908E+002  0.630350E-001 -0.116229E-001  0.640976E-001  0.215144E-001 -0.396701E-002  0.218771E-001  0.220000E+002  0.200000E+001  0.100000E+001  0.500000E+000  0.300000E+000  0.200000E+001  0.100000E+001  0.100000E+001  0.100000E+002
  0.250500E+003  0.300000E+002 -0.100142E+002 -0.292792E+002  0.636749E-001  0.514913E-002  0.638828E-001  0.211576E-001  0.171093E-002  0.212266E-001  0.220000E+002  0.200000E+001  0.100000E+001  0.500000E+000  0.300000E+000  0.200000E+001  0.100000E+001  0.100000E+001  0.100000E+002
  0.251000E+003  0.300000E+002 -0.976704E+001 -0.293656E+002  0.592551E-001  0.216357E-001  0.630814E-001  0.191558E-001  0.699433E-002  0.203928E-001  0.220000E+002  0.200000E+001  0.100000E+001  0.500000E+000  0.300000E+000  0.200000E+001  0.100000E+001  0.100000E+001  0.100000E+002
  0.251500E+003  0.300000E+002 -0.951914E+001 -0.294497E+002  0.483532E-001  0.372964E-001  0.610660E-001  0.151981E-001  0.117228E-001  0.191939E-001  0.220000E+002  0.200000E+001  0.100000E+001  0.500000E+000  0.300000E+000  0.200000E+001  0.100000E+001  0.100000E+001  0.100000E+002
  0.252000E+003  0.300000E+002 -0.927051E+001 -0.295317E+002  0.349843E-001  0.432951E-001  0.556630E-001  0.106838E-001  0.132218E-001  0.169988E-001  0.220000E+002  0.200000E+001  0.100000E+001  0.500000E+000  0.300000E+000  0.200000E+001  0.100000E+001  0.100000E+001  0.100000E+002
  0.252500E+003  0.300000E+002 -0.902117E+001 -0.296115E+002  0.224755E-001  0.467415E-001  0.518644E-001  0.666388E-002  0.138587E-001  0.153776E-001  0.220000E+002  0.200000E+001  0.100000E+001  0.500000E+000  0.300000E+000  0.200000E+001  0.100000E+001  0.100000E+001  0.100000E+002
  0.253000E+003  0.300000E+002 -0.877115E+001 -0.296891E+002  0.105581E-001  0.469168E-001  0.480901E-001  0.303689E-002  0.134950E-001  0.138325E-001  0.220000E+002  0.200000E+001  0.100000E+001  0.500000E+000  0.300000E+000  0.200000E+001  0.100000E+001  0.100000E+001  0.100000E+002
  0.253500E+003  0.300000E+002 -0.852046E+001 -0.297646E+002  0.384053E-004  0.442276E-001  0.442276E-001  0.107078E-004  0.123312E-001  0.123312E-001  0.220000E+002  0.200000E+001  0.100000E+001  0.500000E+000  0.300000E+000  0.200000E+001  0.100000E+001  0.100000E+001  0.100000E+002
  0.254000E+003  0.300000E+002 -0.826912E+001 -0.298379E+002 -0.847215E-002  0.394112E-001  0.403115E-001 -0.228763E-002  0.106417E-001  0.108848E-001  0.220000E+002  0.200000E+001  0.100000E+001  0.500000E+000  0.300000E+000  0.200000E+001  0.100000E+001  0.100000E+001  0.100000E+002
  0.254500E+003  0.300000E+002 -0.801715E+001 -0.299089E+002 -0.146965E-001  0.333182E-001  0.364156E-001 -0.383955E-002  0.870459E-002  0.951379E-002  0.220000E+002  0.200000E+001  0.100000E+001  0.500000E+000  0.300000E+000  0.200000E+001  0.100000E+001  0.100000E+001  0.100000E+002
  0.255000E+003  0.300000E+002 -0.776457E+001 -0.299778E+002 -0.186715E-001  0.267412E-001  0.326147E-001 -0.471502E-002  0.675281E-002  0.823600E-002  0.220000E+002  0.200000E+001  0.100000E+001  0.500000E+000  0.300000E+000  0.200000E+001  0.100000E+001  0.100000E+001  0.100000E+002
  0.255500E+003  0.300000E+002 -0.751140E+001 -0.300444E+002 -0.206562E-001  0.203111E-001  0.289693E-001 -0.503646E-002  0.495231E-002  0.706338E-002  0.220000E+002  0.200000E+001  0.100000E+001  0.500000E+000  0.300000E+000  0.200000E+001  0.100000E+001  0.100000E+001  0.100000E+002
  0.256000E+003  0.300000E+002 -0.725766E+001 -0.301089E+002 -0.210270E-001  0.144633E-001  0.255210E-001 -0.494449E-002  0.340104E-002  0.600125E-002  0.220000E+002  0.200000E+001  0.100000E+001  0.500000E+000  0.300000E+000  0.200000E+001  0.100000E+001  0.100000E+001  0.100000E+002
  0.256500E+003  0.300000E+002 -0.700336E+001 -0.301711E+002 -0.201914E-001  0.944988E-002  0.222933E-001 -0.457342E-002  0.214043E-002  0.504952E-002  0.220000E+002  0.200000E+001  0.100000E+001  0.500000E+000  0.300000E+000  0.200000E+001  0.100000E+001  0.100000E+001  0.100000E+002
  0.257000E+003  0.300000E+002 -0.674853E+001 -0.302311E+002 -0.185312E-001  0.537595E-002  0.192952E-001 -0.403767E-002  0.117134E-002  0.420414E-002  0.220000E+002  0.200000E+001  0.100000E+001  0.500000E+000  0.300000E+000  0.200000E+001  0.100000E+001  0.100000E+001  0.100000E+002
  0.257500E+003  0.300000E+002 -0.649319E+001 -0.302889E+002 -0.163717E-001  0.224128E-002  0.165244E-001 -0.342647E-002  0.469083E-003  0.345843E-002  0.220000E+002  0.200000E+001  0.100000E+001  0.500000E+000  0.300000E+000  0.200000E+001  0.100000E+001  0.100000E+001  0.100000E+002
  0.258000E+003  0.300000E+002 -0.623735E+001 -0.303444E+002 -0.139697E-001 -0.212765E-004  0.139697E-001 -0.280405E-002 -0.427071E-005  0.280406E-002  0.220000E+002  0.200000E+001  0.100000E+001  0.500000E+000  0.300000E+000  0.200000E+001  0.100000E+001  0.100000E+001  0.100000E+002
  0.258500E+003  0.300000E+002 -0.598104E+001 -0.303977E+002 -0.115128E-001 -0.151433E-002  0.116120E-001 -0.221254E-002 -0.291024E-003  0.223159E-002  0.220000E+002  0.200000E+001  0.100000E+001  0.500000E+000  0.300000E+000  0.200000E+001  0.100000E+001  0.100000E+001  0.100000E+002
  0.259000E+003  0.300000E+002 -0.572427E+001 -0.304488E+002 -0.912559E-002 -0.235143E-002  0.942367E-002 -0.167600E-002 -0.431863E-003  0.173075E-002  0.220000E+002  0.200000E+001  0.100000E+001  0.500000E+000  0.300000E+000  0.200000E+001  0.100000E+001  0.100000E+001  0.100000E+002
  0.259500E+003  0.300000E+002 -0.546707E+001 -0.304976E+002 -0.687503E-002 -0.263738E-002  0.736354E-002 -0.120423E-002 -0.461966E-003  0.128980E-002  0.220000E+002  0.200000E+001  0.100000E+001  0.500000E+000  0.300000E+000  0.200000E+001  0.100000E+001  0.100000E+001  0.100000E+002
  0.260000E+003  0.300000E+002 -0.520945E+001 -0.305442E+002 -0.476779E-002 -0.244572E-002  0.535848E-002 -0.794708E-003 -0.407659E-003  0.893166E-003  0.220000E+002  0.200000E+001  0.100000E+001  0.500000E+000  0.300000E+000  0.200000E+001  0.100000E+001  0.100000E+001  0.100000E+002
  0.260500E+003  0.300000E+002 -0.495143E+001 -0.305886E+002 -0.269307E-002 -0.175328E-002  0.321351E-002 -0.426111E-003 -0.277413E-003  0.508457E-003  0.220000E+002  0.200000E+001  0.100000E+001  0.500000E+000  0.300000E+000  0.200000E+001  0.100000E+001  0.100000E+001  0.100000E+002
  0.261000E+003  0.300000E+002 -0.469303E+001 -0.306307E+002 -0.989373E-003  0.121305E-002  0.156536E-002 -0.148194E-003  0.181698E-003  0.234469E-003  0.220000E+002  0.200000E+001  0.100000E+001  0.500000E+000  0.300000E+000  0.200000E+001  0.100000E+001  0.100000E+001  0.100000E+002
  0.261500E+003  0.300000E+002 -0.443428E+001 -0.306705E+002 -0.221855E-002  0.235590E-002  0.323608E-002 -0.313625E-003  0.333043E-003  0.457469E-003  0.220000E+002  0.200000E+001  0.100000E+001  0.500000E+000  0.300000E+000  0.200000E+001  0.100000E+001  0.100000E+001  0.100000E+002
  0.262000E+003  0.300000E+002 -0.417519E+001 -0.307080E+002 -0.287275E-002  0.266769E-002  0.392036E-002 -0.381965E-003  0.354700E-003  0.521257E-003  0.220000E+002  0.200000E+001  0.100000E+001  0.500000E+000  0.300000E+000  0.200000E+001  0.100000E+001  0.100000E+001  0.100000E+002
  0.262500E+003  0.300000E+002 -0.391579E+001 -0.307433E+002 -0.328916E-002  0.269017E-002  0.424918E-002 -0.409743E-003  0.335124E-003  0.529336E-003  0.220000E+002  0.200000E+001  0.100000E+001  0.500000E+000  0.300000E+000  0.200000E+001  0.100000E+001  0.100000E+001  0.100000E+002
  0.263000E+003  0.300000E+002 -0.365608E+001 -0.307764E+002 -0.354234E-002  0.256570E-002  0.437390E-002 -0.411624E-003  0.298137E-003  0.508252E-003  0.220000E+002  0.200000E+001  0.100000E+001  0.500000E+000  0.300000E+000  0.200000E+001  0.100000E+001  0.100000E+001  0.100000E+002
  0.263500E+003  0.300000E+002 -0.339610E+001 -0.308072E+002 -0.366761E-002  0.236254E-002  0.436267E-002 -0.395523E-003  0.254782E-003  0.470481E-003  0.220000E+002  0.200000E+001  0.100000E+001  0.500000E+000  0.300000E+000  0.200000E+001  0.100000E+001  0.100000E+001  0.100000E+002
  0.264000E+003  0.300000E+002 -0.313585E+001 -0.308357E+002 -0.368770E-002  0.212018E-002  0.425374E-002 -0.366913E-003  0.210951E-003  0.423232E-003  0.220000E+002  0.200000E+001  0.100000E+001  0.500000E+000  0.300000E+000  0.200000E+001  0.100000E+001  0.100000E+001  0.100000E+002
  0.264500E+003  0.300000E+002 -0.287537E+001 -0.308619E+002 -0.361981E-002  0.186340E-002  0.407128E-002 -0.329993E-003  0.169873E-003  0.371150E-003  0.220000E+002  0.200000E+001  0.100000E+001  0.500000E+000  0.300000E+000  0.200000E+001  0.100000E+001  0.100000E+001  0.100000E+002
  0.265000E+003  0.300000E+002 -0.261467E+001 -0.308858E+002 -0.347806E-002  0.160815E-002  0.383185E-002 -0.288124E-003  0.133220E-003  0.317432E-003  0.220000E+002  0.200000E+001  0.100000E+001  0.500000E+000  0.300000E+000  0.200000E+001  0.100000E+001  0.100000E+001  0.100000E+002
  0.265500E+003  0.300000E+002 -0.235377E+001 -0.309075E+002 -0.327443E-002  0.136458E-002  0.354739E-002 -0.244036E-003  0.101699E-003  0.264379E-003  0.220000E+002  0.200000E+001  0.100000E+001  0.500000E+000  0.300000E+000  0.200000E+001  0.100000E+001  0.100000E+001  0.100000E+002
  0.266000E+003  0.300000E+002 -0.209269E+001 -0.309269E+002 -0.301930E-002  0.113877E-002  0.322691E-002 -0.199951E-003  0.754144E-004  0.213700E-003  0.220000E+002  0.200000E+001  0.100000E+001  0.500000E+000  0.300000E+000  0.200000E+001  0.100000E+001  0.100000E+001  0.100000E+002
  0.266500E+003  0.300000E+002 -0.183146E+001 -0.309440E+002 -0.272169E-002  0.933849E-003  0.287745E-002 -0.157664E-003  0.540966E-004  0.166687E-003  0.220000E+002  0.200000E+001  0.100000E+001  0.500000E+000  0.300000E+000  0.200000E+001  0.100000E+001  0.100000E+001  0.100000E+002
  0.267000E+003  0.300000E+002 -0.157008E+001 -0.309589E+002 -0.238948E-002  0.750746E-003  0.250465E-002 -0.118614E-003  0.372671E-004  0.124331E-003  0.220000E+002  0.200000E+001  0.100000E+001  0.500000E+000  0.300000E+000  0.200000E+001  0.100000E+001  0.100000E+001  0.100000E+002
  0.267500E+003  0.300000E+002 -0.130858E+001 -0.309714E+002 -0.202952E-002  0.588754E-003  0.211319E-002 -0.839361E-004  0.243495E-004  0.873966E-004  0.220000E+002  0.200000E+001  0.100000E+001  0.500000E+000  0.300000E+000  0.200000E+001  0.100000E+001  0.100000E+001  0.100000E+002
  0.268000E+003  0.300000E+002 -0.104698E+001 -0.309817E+002 -0.164778E-002  0.445925E-003  0.170705E-002 -0.545087E-004  0.147512E-004  0.564695E-004  0.220000E+002  0.200000E+001  0.100000E+001  0.500000E+000  0.300000E+000  0.200000E+001  0.100000E+001  0.100000E+001  0.100000E+002
  0.268500E+003  0.300000E+002 -0.785308E+000 -0.309897E+002 -0.124951E-002  0.319392E-003  0.128969E-002 -0.309961E-004  0.792301E-005  0.319927E-004  0.220000E+002  0.200000E+001  0.100000E+001  0.500000E+000  0.300000E+000  0.200000E+001  0.100000E+001  0.100000E+001  0.100000E+002
  0.269000E+003  0.300000E+002 -0.523572E+000 -0.309954E+002 -0.839372E-003  0.205614E-003  0.864189E-003 -0.138799E-004  0.340004E-005  0.142903E-004  0.220000E+002  0.200000E+001  0.100000E+001  0.500000E+000  0.300000E+000  0.200000E+001  0.100000E+001  0.100000E+001  0.100000E+002
  0.269500E+003  0.300000E+002 -0.261796E+000 -0.309989E+002 -0.421565E-003  0.100584E-003  0.433398E-003 -0.348529E-005  0.831582E-006  0.358313E-005  0.220000E+002  0.200000E+001  0.100000E+001  0.500000E+000  0.300000E+000  0.200000E+001  0.100000E+001  0.100000E+001  0.100000E+002
  0.270000E+003  0.300000E+002  0.000000E+000 -0.310000E+002 -0.116091E-010  0.274532E-011  0.119293E-010 -0.263913E-020  0.624101E-021  0.271192E-020  0.220000E+002  0.200000E+001  0.100000E+001  0.500000E+000  0.300000E+000  0.200000E+001  0.100000E+001  0.100000E+001  0.100000E+002
  0.270500E+003  0.300000E+002  0.261796E+000 -0.309989E+002  0.421565E-003 -0.100584E-003  0.433398E-003 -0.348529E-005  0.831582E-006  0.358313E-005  0.220000E+002  0.200000E+001  0.100000E+001  0.500000E+000  0.300000E+000  0.200000E+001  0.100000E+001  0.100000E+001  0.100000E+002
  0.271000E+003  0.300000E+002  0.523572E+000 -0.309954E+002  0.839372E-003 -0.205614E-003  0.864189E-003 -0.138799E-004  0.340004E-005  0.142903E-004  0.220000E+002  0.200000E+001  0.100000E+001  0.500000E+000  0.300000E+000  0.200000E+001  0.100000E+001  0.100000E+001  0.100000E+002
  0.271500E+003  0.300000E+002  0.785308E+000 -0.309897E+002  0.124951E-002 -0.319392E-003  0.128969E-002 -0.309961E-004  0.792301E-005  0.319927E-004  0.220000E+002  0.200000E+001  0.100000E+001  0.500000E+000  0.300000E+000  0.200000E+001  0.100000E+001  0.100000E+001  0.100000E+002
  0.272000E+003  0.300000E+002  0.104698E+001 -0.309817E+002  0.164778E-002 -0.445925E-003  0.170705E-002 -0.545087E-004  0.147512E-004  0.564695E-004  0.220000E+002  0.200000E+001  0.100000E+001  0.500000E+000  0.300000E+000  0.200000E+001  0.100000E+001  0.100000E+001  0.100000E+002
  0.272500E+003  0.300000E+002  0.130858E+001 -0.309714E+002  0.202952E-002 -0.588754E-003  0.211319E-002 -0.839361E-004  0.243495E-004  0.873966E-004  0.220000E+002  0.200000E+001  0.100000E+001  0.500000E+000  0.300000E+000  0.200000E+001  0.100000E+001  0.100000E+001  0.100000E+002
  0.273000E+003  0.300000E+002  0.157008E+001 -0.309589E+002  0.238948E-002 -0.750746E-003  0.250465E-002 -0.118614E-003  0.372671E-004  0.124331E-003  0.220000E+002  0.200000E+001  0.100000E+001  0.500000E+000  0.300000E+000  0.200000E+001  0.100000E+001  0.100000E+001  0.100000E+002
  0.273500E+003  0.300000E+002  0.183146E+001 -0.309440E+002  0.272169E-002 -0.933849E-003  0.287745E-002 -0.157664E-003  0.540966E-004  0.166687E-003  0.220000E+002  0.200000E+001  0.100000E+001  0.500000E+000  0.300000E+000  0.200000E+001  0.100000E+001  0.100000E+001  0.100000E+002
  0.274000E+003  0.300000E+002  0.209269E+001 -0.309269E+002  0.301930E-002 -0.113877E-002  0.322691E-002 -0.199951E-003  0.754144E-004  0.213700E-003  0.220000E+002  0.200000E+001  0.100000E+001  0.500000E+000  0.300000E+000  0.200000E+001  0.100000E+001  0.100000E+001  0.100000E+002
  0.274500E+003  0.300000E+002  0.235377E+001 -0.309075E+002  0.327443E-002 -0.136458E-002  0.354739E-002 -0.244036E-003  0.101699E-003  0.264379E-003  0.220000E+002  0.200000E+001  0.100000E+001  0.500000E+000  0.300000E+000  0.200000E+001  0.100000E+001  0.100000E+001  0.100000E+002
  0.275000E+003  0.300000E+002  0.261467E+001 -0.308858E+002  0.347806E-002 -0.160815E-002  0.383185E-002 -0.288124E-003  0.133220E-003  0.317432E-003  0.220000E+002  0.200000E+001  0.100000E+001  0.500000E+000  0.300000E+000  0.200000E+001  0.100000E+001  0.100000E+001  0.100000E+002
  0.275500E+003  0.300000E+002  0.287537E+001 -0.308619E+002  0.361981E-002 -0.186340E-002  0.407128E-002 -0.329993E-003  0.169873E-003  0.371150E-003  0.220000E+002  0.200000E+001  0.100000E+001  0.500000E+000  0.300000E+000  0.200000E+001  0.100000E+001  0.100000E+001  0.100000E+002
  0.276000E+003  0.300000E+002  0.313585E+001 -0.308357E+002  0.368770E-002 -0.212018E-002  0.425374E-002 -0.366913E-003  0.210951E-003  0.423232E-003  0.220000E+002  0.200000E+001  0.100000E+001  0.500000E+000  0.300000E+000  0.200000E+001  0.100000E+001  0.100000E+001  0.100000E+002
  0.276500E+003  0.300000E+002  0.339610E+001 -0.308072E+002  0.366761E-002 -0.236254E-002  0.436267E-002 -0.395523E-003  0.254782E-003  0.470481E-003  0.220000E+002  0.200000E+001  0.100000E+001  0.500000E+000  0.300000E+000  0.200000E+001  0.100000E+001  0.100000E+001  0.100000E+002
  0.277000E+003  0.300000E+002  0.365608E+001 -0.307764E+002  0.354234E-002 -0.256570E-002  0.437390E-002 -0.411624E-003  0.298137E-003  0.508252E-003  0.220000E+002  0.200000E+001  0.100000E+001  0.500000E+000  0.300000E+000  0.200000E+001  0.100000E+001  0.100000E+001  0.100000E+002
  0.277500E+003  0.300000E+002  0.391579E+001 -0.307433E+002  0.328916E-002 -0.269017E-002  0.424918E-002 -0.409743E-003  0.335124E-003  0.529336E-003  0.220000E+002  0.200000E+001  0.100000E+001  0.500000E+000  0.300000E+000  0.200000E+001  0.100000E+001  0.100000E+001  0.100000E+002
  0.278000E+003  0.300000E+002  0.417519E+001 -0.307080E+002  0.287275E-002 -0.266769E-002  0.392036E-002 -0.381965E-003  0.354700E-003  0.521257E-003  0.220000E+002  0.200000E+001  0.100000E+001  0.500000E+000  0.300000E+000  0.200000E+001  0.100000E+001  0.100000E+001  0.100000E+002
  0.278500E+003  0.300000E+002  0.443428E+001 -0.306705E+002  0.221855E-002 -0.235590E-002  0.323608E-002 -0.313625E-003  0.333043E-003  0.457469E-003  0.220000E+002  0.200000E+001  0.100000E+001  0.500000E+000  0.300000E+000  0.200000E+001  0.100000E+001  0.100000E+001  0.100000E+002
  0.279000E+003  0.300000E+002  0.469303E+001 -0.306307E+002  0.989373E-003 -0.121305E-002  0.156536E-002 -0.148194E-003  0.181698E-003  0.234469E-003  0.220000E+002  0.200000E+001  0.100000E+001  0.500000E+000  0.300000E+000  0.200000E+001  0.100000E+001  0.100000E+001  0.100000E+002
  0.279500E+003  0.300000E+002  0.495143E+001 -0.305886E+002  0.269307E-002  0.175328E-002  0.321351E-002 -0.426111E-003 -0.277413E-003  0.508457E-003  0.220000E+002  0.200000E+001  0.100000E+001  0.500000E+000  0.300000E+000  0.200000E+001  0.100000E+001  0.100000E+001  0.100000E+002
  0.280000E+003  0.300000E+002  0.520945E+001 -0.305442E+002  0.476779E-002  0.244572E-002  0.535848E-002 -0.794708E-003 -0.407659E-003  0.893166E-003  0.220000E+002  0.200000E+001  0.100000E+001  0.500000E+000  0.300000E+000  0.200000E+001  0.100000E+001  0.100000E+001  0.100000E+002
  0.280500E+003  0.300000E+002  0.546707E+001 -0.304976E+002  0.687503E-002  0.263738E-002  0.736354E-002 -0.120423E-002 -0.461966E-003  0.128980E-002  0.220000E+002  0.200000E+001  0.100000E+001  0.500000E+000  0.300000E+000  0.200000E+001  0.100000E+001  0.100000E+001  0.100000E+002
  0.281000E+003  0.300000E+002  0.572427E+001 -0.304488E+002  0.912559E-002  0.235143E-002  0.942367E-002 -0.167600E-002 -0.431863E-003  0.173075E-002  0.220000E+002  0.200000E+001  0.100000E+001  0.500000E+000  0.300000E+000  0.200000E+001  0.100000E+001  0.100000E+001  0.100000E+002
  0.281500E+003  0.300000E+002  0.598104E+001 -0.303977E+002  0.115128E-001  0.151433E-002  0.116120E-001 -0.221254E-002 -0.291024E-003  0.223159E-002  0.220000E+002  0.200000E+001  0.100000E+001  0.500000E+000  0.300000E+000  0.200000E+001  0.100000E+001  0.100000E+001  0.100000E+002
  0.282000E+003  0.300000E+002  0.623735E+001 -0.303444E+002  0.139697E-001  0.212765E-004  0.139697E-001 -0.280405E-002 -0.427071E-005  0.280406E-002  0.220000E+002  0.200000E+001  0.100000E+001  0.500000E+000  0.300000E+000  0.200000E+001  0.100000E+001  0.100000E+001  0.100000E+002
  0.282500E+003  0.300000E+002  0.649319E+001 -0.302889E+002  0.163717E-001 -0.224128E-002  0.165244E-001 -0.342647E-002  0.469083E-003  0.345843E-002  0.220000E+002  0.200000E+001  0.100000E+001  0.500000E+000  0.300000E+000  0.200000E+001  0.100000E+001  0.100000E+001  0.100000E+002
  0.283000E+003  0.300000E+002  0.674853E+001 -0.302311E+002  0.185312E-001 -0.537595E-002  0.192952E-001 -0.403767E-002  0.117134E-002  0.420414E-002  0.220000E+002  0.200000E+001  0.100000E+001  0.500000E+000  0.300000E+000  0.200000E+001  0.100000E+001  0.100000E+001  0.100000E+002
  0.283500E+003  0.300000E+002  0.700336E+001 -0.301711E+002  0.201914E-001 -0.944988E-002  0.222933E-001 -0.457342E-002  0.214043E-002  0.504952E-002  0.220000E+002  0.200000E+001  0.100000E+001  0.500000E+000  0.300000E+000  0.200000E+001  0.100000E+001  0.100000E+001  0.100000E+002
  0.284000E+003  0.300000E+002  0.725766E+001 -0.301089E+002  0.210270E-001 -0.144633E-001  0.255210E-001 -0.494449E-002  0.340104E-002  0.600125E-002  0.220000E+002  0.200000E+001  0.100000E+001  0.500000E+000  0.300000E+000  0.200000E+001  0.100000E+001  0.100000E+001  0.100000E+002
  0.284500E+003  0.300000E+002  0.751140E+001 -0.300444E+002  0.206562E-001 -0.203111E-001  0.289693E-001 -0.503646E-002  0.495231E-002  0.706338E-002  0.220000E+002  0.200000E+001  0.100000E+001  0.500000E+000  0.300000E+000  0.200000E+001  0.100000E+001  0.100000E+001  0.100000E+002
  0.285000E+003  0.300000E+002  0.776457E+001 -0.299778E+002  0.186715E-001 -0.267412E-001  0.326147E-001 -0.471502E-002  0.675281E-002  0.823600E-002  0.220000E+002  0.200000E+001  0.100000E+001  0.500000E+000  0.300000E+000  0.200000E+001  0.100000E+001  0.100000E+001  0.100000E+002
  0.285500E+003  0.300000E+002  0.801715E+001 -0.299089E+002  0.146965E-001 -0.333182E-001  0.364156E-001 -0.383955E-002  0.870459E-002  0.951379E-002  0.220000E+002  0.200000E+001  0.100000E+001  0.500000E+000  0.300000E+000  0.200000E+001  0.100000E+001  0.100000E+001  0.100000E+002
  0.286000E+003  0.300000E+002  0.826912E+001 -0.298379E+002  0.847215E-002 -0.394112E-001  0.403115E-001 -0.228763E-002  0.106417E-001  0.108848E-001  0.220000E+002  0.200000E+001  0.100000E+001  0.500000E+000  0.300000E+000  0.200000E+001  0.100000E+001  0.100000E+001  0.100000E+002
  0.286500E+003  0.300000E+002  0.852046E+001 -0.297646E+002 -0.384053E-004 -0.442276E-001  0.442276E-001  0.107078E-004  0.123312E-001  0.123312E-001  0.220000E+002  0.200000E+001  0.100000E+001  0.500000E+000  0.300000E+000  0.200000E+001  0.100000E+001  0.100000E+001  0.100000E+002
  0.287000E+003  0.300000E+002  0.877115E+001 -0.296891E+002 -0.105581E-001 -0.469168E-001  0.480901E-001  0.303689E-002  0.134950E-001  0.138325E-001  0.220000E+002  0.200000E+001  0.100000E+001  0.500000E+000  0.300000E+000  0.200000E+001  0.100000E+001  0.100000E+001  0.100000E+002
  0.287500E+003  0.300000E+002  0.902117E+001 -0.296115E+002 -0.224755E-001 -0.467415E-001  0.518644E-001  0.666388E-002  0.138587E-001  0.153776E-001  0.220000E+002  0.200000E+001  0.100000E+001  0.500000E+000  0.300000E+000  0.200000E+001  0.100000E+001  0.100000E+001  0.100000E+002
  0.288000E+003  0.300000E+002  0.927051E+001 -0.295317E+002 -0.349843E-001 -0.432951E-001  0.556630E-001  0.106838E-001  0.132218E-001  0.169988E-001  0.220000E+002  0.200000E+001  0.100000E+001  0.500000E+000  0.300000E+000  0.200000E+001  0.100000E+001  0.100000E+001  0.100000E+002
  0.288500E+003  0.300000E+002  0.951914E+001 -0.294497E+002 -0.483532E-001 -0.372964E-001  0.610660E-001  0.151981E-001  0.117228E-001  0.191939E-001  0.220000E+002  0.200000E+001  0.100000E+001  0.500000E+000  0.300000E+000  0.200000E+001  0.100000E+001  0.100000E+001  0.100000E+002
  0.289000E+003  0.300000E+002  0.976704E+001 -0.293656E+002 -0.592551E-001 -0.216357E-001  0.630814E-001  0.191558E-001  0.699433E-002  0.203928E-001  0.220000E+002  0.200000E+001  0.100000E+001  0.500000E+000  0.300000E+000  0.200000E+001  0.100000E+001  0.100000E+001  0.100000E+002
  0.289500E+003  0.300000E+002  0.100142E+002 -0.292792E+002 -0.636749E-001 -0.514913E-002  0.638828E-001  0.211576E-001  0.171093E-002  0.212266E-001  0.220000E+002  0.200000E+001  0.100000E+001  0.500000E+000  0.300000E+000  0.200000E+001  0.100000E+001  0.100000E+001  0.100000E+002
  0.290000E+003  0.300000E+002  0.102606E+002 -0.291908E+002 -0.630350E-001  0.116229E-001  0.640976E-001  0.215144E-001 -0.396701E-002  0.218771E-001  0.220000E+002  0.200000E+001  0.100000E+001  0.500000E+000  0.300000E+000  0.200000E+001  0.100000E+001  0.100000E+001  0.100000E+002
  0.290500E+003  0.300000E+002  0.105062E+002 -0.291002E+002 -0.577044E-001  0.272610E-001  0.638198E-001  0.202185E-001 -0.955171E-002  0.223612E-001  0.220000E+002  0.200000E+001  0.100000E+001  0.500000E+000  0.300000E+000  0.200000E+001  0.100000E+001  0.100000E+001  0.100000E+002
  0.291000E+003  0.300000E+002  0.107510E+002 -0.290074E+002 -0.484136E-001  0.405500E-001  0.631520E-001  0.174042E-001 -0.145773E-001  0.227025E-001  0.220000E+002  0.200000E+001  0.100000E+001  0.500000E+000  0.300000E+000  0.200000E+001  0.100000E+001  0.100000E+001  0.100000E+002
  0.291500E+003  0.300000E+002  0.109950E+002 -0.289125E+002 -0.361395E-001  0.506126E-001  0.621908E-001  0.133223E-001 -0.186576E-001  0.229257E-001  0.220000E+002  0.200000E+001  0.100000E+001  0.500000E+000  0.300000E+000  0.200000E+001  0.100000E+001  0.100000E+001  0.100000E+002
  0.292000E+003  0.300000E+002  0.112382E+002 -0.288155E+002 -0.219715E-001  0.569257E-001  0.610187E-001  0.830125E-002 -0.215077E-001  0.230541E-001  0.220000E+002  0.200000E+001  0.100000E+001  0.500000E+000  0.300000E+000  0.200000E+001  0.100000E+001  0.100000E+001  0.100000E+002
  0.292500E+003  0.300000E+002  0.114805E+002 -0.287164E+002 -0.700763E-002  0.592898E-001  0.597025E-001  0.271225E-002 -0.229476E-001  0.231074E-001  0.220000E+002  0.200000E+001  0.100000E+001  0.500000E+000  0.300000E+000  0.200000E+001  0.100000E+001  0.100000E+001  0.100000E+002
  0.293000E+003  0.300000E+002  0.117219E+002 -0.286151E+002  0.771374E-002  0.577809E-001  0.582936E-001 -0.305697E-002 -0.228987E-001  0.231019E-001  0.220000E+002  0.200000E+001  0.100000E+001  0.500000E+000  0.300000E+000  0.200000E+001  0.100000E+001  0.100000E+001  0.100000E+002
  0.293500E+003  0.300000E+002  0.119625E+002 -0.285118E+002  0.212592E-001  0.527045E-001  0.568307E-001 -0.862276E-002 -0.213770E-001  0.230506E-001  0.220000E+002  0.200000E+001  0.100000E+001  0.500000E+000  0.300000E+000  0.200000E+001  0.100000E+001  0.100000E+001  0.100000E+002
  0.294000E+003  0.300000E+002  0.122021E+002 -0.284064E+002  0.328301E-001  0.445526E-001  0.553421E-001 -0.136224E-001 -0.184865E-001  0.229635E-001  0.220000E+002  0.200000E+001  0.100000E+001  0.500000E+000  0.300000E+000  0.200000E+001  0.100000E+001  0.100000E+001  0.100000E+002
  0.294500E+003  0.300000E+002  0.124408E+002 -0.282988E+002  0.417848E-001  0.339659E-001  0.538484E-001 -0.177297E-001 -0.144121E-001  0.228484E-001  0.220000E+002  0.200000E+001  0.100000E+001  0.500000E+000  0.300000E+000  0.200000E+001  0.100000E+001  0.100000E+001  0.100000E+002
  0.295000E+003  0.300000E+002  0.126785E+002 -0.281892E+002  0.476570E-001  0.216978E-001  0.523640E-001 -0.206698E-001 -0.941075E-002  0.227113E-001  0.220000E+002  0.200000E+001  0.100000E+001  0.500000E+000  0.300000E+000  0.200000E+001  0.100000E+001  0.100000E+001  0.100000E+002
  0.295500E+003  0.300000E+002  0.129153E+002 -0.280776E+002  0.501710E-001  0.857786E-002  0.508990E-001 -0.222340E-001 -0.380140E-002  0.225566E-001  0.220000E+002  0.200000E+001  0.100000E+001  0.500000E+000  0.300000E+000  0.200000E+001  0.100000E+001  0.100000E+001  0.100000E+002
  0.296000E+003  0.300000E+002  0.131511E+002 -0.279638E+002  0.492528E-001 -0.452758E-002  0.494605E-001 -0.222939E-001  0.204938E-002  0.223879E-001  0.220000E+002  0.200000E+001  0.100000E+001  0.500000E+000  0.300000E+000  0.200000E+001  0.100000E+001  0.100000E+001  0.100000E+002
  0.296500E+003  0.300000E+002  0.133859E+002 -0.278480E+002  0.450364E-001 -0.167580E-001  0.480532E-001 -0.208138E-001  0.774477E-002  0.222080E-001  0.220000E+002  0.200000E+001  0.100000E+001  0.500000E+000  0.300000E+000  0.200000E+001  0.100000E+001  0.100000E+001  0.100000E+002
  0.297000E+003  0.300000E+002  0.136197E+002 -0.277302E+002  0.378621E-001 -0.273041E-001  0.466803E-001 -0.178594E-001  0.128792E-001  0.220189E-001  0.220000E+002  0.200000E+001  0.100000E+001  0.500000E+000  0.300000E+000  0.200000E+001  0.100000E+001  0.100000E+001  0.100000E+002
  0.297500E+003  0.300000E+002  0.138525E+002 -0.276103E+002  0.282655E-001 -0.354558E-001  0.453437E-001 -0.136032E-001  0.170637E-001  0.218224E-001  0.220000E+002  0.200000E+001  0.100000E+001  0.500000E+000  0.300000E+000  0.200000E+001  0.100000E+001  0.100000E+001  0.100000E+002
  0.298000E+003  0.300000E+002  0.140841E+002 -0.274884E+002  0.169561E-001 -0.406498E-001  0.440444E-001 -0.832306E-002  0.199534E-001  0.216197E-001  0.220000E+002  0.200000E+001  0.100000E+001  0.500000E+000  0.300000E+000  0.200000E+001  0.100000E+001  0.100000E+001  0.100000E+002
  0.298500E+003  0.300000E+002  0.143148E+002 -0.273645E+002  0.478269E-002 -0.425145E-001  0.427827E-001 -0.239362E-002  0.212775E-001  0.214117E-001  0.220000E+002  0.200000E+001  0.100000E+001  0.500000E+000  0.300000E+000  0.200000E+001  0.100000E+001  0.100000E+001  0.100000E+002
  0.299000E+003  0.300000E+002  0.145443E+002 -0.272386E+002 -0.731304E-002 -0.409098E-001  0.415583E-001  0.373045E-002  0.208685E-001  0.211993E-001  0.220000E+002  0.200000E+001  0.100000E+001  0.500000E+000  0.300000E+000  0.200000E+001  0.100000E+001  0.100000E+001  0.100000E+002
  0.299500E+003  0.300000E+002  0.147727E+002 -0.271107E+002 -0.183565E-001 -0.359558E-001  0.403705E-001  0.954088E-002  0.186882E-001  0.209827E-001  0.220000E+002  0.200000E+001  0.100000E+001  0.500000E+000  0.300000E+000  0.200000E+001  0.100000E+001  0.100000E+001  0.100000E+002
  0.300000E+003  0.300000E+002  0.150000E+002 -0.269808E+002 -0.274109E-001 -0.280482E-001  0.392181E-001  0.145115E-001  0.148489E-001  0.207623E-001  0.220000E+002  0.200000E+001  0.100000E+001  0.500000E+000  0.300000E+000  0.200000E+001  0.100000E+001  0.100000E+001  0.100000E+002
  0.300500E+003  0.300000E+002  0.152262E+002 -0.268489E+002 -0.336563E-001 -0.178555E-001  0.380994E-001  0.181426E-001  0.962511E-002  0.205377E-001  0.220000E+002  0.200000E+001  0.100000E+001  0.500000E+000  0.300000E+000  0.200000E+001  0.100000E+001  0.100000E+001  0.100000E+002
  0.301000E+003  0.300000E+002  0.154511E+002 -0.267150E+002 -0.364737E-001 -0.629201E-002  0.370124E-001  0.200130E-001  0.345240E-002  0.203086E-001  0.220000E+002  0.200000E+001  0.100000E+001  0.500000E+000  0.300000E+000  0.200000E+001  0.100000E+001  0.100000E+001  0.100000E+002
  0.301500E+003  0.300000E+002  0.156750E+002 -0.265792E+002 -0.355262E-001  0.553473E-002  0.359547E-001  0.198349E-001 -0.309014E-002  0.200742E-001  0.220000E+002  0.200000E+001  0.100000E+001  0.500000E+000  0.300000E+000  0.200000E+001  0.100000E+001  0.100000E+001  0.100000E+002
  0.302000E+003  0.300000E+002  0.158976E+002 -0.264414E+002 -0.308298E-001  0.164061E-001  0.349233E-001  0.175086E-001 -0.931718E-002  0.198333E-001  0.220000E+002  0.200000E+001  0.100000E+001  0.500000E+000  0.300000E+000  0.200000E+001  0.100000E+001  0.100000E+001  0.100000E+002
  0.302500E+003  0.300000E+002  0.161190E+002 -0.263017E+002 -0.228039E-001  0.251037E-001  0.339148E-001  0.131684E-001 -0.144964E-001  0.195844E-001  0.220000E+002  0.200000E+001  0.100000E+001  0.500000E+000  0.300000E+000  0.200000E+001  0.100000E+001  0.100000E+001  0.100000E+002
  0.303000E+003  0.300000E+002  0.163392E+002 -0.261601E+002 -0.122872E-001  0.305466E-001  0.329253E-001  0.721199E-002 -0.179294E-001  0.193255E-001  0.220000E+002  0.200000E+001  0.100000E+001  0.500000E+000  0.300000E+000  0.200000E+001  0.100000E+001  0.100000E+001  0.100000E+002
  0.303500E+003  0.300000E+002  0.165581E+002 -0.260166E+002 -0.507260E-003  0.319461E-001  0.319501E-001  0.302513E-003 -0.190516E-001  0.190540E-001  0.220000E+002  0.200000E+001  0.100000E+001  0.500000E+000  0.300000E+000  0.200000E+001  0.100000E+001  0.100000E+001  0.100000E+002
  0.304000E+003  0.300000E+002  0.167758E+002 -0.258711E+002  0.110098E-001  0.289623E-001  0.309844E-001 -0.666849E-002 -0.175421E-001  0.187668E-001  0.220000E+002  0.200000E+001  0.100000E+001  0.500000E+000  0.300000E+000  0.200000E+001  0.100000E+001  0.100000E+001  0.100000E+002
  0.304500E+003  0.300000E+002  0.169922E+002 -0.257238E+002  0.205989E-001  0.218407E-001  0.300222E-001 -0.126660E-001 -0.134296E-001  0.184603E-001  0.220000E+002  0.200000E+001  0.100000E+001  0.500000E+000  0.300000E+000  0.200000E+001  0.100000E+001  0.100000E+001  0.100000E+002
  0.305000E+003  0.300000E+002  0.172073E+002 -0.255746E+002  0.266865E-001  0.114962E-001  0.290574E-001 -0.166509E-001 -0.717299E-002  0.181302E-001  0.220000E+002  0.200000E+001  0.100000E+001  0.500000E+000  0.300000E+000  0.200000E+001  0.100000E+001  0.100000E+001  0.100000E+002
  0.305500E+003  0.300000E+002  0.174211E+002 -0.254235E+002  0.280787E-001 -0.493966E-003  0.280830E-001 -0.177690E-001  0.312596E-003  0.177718E-001  0.220000E+002  0.200000E+001  0.100000E+001  0.500000E+000  0.300000E+000  0.200000E+001  0.100000E+001  0.100000E+001  0.100000E+002
  0.306000E+003  0.300000E+002  0.176336E+002 -0.252705E+002  0.242753E-001 -0.120287E-001  0.270920E-001 -0.155728E-001  0.771650E-002  0.173798E-001  0.220000E+002  0.200000E+001  0.100000E+001  0.500000E+000  0.300000E+000  0.200000E+001  0.100000E+001  0.100000E+001  0.100000E+002
  0.306500E+003  0.300000E+002  0.178447E+002 -0.251157E+002  0.157467E-001 -0.207862E-001  0.260773E-001 -0.102345E-001  0.135099E-001  0.169488E-001  0.220000E+002  0.200000E+001  0.100000E+001  0.500000E+000  0.300000E+000  0.200000E+001  0.100000E+001  0.100000E+001  0.100000E+002
  0.307000E+003  0.300000E+002  0.180545E+002 -0.249591E+002  0.408247E-002 -0.246970E-001  0.250321E-001 -0.268669E-002  0.162532E-001  0.164737E-001  0.220000E+002  0.200000E+001  0.100000E+001  0.500000E+000  0.300000E+000  0.200000E+001  0.100000E+001  0.100000E+001  0.100000E+002
  0.307500E+003  0.300000E+002  0.182628E+002 -0.248006E+002 -0.810247E-002 -0.225386E-001  0.239507E-001  0.539581E-002  0.150095E-001  0.159499E-001  0.220000E+002  0.200000E+001  0.100000E+001  0.500000E+000  0.300000E+000  0.200000E+001  0.100000E+001  0.100000E+001  0.100000E+002
  0.308000E+003  0.300000E+002  0.184698E+002 -0.246403E+002 -0.176116E-001 -0.145264E-001  0.228295E-001  0.118602E-001  0.978249E-002  0.153740E-001  0.220000E+002  0.200000E+001  0.100000E+001  0.500000E+000  0.300000E+000  0.200000E+001  0.100000E+001  0.100000E+001  0.100000E+002
  0.308500E+003  0.300000E+002  0.186754E+002 -0.244782E+002 -0.215017E-001 -0.267368E-002  0.216672E-001  0.146322E-001  0.181948E-002  0.147449E-001  0.220000E+002  0.200000E+001  0.100000E+001  0.500000E+000  0.300000E+000  0.200000E+001  0.100000E+001  0.100000E+001  0.100000E+002
  0.309000E+003  0.300000E+002  0.188796E+002 -0.243144E+002 -0.181968E-001  0.936788E-002  0.204666E-001  0.125043E-001 -0.643736E-002  0.140641E-001  0.220000E+002  0.200000E+001  0.100000E+001  0.500000E+000  0.300000E+000  0.200000E+001  0.100000E+001  0.100000E+001  0.100000E+002
  0.309500E+003  0.300000E+002  0.190823E+002 -0.241487E+002 -0.853333E-002  0.172374E-001  0.192340E-001  0.591678E-002 -0.119520E-001  0.133363E-001  0.220000E+002  0.200000E+001  0.100000E+001  0.500000E+000  0.300000E+000  0.200000E+001  0.100000E+001  0.100000E+001  0.100000E+002
  0.310000E+003  0.300000E+002  0.192836E+002 -0.239813E+002  0.385599E-002  0.175620E-001  0.179804E-001 -0.269570E-002 -0.122775E-001  0.125700E-001  0.220000E+002  0.200000E+001  0.100000E+001  0.500000E+000  0.300000E+000  0.200000E+001  0.100000E+001  0.100000E+001  0.100000E+002
  0.310500E+003  0.300000E+002  0.194834E+002 -0.238122E+002  0.134598E-001  0.991913E-002  0.167199E-001 -0.948015E-002 -0.698634E-002  0.117763E-001  0.220000E+002  0.200000E+001  0.100000E+001  0.500000E+000  0.300000E+000  0.200000E+001  0.100000E+001  0.100000E+001  0.100000E+002
  0.311000E+003  0.300000E+002  0.196818E+002 -0.236413E+002  0.153351E-001 -0.203394E-002  0.154694E-001 -0.108738E-001  0.144222E-002  0.109690E-001  0.220000E+002  0.200000E+001  0.100000E+001  0.500000E+000  0.300000E+000  0.200000E+001  0.100000E+001  0.100000E+001  0.100000E+002
  0.311500E+003  0.300000E+002  0.198786E+002 -0.234687E+002  0.829013E-002 -0.115858E-001  0.142463E-001 -0.591379E-002  0.826479E-002  0.101627E-001  0.220000E+002  0.200000E+001  0.100000E+001  0.500000E+000  0.300000E+000  0.200000E+001  0.100000E+001  0.100000E+001  0.100000E+002
  0.312000E+003  0.300000E+002  0.200739E+002 -0.232943E+002 -0.324529E-002 -0.126576E-001  0.130670E-001  0.232744E-002  0.907772E-002  0.937134E-002  0.220000E+002  0.200000E+001  0.100000E+001  0.500000E+000  0.300000E+000  0.200000E+001  0.100000E+001  0.100000E+001  0.100000E+002
  0.312500E+003  0.300000E+002  0.202677E+002 -0.231183E+002 -0.110462E-001 -0.454715E-002  0.119455E-001  0.795958E-002  0.327656E-002  0.860760E-002  0.220000E+002  0.200000E+001  0.100000E+001  0.500000E+000  0.300000E+000  0.200000E+001  0.100000E+001  0.100000E+001  0.100000E+002
  0.313000E+003  0.300000E+002  0.204600E+002 -0.229406E+002 -0.899746E-002  0.613900E-002  0.108923E-001  0.651040E-002 -0.444207E-002  0.788145E-002  0.220000E+002  0.200000E+001  0.100000E+001  0.500000E+000  0.300000E+000  0.200000E+001  0.100000E+001  0.100000E+001  0.100000E+002
  0.313500E+003  0.300000E+002  0.206506E+002 -0.227612E+002  0.787785E-003  0.988283E-002  0.991418E-002 -0.572118E-003 -0.717728E-002  0.720004E-002  0.220000E+002  0.200000E+001  0.100000E+001  0.500000E+000  0.300000E+000  0.200000E+001  0.100000E+001  0.100000E+001  0.100000E+002
  0.314000E+003  0.300000E+002  0.208398E+002 -0.225802E+002  0.838697E-002  0.330423E-002  0.901439E-002 -0.611055E-002 -0.240738E-002  0.656767E-002  0.220000E+002  0.200000E+001  0.100000E+001  0.500000E+000  0.300000E+000  0.200000E+001  0.100000E+001  0.100000E+001  0.100000E+002
  0.314500E+003  0.300000E+002  0.210273E+002 -0.223975E+002  0.566842E-002 -0.591563E-002  0.819302E-002 -0.414154E-002  0.432216E-002  0.598610E-002  0.220000E+002  0.200000E+001  0.100000E+001  0.500000E+000  0.300000E+000  0.200000E+001  0.100000E+001  0.100000E+001  0.100000E+002
  0.315000E+003  0.300000E+002  0.212132E+002 -0.222132E+002 -0.347541E-002 -0.658722E-002  0.744782E-002  0.254555E-002  0.482479E-002  0.545513E-002  0.220000E+002  0.200000E+001  0.100000E+001  0.500000E+000  0.300000E+000  0.200000E+001  0.100000E+001  0.100000E+001  0.100000E+002
  0.315500E+003  0.300000E+002  0.213975E+002 -0.220273E+002 -0.659190E-002  0.156370E-002  0.677483E-002  0.483874E-002 -0.114782E-002  0.497302E-002  0.220000E+002  0.200000E+001  0.100000E+001  0.500000E+000  0.300000E+000  0.200000E+001  0.100000E+001  0.100000E+001  0.100000E+002
  0.316000E+003  0.300000E+002  0.215802E+002 -0.218398E+002  0.308173E-003  0.616139E-002  0.616910E-002 -0.226646E-003 -0.453141E-002  0.453707E-002  0.220000E+002  0.200000E+001  0.100000E+001  0.500000E+000  0.300000E+000  0.200000E+001  0.100000E+001  0.100000E+001  0.100000E+002
  0.316500E+003  0.300000E+002  0.217612E+002 -0.216506E+002  0.561410E-002  0.351634E-003  0.562510E-002 -0.413589E-002 -0.259047E-003  0.414399E-002  0.220000E+002  0.200000E+001  0.100000E+001  0.500000E+000  0.300000E+000  0.200000E+001  0.100000E+001  0.100000E+001  0.100000E+002
  0.317000E+003  0.300000E+002  0.219406E+002 -0.214600E+002  0.533613E-003 -0.510938E-002  0.513716E-002 -0.393700E-003  0.376970E-002  0.379020E-002  0.220000E+002  0.200000E+001  0.100000E+001  0.500000E+000  0.300000E+000  0.200000E+001  0.100000E+001  0.100000E+001  0.100000E+002
  0.317500E+003  0.300000E+002  0.221183E+002 -0.212677E+002 -0.468686E-002 -0.347779E-003  0.469975E-002  0.346256E-002  0.256932E-003  0.347208E-002  0.220000E+002  0.200000E+001  0.100000E+001  0.500000E+000  0.300000E+000  0.200000E+001  0.100000E+001  0.100000E+001  0.100000E+002
  0.318000E+003  0.300000E+002  0.222943E+002 -0.210739E+002  0.119797E-003  0.430595E-002  0.430761E-002 -0.886083E-004 -0.318490E-002  0.318613E-002  0.220000E+002  0.200000E+001  0.100000E+001  0.500000E+000  0.300000E+000  0.200000E+001  0.100000E+001  0.100000E+001  0.100000E+002
  0.318500E+003  0.300000E+002  0.224687E+002 -0.208786E+002  0.387552E-002 -0.793122E-003  0.395584E-002 -0.286955E-002  0.587252E-003  0.292903E-002  0.220000E+002  0.200000E+001  0.100000E+001  0.500000E+000  0.300000E+000  0.200000E+001  0.100000E+001  0.100000E+001  0.100000E+002
  0.319000E+003  0.300000E+002  0.226413E+002 -0.206818E+002 -0.157766E-002 -0.328031E-002  0.363998E-002  0.116925E-002  0.243113E-002  0.269769E-002  0.220000E+002  0.200000E+001  0.100000E+001  0.500000E+000  0.300000E+000  0.200000E+001  0.100000E+001  0.100000E+001  0.100000E+002
  0.319500E+003  0.300000E+002  0.228122E+002 -0.204834E+002 -0.241573E-002  0.232966E-002  0.335605E-002  0.179188E-002 -0.172803E-002  0.248936E-002  0.220000E+002  0.200000E+001  0.100000E+001  0.500000E+000  0.300000E+000  0.200000E+001  0.100000E+001  0.100000E+001  0.100000E+002
  0.320000E+003  0.300000E+002  0.229813E+002 -0.202836E+002  0.284106E-002  0.124134E-002  0.310041E-002 -0.210897E-002 -0.921468E-003  0.230149E-002  0.220000E+002  0.200000E+001  0.100000E+001  0.500000E+000  0.300000E+000  0.200000E+001  0.100000E+001  0.100000E+001  0.100000E+002
  0.320500E+003  0.300000E+002  0.231487E+002 -0.200823E+002 -0.150245E-003 -0.286597E-002  0.286990E-002  0.111606E-003  0.212892E-002  0.213185E-002  0.220000E+002  0.200000E+001  0.100000E+001  0.500000E+000  0.300000E+000  0.200000E+001  0.100000E+001  0.100000E+001  0.100000E+002
  0.321000E+003  0.300000E+002  0.233144E+002 -0.198796E+002 -0.221259E-002  0.147951E-002  0.266168E-002  0.164460E-002 -0.109971E-002  0.197840E-002  0.220000E+002  0.200000E+001  0.100000E+001  0.500000E+000  0.300000E+000  0.200000E+001  0.100000E+001  0.100000E+001  0.100000E+002
  0.321500E+003  0.300000E+002  0.234782E+002 -0.196754E+002  0.230439E-002  0.898219E-003  0.247326E-002 -0.171379E-002 -0.668013E-003  0.183938E-002  0.220000E+002  0.200000E+001  0.100000E+001  0.500000E+000  0.300000E+000  0.200000E+001  0.100000E+001  0.100000E+001  0.100000E+002
  0.322000E+003  0.300000E+002  0.236403E+002 -0.194698E+002 -0.703963E-003 -0.219217E-002  0.230242E-002  0.523811E-003  0.163117E-002  0.171321E-002  0.220000E+002  0.200000E+001  0.100000E+001  0.500000E+000  0.300000E+000  0.200000E+001  0.100000E+001  0.100000E+001  0.100000E+002
  0.322500E+003  0.300000E+002  0.238006E+002 -0.192628E+002 -0.103898E-002  0.187916E-002  0.214726E-002  0.773457E-003 -0.139892E-002  0.159850E-002  0.220000E+002  0.200000E+001  0.100000E+001  0.500000E+000  0.300000E+000  0.200000E+001  0.100000E+001  0.100000E+001  0.100000E+002
  0.323000E+003  0.300000E+002  0.239591E+002 -0.190545E+002  0.190266E-002 -0.635746E-003  0.200607E-002 -0.141702E-002  0.473475E-003  0.149403E-002  0.220000E+002  0.200000E+001  0.100000E+001  0.500000E+000  0.300000E+000  0.200000E+001  0.100000E+001  0.100000E+001  0.100000E+002
  0.323500E+003  0.300000E+002  0.241157E+002 -0.188447E+002 -0.176456E-002 -0.640845E-003  0.187733E-002  0.131468E-002  0.477459E-003  0.139869E-002  0.220000E+002  0.200000E+001  0.100000E+001  0.500000E+000  0.300000E+000  0.200000E+001  0.100000E+001  0.100000E+001  0.100000E+002
  0.324000E+003  0.300000E+002  0.242705E+002 -0.186336E+002  0.102808E-002  0.142821E-002  0.175976E-002 -0.766243E-003 -0.106446E-002  0.131157E-002  0.220000E+002  0.200000E+001  0.100000E+001  0.500000E+000  0.300000E+000  0.200000E+001  0.100000E+001  0.100000E+001  0.100000E+002
  0.324500E+003  0.300000E+002  0.244235E+002 -0.184211E+002 -0.160961E-003 -0.164430E-002  0.165216E-002  0.120006E-003  0.122592E-002  0.123178E-002  0.220000E+002  0.200000E+001  0.100000E+001  0.500000E+000  0.300000E+000  0.200000E+001  0.100000E+001  0.100000E+001  0.100000E+002
  0.325000E+003  0.300000E+002  0.245746E+002 -0.182073E+002 -0.542492E-003  0.145572E-002  0.155352E-002  0.404583E-003 -0.108565E-002  0.115859E-002  0.220000E+002  0.200000E+001  0.100000E+001  0.500000E+000  0.300000E+000  0.200000E+001  0.100000E+001  0.100000E+001  0.100000E+002
  0.325500E+003  0.300000E+002  0.247238E+002 -0.179922E+002  0.985509E-003 -0.108121E-002  0.146295E-002 -0.735185E-003  0.806575E-003  0.109136E-002  0.220000E+002  0.200000E+001  0.100000E+001  0.500000E+000  0.300000E+000  0.200000E+001  0.100000E+001  0.100000E+001  0.100000E+002
  0.326000E+003  0.300000E+002  0.248711E+002 -0.177758E+002 -0.119661E-002  0.686679E-003  0.137963E-002  0.892894E-003 -0.512393E-003  0.102947E-002  0.220000E+002  0.200000E+001  0.100000E+001  0.500000E+000  0.300000E+000  0.200000E+001  0.100000E+001  0.100000E+001  0.100000E+002
  0.326500E+003  0.300000E+002  0.250166E+002 -0.175581E+002  0.125146E-002 -0.362325E-003  0.130286E-002 -0.934052E-003  0.270428E-003  0.972412E-003  0.220000E+002  0.200000E+001  0.100000E+001  0.500000E+000  0.300000E+000  0.200000E+001  0.100000E+001  0.100000E+001  0.100000E+002
  0.327000E+003  0.300000E+002  0.251601E+002 -0.173392E+002 -0.122400E-002  0.140164E-003  0.123200E-002  0.913765E-003 -0.104638E-003  0.919737E-003  0.220000E+002  0.200000E+001  0.100000E+001  0.500000E+000  0.300000E+000  0.200000E+001  0.100000E+001  0.100000E+001  0.100000E+002
  0.327500E+003  0.300000E+002  0.253017E+002 -0.171190E+002  0.116634E-002 -0.202675E-004  0.116651E-002 -0.870894E-003  0.151336E-004  0.871026E-003  0.220000E+002  0.200000E+001  0.100000E+001  0.500000E+000  0.300000E+000  0.200000E+001  0.100000E+001  0.100000E+001  0.100000E+002
  0.328000E+003  0.300000E+002  0.254414E+002 -0.168976E+002 -0.110583E-002 -0.919684E-005  0.110587E-002  0.825877E-003  0.686854E-005  0.825906E-003  0.220000E+002  0.200000E+001  0.100000E+001  0.500000E+000  0.300000E+000  0.200000E+001  0.100000E+001  0.100000E+001  0.100000E+002
  0.328500E+003  0.300000E+002  0.255792E+002 -0.166750E+002  0.104895E-002 -0.385563E-004  0.104966E-002 -0.783538E-003  0.288005E-004  0.784068E-003  0.220000E+002  0.200000E+001  0.100000E+001  0.500000E+000  0.300000E+000  0.200000E+001  0.100000E+001  0.100000E+001  0.100000E+002
  0.329000E+003  0.300000E+002  0.257150E+002 -0.164511E+002 -0.985909E-003  0.151338E-003  0.997457E-003  0.736572E-003 -0.113065E-003  0.745200E-003  0.220000E+002  0.200000E+001  0.100000E+001  0.500000E+000  0.300000E+000  0.200000E+001  0.100000E+001  0.100000E+001  0.100000E+002
  0.329500E+003  0.300000E+002  0.258489E+002 -0.162262E+002  0.895173E-003 -0.314821E-003  0.948919E-003 -0.668889E-003  0.235240E-003  0.709049E-003  0.220000E+002  0.200000E+001  0.100000E+001  0.500000E+000  0.300000E+000  0.200000E+001  0.100000E+001  0.100000E+001  0.100000E+002
  0.330000E+003  0.300000E+002  0.259808E+002 -0.160000E+002 -0.748875E-003  0.505874E-003  0.903727E-003  0.559656E-003 -0.378054E-003  0.675381E-003  0.220000E+002  0.200000E+001  0.100000E+001  0.500000E+000  0.300000E+000  0.200000E+001  0.100000E+001  0.100000E+001  0.100000E+002
  0.330500E+003  0.300000E+002  0.261107E+002 -0.157727E+002  0.522082E-003 -0.685413E-003  0.861603E-003 -0.390221E-003  0.512300E-003  0.643991E-003  0.220000E+002  0.200000E+001  0.100000E+001  0.500000E+000  0.300000E+000  0.200000E+001  0.100000E+001  0.100000E+001  0.100000E+002
  0.331000E+003  0.300000E+002  0.262386E+002 -0.155443E+002 -0.207927E-003  0.795548E-003  0.822271E-003  0.155432E-003 -0.594697E-003  0.614673E-003  0.220000E+002  0.200000E+001  0.100000E+001  0.500000E+000  0.300000E+000  0.200000E+001  0.100000E+001  0.100000E+001  0.100000E+002
  0.331500E+003  0.300000E+002  0.263645E+002 -0.153148E+002 -0.162955E-003 -0.768419E-003  0.785507E-003  0.121829E-003  0.574487E-003  0.587263E-003  0.220000E+002  0.200000E+001  0.100000E+001  0.500000E+000  0.300000E+000  0.200000E+001  0.100000E+001  0.100000E+001  0.100000E+002
  0.332000E+003  0.300000E+002  0.264884E+002 -0.150841E+002  0.507934E-003  0.553337E-003  0.751118E-003 -0.379787E-003 -0.413735E-003  0.561618E-003  0.220000E+002  0.200000E+001  0.100000E+001  0.500000E+000  0.300000E+000  0.200000E+001  0.100000E+001  0.100000E+001  0.100000E+002
  0.332500E+003  0.300000E+002  0.266103E+002 -0.148525E+002 -0.700658E-003 -0.160885E-003  0.718892E-003  0.523946E-003  0.120308E-003  0.537581E-003  0.220000E+002  0.200000E+001  0.100000E+001  0.500000E+000  0.300000E+000  0.200000E+001  0.100000E+001  0.100000E+001  0.100000E+002
  0.333000E+003  0.300000E+002  0.267302E+002 -0.146197E+002  0.621522E-003 -0.296591E-003  0.688662E-003 -0.464816E-003  0.221811E-003  0.515029E-003  0.220000E+002  0.200000E+001  0.100000E+001  0.500000E+000  0.300000E+000  0.200000E+001  0.100000E+001  0.100000E+001  0.100000E+002
  0.333500E+003  0.300000E+002  0.268480E+002 -0.143859E+002 -0.248816E-003  0.611616E-003  0.660291E-003  0.186099E-003 -0.457453E-003  0.493859E-003  0.220000E+002  0.200000E+001  0.100000E+001  0.500000E+000  0.300000E+000  0.200000E+001  0.100000E+001  0.100000E+001  0.100000E+002
  0.334000E+003  0.300000E+002  0.269638E+002 -0.141511E+002 -0.258796E-003 -0.578354E-003  0.633616E-003  0.193582E-003  0.432615E-003  0.473951E-003  0.220000E+002  0.200000E+001  0.100000E+001  0.500000E+000  0.300000E+000  0.200000E+001  0.100000E+001  0.100000E+001  0.100000E+002
  0.334500E+003  0.300000E+002  0.270776E+002 -0.139153E+002  0.585605E-003  0.165408E-003  0.608517E-003 -0.438077E-003 -0.123737E-003  0.455217E-003  0.220000E+002  0.200000E+001  0.100000E+001  0.500000E+000  0.300000E+000  0.200000E+001  0.100000E+001  0.100000E+001  0.100000E+002
  0.335000E+003  0.300000E+002  0.271892E+002 -0.136785E+002 -0.459593E-003  0.361749E-003  0.584883E-003  0.343839E-003 -0.270638E-003  0.437573E-003  0.220000E+002  0.200000E+001  0.100000E+001  0.500000E+000  0.300000E+000  0.200000E+001  0.100000E+001  0.100000E+001  0.100000E+002
  0.335500E+003  0.300000E+002  0.272988E+002 -0.134408E+002 -0.590663E-004 -0.559482E-003  0.562591E-003  0.441932E-004  0.418602E-003  0.420929E-003  0.220000E+002  0.200000E+001  0.100000E+001  0.500000E+000  0.300000E+000  0.200000E+001  0.100000E+001  0.100000E+001  0.100000E+002
  0.336000E+003  0.300000E+002  0.274064E+002 -0.132021E+002  0.500951E-003  0.205757E-003  0.541561E-003 -0.374837E-003 -0.153958E-003  0.405224E-003  0.220000E+002  0.200000E+001  0.100000E+001  0.500000E+000  0.300000E+000  0.200000E+001  0.100000E+001  0.100000E+001  0.100000E+002
  0.336500E+003  0.300000E+002  0.275118E+002 -0.129625E+002 -0.380808E-003  0.356610E-003  0.521714E-003  0.284961E-003 -0.266853E-003  0.390401E-003  0.220000E+002  0.200000E+001  0.100000E+001  0.500000E+000  0.300000E+000  0.200000E+001  0.100000E+001  0.100000E+001  0.100000E+002
  0.337000E+003  0.300000E+002  0.276151E+002 -0.127219E+002 -0.191302E-003 -0.465128E-003  0.502932E-003  0.143162E-003  0.348081E-003  0.376371E-003  0.220000E+002  0.200000E+001  0.100000E+001  0.500000E+000  0.300000E+000  0.200000E+001  0.100000E+001  0.100000E+001  0.100000E+002
  0.337500E+003  0.300000E+002  0.277164E+002 -0.124805E+002  0.483055E-003 -0.453427E-004  0.485179E-003 -0.361520E-003  0.339347E-004  0.363109E-003  0.220000E+002  0.200000E+001  0.100000E+001  0.500000E+000  0.300000E+000  0.200000E+001  0.100000E+001  0.100000E+001  0.100000E+002
  0.338000E+003  0.300000E+002  0.278155E+002 -0.122382E+002 -0.642343E-004  0.463936E-003  0.468361E-003  0.480761E-004 -0.347232E-003  0.350544E-003  0.220000E+002  0.200000E+001  0.100000E+001  0.500000E+000  0.300000E+000  0.200000E+001  0.100000E+001  0.100000E+001  0.100000E+002
  0.338500E+003  0.300000E+002  0.279125E+002 -0.119950E+002 -0.431723E-003 -0.135277E-003  0.452420E-003  0.323141E-003  0.101254E-003  0.338633E-003  0.220000E+002  0.200000E+001  0.100000E+001  0.500000E+000  0.300000E+000  0.200000E+001  0.100000E+001  0.100000E+001  0.100000E+002
  0.339000E+003  0.300000E+002  0.280074E+002 -0.117510E+002  0.172289E-003 -0.401931E-003  0.437301E-003 -0.128964E-003  0.300859E-003  0.327334E-003  0.220000E+002  0.200000E+001  0.100000E+001  0.500000E+000  0.300000E+000  0.200000E+001  0.100000E+001  0.100000E+001  0.100000E+002
  0.339500E+003  0.300000E+002  0.281002E+002 -0.115062E+002  0.382330E-003  0.180861E-003  0.422950E-003 -0.286202E-003 -0.135388E-003  0.316609E-003  0.220000E+002  0.200000E+001  0.100000E+001  0.500000E+000  0.300000E+000  0.200000E+001  0.100000E+001  0.100000E+001  0.100000E+002
  0.340000E+003  0.300000E+002  0.281908E+002 -0.112606E+002 -0.164918E-003  0.374644E-003  0.409336E-003  0.123459E-003 -0.280462E-003  0.306433E-003  0.220000E+002  0.200000E+001  0.100000E+001  0.500000E+000  0.300000E+000  0.200000E+001  0.100000E+001  0.100000E+001  0.100000E+002
  0.340500E+003  0.300000E+002  0.282792E+002 -0.110142E+002 -0.375781E-003 -0.126116E-003  0.396379E-003  0.281327E-003  0.944164E-004  0.296748E-003  0.220000E+002  0.200000E+001  0.100000E+001  0.500000E+000  0.300000E+000  0.200000E+001  0.100000E+001  0.100000E+001  0.100000E+002
  0.341000E+003  0.300000E+002  0.283656E+002 -0.107670E+002  0.648148E-004 -0.378559E-003  0.384068E-003 -0.485256E-004  0.283420E-003  0.287544E-003  0.220000E+002  0.200000E+001  0.100000E+001  0.500000E+000  0.300000E+000  0.200000E+001  0.100000E+001  0.100000E+001  0.100000E+002
  0.341500E+003  0.300000E+002  0.284497E+002 -0.105191E+002  0.371922E-003 -0.177276E-004  0.372344E-003 -0.278463E-003  0.132729E-004  0.278779E-003  0.220000E+002  0.200000E+001  0.100000E+001  0.500000E+000  0.300000E+000  0.200000E+001  0.100000E+001  0.100000E+001  0.100000E+002
  0.342000E+003  0.300000E+002  0.285317E+002 -0.102705E+002  0.116153E-003  0.341981E-003  0.361168E-003 -0.869689E-004 -0.256057E-003  0.270423E-003  0.220000E+002  0.200000E+001  0.100000E+001  0.500000E+000  0.300000E+000  0.200000E+001  0.100000E+001  0.100000E+001  0.100000E+002
  0.342500E+003  0.300000E+002  0.286115E+002 -0.100212E+002 -0.274874E-003  0.217526E-003  0.350533E-003  0.205819E-003 -0.162879E-003  0.262471E-003  0.220000E+002  0.200000E+001  0.100000E+001  0.500000E+000  0.300000E+000  0.200000E+001  0.100000E+001  0.100000E+001  0.100000E+002
  0.343000E+003  0.300000E+002  0.286891E+002 -0.977115E+001 -0.299130E-003 -0.162433E-003  0.340387E-003  0.223990E-003  0.121631E-003  0.254883E-003  0.220000E+002  0.200000E+001  0.100000E+001  0.500000E+000  0.300000E+000  0.200000E+001  0.100000E+001  0.100000E+001  0.100000E+002
  0.343500E+003  0.300000E+002  0.287646E+002 -0.952046E+001  0.106297E-004 -0.330524E-003  0.330694E-003 -0.795990E-005  0.247507E-003  0.247635E-003  0.220000E+002  0.200000E+001  0.100000E+001  0.500000E+000  0.300000E+000  0.200000E+001  0.100000E+001  0.100000E+001  0.100000E+002
  0.344000E+003  0.300000E+002  0.288379E+002 -0.926912E+001  0.282984E-003 -0.152487E-003  0.321454E-003 -0.211915E-003  0.114192E-003  0.240724E-003  0.220000E+002  0.200000E+001  0.100000E+001  0.500000E+000  0.300000E+000  0.200000E+001  0.100000E+001  0.100000E+001  0.100000E+002
  0.344500E+003  0.300000E+002  0.289089E+002 -0.901715E+001  0.275906E-003  0.146986E-003  0.312617E-003 -0.206622E-003 -0.110076E-003  0.234114E-003  0.220000E+002  0.200000E+001  0.100000E+001  0.500000E+000  0.300000E+000  0.200000E+001  0.100000E+001  0.100000E+001  0.100000E+002
  0.345000E+003  0.300000E+002  0.289778E+002 -0.876457E+001  0.478057E-004  0.300388E-003  0.304168E-003 -0.358022E-004 -0.224964E-003  0.227795E-003  0.220000E+002  0.200000E+001  0.100000E+001  0.500000E+000  0.300000E+000  0.200000E+001  0.100000E+001  0.100000E+001  0.100000E+002
  0.345500E+003  0.300000E+002  0.290444E+002 -0.851140E+001 -0.192057E-003  0.225357E-003  0.296094E-003  0.143838E-003 -0.168777E-003  0.221755E-003  0.220000E+002  0.200000E+001  0.100000E+001  0.500000E+000  0.300000E+000  0.200000E+001  0.100000E+001  0.100000E+001  0.100000E+002
  0.346000E+003  0.300000E+002  0.291089E+002 -0.825766E+001 -0.287845E-003  0.175383E-004  0.288379E-003  0.215584E-003 -0.131354E-004  0.215983E-003  0.220000E+002  0.200000E+001  0.100000E+001  0.500000E+000  0.300000E+000  0.200000E+001  0.100000E+001  0.100000E+001  0.100000E+002
  0.346500E+003  0.300000E+002  0.291711E+002 -0.800336E+001 -0.217726E-003 -0.177612E-003  0.280982E-003  0.163072E-003  0.133028E-003  0.210449E-003  0.220000E+002  0.200000E+001  0.100000E+001  0.500000E+000  0.300000E+000  0.200000E+001  0.100000E+001  0.100000E+001  0.100000E+002
  0.347000E+003  0.300000E+002  0.292311E+002 -0.774853E+001 -0.544121E-004 -0.268431E-003  0.273890E-003  0.407546E-004  0.201055E-003  0.205144E-003  0.220000E+002  0.200000E+001  0.100000E+001  0.500000E+000  0.300000E+000  0.200000E+001  0.100000E+001  0.100000E+001  0.100000E+002
  0.347500E+003  0.300000E+002  0.292889E+002 -0.749319E+001  0.110943E-003 -0.242978E-003  0.267108E-003 -0.830987E-004  0.181995E-003  0.200069E-003  0.220000E+002  0.200000E+001  0.100000E+001  0.500000E+000  0.300000E+000  0.200000E+001  0.100000E+001  0.100000E+001  0.100000E+002
  0.348000E+003  0.300000E+002  0.293444E+002 -0.723735E+001  0.219128E-003 -0.141041E-003  0.260595E-003 -0.164136E-003  0.105645E-003  0.195196E-003  0.220000E+002  0.200000E+001  0.100000E+001  0.500000E+000  0.300000E+000  0.200000E+001  0.100000E+001  0.100000E+001  0.100000E+002
  0.348500E+003  0.300000E+002  0.293977E+002 -0.698104E+001  0.253919E-003 -0.149110E-004  0.254356E-003 -0.190200E-003  0.111692E-004  0.190528E-003  0.220000E+002  0.200000E+001  0.100000E+001  0.500000E+000  0.300000E+000  0.200000E+001  0.100000E+001  0.100000E+001  0.100000E+002
  0.349000E+003  0.300000E+002  0.294488E+002 -0.672427E+001  0.228984E-003  0.961920E-004  0.248368E-003 -0.171527E-003 -0.720551E-004  0.186047E-003  0.220000E+002  0.200000E+001  0.100000E+001  0.500000E+000  0.300000E+000  0.200000E+001  0.100000E+001  0.100000E+001  0.100000E+002
  0.349500E+003  0.300000E+002  0.294976E+002 -0.646707E+001  0.169453E-003  0.173640E-003  0.242621E-003 -0.126936E-003 -0.130073E-003  0.181746E-003  0.220000E+002  0.200000E+001  0.100000E+001  0.500000E+000  0.300000E+000  0.200000E+001  0.100000E+001  0.100000E+001  0.100000E+002
  0.350000E+003  0.300000E+002  0.295442E+002 -0.620945E+001  0.986821E-004  0.215582E-003  0.237095E-003 -0.739238E-004 -0.161495E-003  0.177610E-003  0.220000E+002  0.200000E+001  0.100000E+001  0.500000E+000  0.300000E+000  0.200000E+001  0.100000E+001  0.100000E+001  0.100000E+002
  0.350500E+003  0.300000E+002  0.295886E+002 -0.595143E+001  0.325504E-004  0.229482E-003  0.231779E-003 -0.243844E-004 -0.171911E-003  0.173632E-003  0.220000E+002  0.200000E+001  0.100000E+001  0.500000E+000  0.300000E+000  0.200000E+001  0.100000E+001  0.100000E+001  0.100000E+002
  0.351000E+003  0.300000E+002  0.296307E+002 -0.569303E+001 -0.209077E-004  0.225717E-003  0.226683E-003  0.156628E-004 -0.169094E-003  0.169818E-003  0.220000E+002  0.200000E+001  0.100000E+001  0.500000E+000  0.300000E+000  0.200000E+001  0.100000E+001  0.100000E+001  0.100000E+002
  0.351500E+003  0.300000E+002  0.296705E+002 -0.543428E+001 -0.593701E-004  0.213691E-003  0.221785E-003  0.444776E-004 -0.160088E-003  0.166152E-003  0.220000E+002  0.200000E+001  0.100000E+001  0.500000E+000  0.300000E+000  0.200000E+001  0.100000E+001  0.100000E+001  0.100000E+002
  0.352000E+003  0.300000E+002  0.297080E+002 -0.517519E+001 -0.836228E-004  0.200310E-003  0.217064E-003  0.626479E-004 -0.150067E-003  0.162618E-003  0.220000E+002  0.200000E+001  0.100000E+001  0.500000E+000  0.300000E+000  0.200000E+001  0.100000E+001  0.100000E+001  0.100000E+002
  0.352500E+003  0.300000E+002  0.297433E+002 -0.491579E+001 -0.955383E-004  0.189845E-003  0.212529E-003  0.715759E-004 -0.142229E-003  0.159224E-003  0.220000E+002  0.200000E+001  0.100000E+001  0.500000E+000  0.300000E+000  0.200000E+001  0.100000E+001  0.100000E+001  0.100000E+002
  0.353000E+003  0.300000E+002  0.297764E+002 -0.465608E+001 -0.968216E-004  0.184272E-003  0.208160E-003  0.725387E-004 -0.138057E-003  0.155954E-003  0.220000E+002  0.200000E+001  0.100000E+001  0.500000E+000  0.300000E+000  0.200000E+001  0.100000E+001  0.100000E+001  0.100000E+002
  0.353500E+003  0.300000E+002  0.298072E+002 -0.439610E+001 -0.884501E-004  0.183774E-003  0.203952E-003  0.662680E-004 -0.137686E-003  0.152803E-003  0.220000E+002  0.200000E+001  0.100000E+001  0.500000E+000  0.300000E+000  0.200000E+001  0.100000E+001  0.100000E+001  0.100000E+002
  0.354000E+003  0.300000E+002  0.298357E+002 -0.413585E+001 -0.706241E-004  0.187008E-003  0.199899E-003  0.529134E-004 -0.140111E-003  0.149770E-003  0.220000E+002  0.200000E+001  0.100000E+001  0.500000E+000  0.300000E+000  0.200000E+001  0.100000E+001  0.100000E+001  0.100000E+002
  0.354500E+003  0.300000E+002  0.298619E+002 -0.387537E+001 -0.431211E-004  0.191196E-003  0.195998E-003  0.323079E-004 -0.143251E-003  0.146849E-003  0.220000E+002  0.200000E+001  0.100000E+001  0.500000E+000  0.300000E+000  0.200000E+001  0.100000E+001  0.100000E+001  0.100000E+002
  0.355000E+003  0.300000E+002  0.298858E+002 -0.361467E+001 -0.600873E-005  0.192135E-003  0.192229E-003  0.450204E-005 -0.143957E-003  0.144028E-003  0.220000E+002  0.200000E+001  0.100000E+001  0.500000E+000  0.300000E+000  0.200000E+001  0.100000E+001  0.100000E+001  0.100000E+002
  0.355500E+003  0.300000E+002  0.299075E+002 -0.335377E+001  0.393368E-004  0.184455E-003  0.188603E-003 -0.294736E-004 -0.138205E-003  0.141313E-003  0.220000E+002  0.200000E+001  0.100000E+001  0.500000E+000  0.300000E+000  0.200000E+001  0.100000E+001  0.100000E+001  0.100000E+002
  0.356000E+003  0.300000E+002  0.299269E+002 -0.309269E+001  0.890330E-004  0.162282E-003  0.185101E-003 -0.667100E-004 -0.121593E-003  0.138691E-003  0.220000E+002  0.200000E+001  0.100000E+001  0.500000E+000  0.300000E+000  0.200000E+001  0.100000E+001  0.100000E+001  0.100000E+002
  0.356500E+003  0.300000E+002  0.299440E+002 -0.283146E+001  0.135713E-003  0.120847E-003  0.181720E-003 -0.101688E-003 -0.905487E-004  0.136160E-003  0.220000E+002  0.200000E+001  0.100000E+001  0.500000E+000  0.300000E+000  0.200000E+001  0.100000E+001  0.100000E+001  0.100000E+002
