 % the field is uss
 %psi, re(u), im(u), abs(u), re(w), im(w), abs(w)
   5.00 -0.365589E-003  0.494118E-005  0.365623E-003  0.251593E-002  0.106156E-002  0.273071E-002
   5.50 -0.156429E-003 -0.132124E-003  0.204760E-003  0.256726E-002  0.121343E-002  0.283959E-002
   6.00 -0.356982E-003  0.101082E-003  0.371017E-003  0.298629E-002  0.102850E-002  0.315844E-002
   6.50 -0.419903E-003 -0.219363E-003  0.473749E-003  0.325385E-002  0.131571E-002  0.350979E-002
   7.00 -0.286925E-003  0.475473E-004  0.290838E-003  0.338006E-002  0.106963E-002  0.354527E-002
   7.50 -0.688987E-003 -0.112736E-003  0.698149E-003  0.392060E-002  0.120133E-002  0.410052E-002
   8.00 -0.360854E-003 -0.167267E-003  0.397736E-003  0.386494E-002  0.120263E-002  0.404773E-002
   8.50 -0.758349E-003  0.758230E-004  0.762130E-003  0.438619E-002  0.970661E-003  0.449231E-002
   9.00 -0.692677E-003 -0.305233E-003  0.756947E-003  0.453435E-002  0.123192E-002  0.469872E-002
   9.50 -0.678068E-003  0.583477E-004  0.680574E-003  0.468676E-002  0.877225E-003  0.476815E-002
  10.00 -0.103730E-002 -0.142698E-003  0.104707E-002  0.517698E-002  0.971695E-003  0.526738E-002
  10.50 -0.812948E-003 -0.186557E-003  0.834079E-003  0.513067E-002  0.949908E-003  0.521787E-002
  11.00 -0.106553E-002  0.782466E-004  0.106840E-002  0.550721E-002  0.633492E-003  0.554352E-002
  11.50 -0.125276E-002 -0.216692E-003  0.127136E-002  0.579684E-002  0.818772E-003  0.585438E-002
  12.00 -0.103456E-002 -0.655862E-004  0.103663E-002  0.574016E-002  0.589425E-003  0.577034E-002
  12.50 -0.146462E-002  0.994112E-004  0.146799E-002  0.623006E-002  0.372447E-003  0.624118E-002
  13.00 -0.145160E-002 -0.252651E-003  0.147342E-002  0.631401E-002  0.577918E-003  0.634040E-002
  13.50 -0.132885E-002  0.109981E-003  0.133339E-002  0.631985E-002  0.172492E-003  0.632220E-002
  14.00 -0.186179E-002  0.856190E-004  0.186375E-002  0.685023E-002  0.114702E-003  0.685119E-002
  14.50 -0.163970E-002 -0.204291E-003  0.165238E-002  0.674291E-002  0.251675E-003  0.674761E-002
  15.00 -0.170704E-002  0.283125E-003  0.173036E-002  0.686918E-002 -0.235103E-003  0.687320E-002
  15.50 -0.218524E-002  0.718532E-004  0.218643E-002  0.733006E-002 -0.163771E-003  0.733189E-002
  16.00 -0.191955E-002 -0.515903E-004  0.192024E-002  0.716282E-002 -0.126964E-003  0.716394E-002
  16.50 -0.206015E-002  0.343248E-003  0.208855E-002  0.730918E-002 -0.567277E-003  0.733116E-002
  17.00 -0.247630E-002  0.230351E-003  0.248699E-002  0.772048E-002 -0.539079E-003  0.773927E-002
  17.50 -0.232831E-002  0.132290E-004  0.232835E-002  0.759219E-002 -0.435685E-003  0.760468E-002
  18.00 -0.228339E-002  0.433746E-003  0.232422E-002  0.759718E-002 -0.880698E-003  0.764805E-002
  18.50 -0.285030E-002  0.453164E-003  0.288610E-002  0.808164E-002 -0.947799E-003  0.813703E-002
  19.00 -0.273673E-002  0.676716E-004  0.273757E-002  0.798529E-002 -0.702463E-003  0.801612E-002
  19.50 -0.253727E-002  0.497936E-003  0.258567E-002  0.782711E-002 -0.112760E-002  0.790791E-002
  20.00 -0.313198E-002  0.695424E-003  0.320825E-002  0.832034E-002 -0.134422E-002  0.842822E-002
  20.50 -0.322816E-002  0.230349E-003  0.323637E-002  0.838853E-002 -0.101180E-002  0.844933E-002
  21.00 -0.287423E-002  0.451044E-003  0.290941E-002  0.807988E-002 -0.123668E-002  0.817398E-002
  21.50 -0.327366E-002  0.871373E-003  0.338764E-002  0.838420E-002 -0.164244E-002  0.854356E-002
  22.00 -0.367567E-002  0.595673E-003  0.372363E-002  0.872361E-002 -0.144380E-002  0.884228E-002
  22.50 -0.347879E-002  0.390856E-003  0.350068E-002  0.850277E-002 -0.128120E-002  0.859875E-002
  23.00 -0.333816E-002  0.764574E-003  0.342460E-002  0.835675E-002 -0.165820E-002  0.851968E-002
  23.50 -0.386174E-002  0.107629E-002  0.400892E-002  0.878739E-002 -0.191137E-002  0.899286E-002
  24.00 -0.422825E-002  0.616367E-003  0.427294E-002  0.902610E-002 -0.153483E-002  0.915567E-002
  24.50 -0.378905E-002  0.468966E-003  0.381797E-002  0.862681E-002 -0.143462E-002  0.874528E-002
  25.00 -0.379509E-002  0.108081E-002  0.394600E-002  0.859041E-002 -0.193968E-002  0.880667E-002
  25.50 -0.449365E-002  0.119296E-002  0.464930E-002  0.912889E-002 -0.203053E-002  0.935199E-002
  26.00 -0.470516E-002  0.657490E-003  0.475087E-002  0.925983E-002 -0.156626E-002  0.939136E-002
  26.50 -0.429653E-002  0.571904E-003  0.433442E-002  0.886103E-002 -0.146998E-002  0.898213E-002
  27.00 -0.428392E-002  0.108369E-002  0.441887E-002  0.878287E-002 -0.188582E-002  0.898305E-002
  27.50 -0.485447E-002  0.130802E-002  0.502761E-002  0.923058E-002 -0.206012E-002  0.945768E-002
  28.00 -0.532102E-002  0.943951E-003  0.540410E-002  0.957214E-002 -0.167789E-002  0.971809E-002
  28.50 -0.516342E-002  0.467851E-003  0.518458E-002  0.933463E-002 -0.124381E-002  0.941713E-002
  29.00 -0.470482E-002  0.683286E-003  0.475418E-002  0.891044E-002 -0.141096E-002  0.902146E-002
  29.50 -0.499793E-002  0.134638E-002  0.517610E-002  0.910915E-002 -0.188523E-002  0.930219E-002
  30.00 -0.585638E-002  0.128097E-002  0.599484E-002  0.974458E-002 -0.176814E-002  0.990370E-002
  30.50 -0.613620E-002  0.565696E-003  0.616222E-002  0.991866E-002 -0.110347E-002  0.997985E-002
  31.00 -0.572590E-002  0.189840E-003  0.572905E-002  0.949436E-002 -0.702712E-003  0.952033E-002
  31.50 -0.538964E-002  0.505291E-003  0.541328E-002  0.912425E-002 -0.898280E-003  0.916836E-002
  32.00 -0.568976E-002  0.101454E-002  0.577950E-002  0.930522E-002 -0.125845E-002  0.938994E-002
  32.50 -0.643331E-002  0.106332E-002  0.652059E-002  0.987839E-002 -0.120578E-002  0.995171E-002
  33.00 -0.704613E-002  0.510909E-003  0.706463E-002  0.103097E-001 -0.599865E-003  0.103272E-001
  33.50 -0.706395E-002 -0.314848E-003  0.707096E-002  0.101824E-001  0.200017E-003  0.101844E-001
  34.00 -0.646079E-002 -0.704261E-003  0.649906E-002  0.958118E-002  0.585748E-003  0.959907E-002
  34.50 -0.603725E-002 -0.257451E-003  0.604274E-002  0.916374E-002  0.329207E-003  0.916965E-002
  35.00 -0.648881E-002  0.341364E-003  0.649778E-002  0.942918E-002 -0.348190E-004  0.942924E-002
  35.50 -0.744259E-002  0.275578E-003  0.744769E-002  0.101191E-001  0.133186E-003  0.101200E-001
  36.00 -0.819568E-002 -0.483551E-003  0.820993E-002  0.106507E-001  0.916246E-003  0.106901E-001
  36.50 -0.839651E-002 -0.155659E-002  0.853958E-002  0.106745E-001  0.198108E-002  0.108568E-001
  37.00 -0.801791E-002 -0.249539E-002  0.839725E-002  0.101805E-001  0.290926E-002  0.105880E-001
  37.50 -0.733736E-002 -0.296262E-002  0.791290E-002  0.942732E-002  0.340905E-002  0.100248E-001
  38.00 -0.675704E-002 -0.288850E-002  0.734854E-002  0.879213E-002  0.343257E-002  0.943844E-002
  38.50 -0.668392E-002 -0.244730E-002  0.711787E-002  0.861814E-002  0.319710E-002  0.919205E-002
  39.00 -0.736690E-002 -0.216778E-002  0.767923E-002  0.902184E-002  0.315955E-002  0.955910E-002
  39.50 -0.847605E-002 -0.268051E-002  0.888980E-002  0.970586E-002  0.375636E-002  0.104074E-001
  40.00 -0.930192E-002 -0.406313E-002  0.101506E-001  0.101488E-001  0.503987E-002  0.113313E-001
  40.50 -0.945623E-002 -0.590323E-002  0.111476E-001  0.100128E-001  0.671957E-002  0.120585E-001
  41.00 -0.891512E-002 -0.785721E-002  0.118834E-001  0.922273E-002  0.847237E-002  0.125236E-001
  41.50 -0.768429E-002 -0.969698E-002  0.123725E-001  0.781338E-002  0.100439E-001  0.127251E-001
  42.00 -0.582684E-002 -0.111555E-001  0.125856E-001  0.588933E-002  0.112087E-001  0.126617E-001
  42.50 -0.353191E-002 -0.120166E-001  0.125249E-001  0.363780E-002  0.117954E-001  0.123436E-001
  43.00 -0.104339E-002 -0.121469E-001  0.121916E-001  0.130155E-002  0.117180E-001  0.117901E-001
  43.50  0.130844E-002 -0.115060E-001  0.115802E-001 -0.844842E-003  0.110049E-001  0.110373E-001
  44.00  0.318341E-002 -0.102951E-001  0.107760E-001 -0.257638E-002  0.983764E-002  0.101694E-001
  44.50  0.450303E-002 -0.888722E-002  0.996293E-002 -0.383810E-002  0.847353E-002  0.930225E-002
  45.00  0.545276E-002 -0.749328E-002  0.926725E-002 -0.472359E-002  0.708012E-002  0.851120E-002
  45.50  0.616681E-002 -0.608036E-002  0.866028E-002 -0.532272E-002  0.569529E-002  0.779536E-002
  46.00  0.660747E-002 -0.461640E-002  0.806039E-002 -0.565275E-002  0.433209E-002  0.712184E-002
  46.50  0.673261E-002 -0.318574E-002  0.744829E-002 -0.571720E-002  0.304280E-002  0.647649E-002
  47.00  0.658109E-002 -0.188140E-002  0.684473E-002 -0.555117E-002  0.188947E-002  0.586393E-002
  47.50  0.620561E-002 -0.760368E-003  0.625202E-002 -0.520987E-002  0.918728E-003  0.529025E-002
  48.00  0.567508E-002  0.108608E-003  0.567612E-002 -0.476603E-002  0.162933E-003  0.476881E-002
  48.50  0.513214E-002  0.691650E-003  0.517854E-002 -0.431427E-002 -0.382444E-003  0.433119E-002
  49.00  0.472562E-002  0.108499E-002  0.484857E-002 -0.393232E-002 -0.783691E-003  0.400966E-002
  49.50  0.447134E-002  0.146640E-002  0.470566E-002 -0.362852E-002 -0.113595E-002  0.380218E-002
  50.00  0.424827E-002  0.193660E-002  0.466886E-002 -0.334793E-002 -0.149537E-002  0.366671E-002
  50.50  0.393649E-002  0.245842E-002  0.464110E-002 -0.303202E-002 -0.185427E-002  0.355408E-002
  51.00  0.350974E-002  0.294572E-002  0.458209E-002 -0.266025E-002 -0.217557E-002  0.343657E-002
  51.50  0.299582E-002  0.335354E-002  0.449680E-002 -0.224077E-002 -0.243094E-002  0.330613E-002
  52.00  0.240805E-002  0.366613E-002  0.438626E-002 -0.178665E-002 -0.260364E-002  0.315770E-002
  52.50  0.175204E-002  0.384596E-002  0.422623E-002 -0.131476E-002 -0.267592E-002  0.298147E-002
  53.00  0.107548E-002  0.384108E-002  0.398880E-002 -0.857738E-003 -0.263353E-002  0.276969E-002
  53.50  0.471451E-003  0.364306E-002  0.367344E-002 -0.460257E-003 -0.248430E-002  0.252657E-002
  54.00  0.204107E-004  0.331490E-002  0.331496E-002 -0.156409E-003 -0.226416E-002  0.226955E-002
  54.50 -0.263007E-003  0.295198E-002  0.296368E-002  0.485125E-004 -0.201990E-002  0.202048E-002
  55.00 -0.423898E-003  0.261941E-002  0.265349E-002  0.174047E-003 -0.178529E-002  0.179375E-002
  55.50 -0.516344E-003  0.232698E-002  0.238358E-002  0.245017E-003 -0.157181E-002  0.159079E-002
  56.00 -0.562139E-003  0.205496E-002  0.213046E-002  0.275932E-003 -0.137789E-002  0.140525E-002
  56.50 -0.551521E-003  0.179495E-002  0.187777E-002  0.270499E-003 -0.120337E-002  0.123339E-002
  57.00 -0.473376E-003  0.156663E-002  0.163659E-002  0.231489E-003 -0.105556E-002  0.108064E-002
  57.50 -0.340988E-003  0.140225E-002  0.144312E-002  0.169026E-003 -0.944268E-003  0.959276E-003
  58.00 -0.192334E-003  0.131940E-002  0.133335E-002  0.100198E-003 -0.873041E-003  0.878772E-003
  58.50 -0.695282E-004  0.130648E-002  0.130833E-002  0.418291E-004 -0.834933E-003  0.835980E-003
  59.00  0.357090E-005  0.132937E-002  0.132938E-002  0.304499E-005 -0.815558E-003  0.815564E-003
  59.50  0.302061E-004  0.135096E-002  0.135130E-002 -0.172146E-004 -0.800210E-003  0.800395E-003
  60.00  0.334083E-004  0.134900E-002  0.134942E-002 -0.271120E-004 -0.780027E-003  0.780498E-003
  60.50  0.403243E-004  0.132273E-002  0.132335E-002 -0.361515E-004 -0.754027E-003  0.754893E-003
  61.00  0.683415E-004  0.128780E-002  0.128961E-002 -0.503049E-004 -0.727048E-003  0.728787E-003
  61.50  0.119147E-003  0.126506E-002  0.127066E-002 -0.700622E-004 -0.705682E-003  0.709151E-003
  62.00  0.181063E-003  0.127011E-002  0.128295E-002 -0.913967E-004 -0.694608E-003  0.700596E-003
  62.50  0.236168E-003  0.130768E-002  0.132883E-002 -0.108334E-003 -0.694746E-003  0.703142E-003
  63.00  0.267876E-003  0.137159E-002  0.139751E-002 -0.115587E-003 -0.703361E-003  0.712796E-003
  63.50  0.266046E-003  0.144856E-002  0.147278E-002 -0.110259E-003 -0.715469E-003  0.723915E-003
  64.00  0.228657E-003  0.152312E-002  0.154019E-002 -0.923098E-004 -0.725599E-003  0.731447E-003
  64.50  0.160681E-003  0.158191E-002  0.159005E-002 -0.640606E-004 -0.729235E-003  0.732043E-003
  65.00  0.714536E-004  0.161604E-002  0.161762E-002 -0.292104E-004 -0.723598E-003  0.724187E-003
  65.50 -0.281973E-004  0.162180E-002  0.162205E-002  0.819495E-005 -0.707787E-003  0.707835E-003
  66.00 -0.128242E-003  0.159990E-002  0.160504E-002  0.445531E-004 -0.682464E-003  0.683917E-003
  66.50 -0.220826E-003  0.155417E-002  0.156978E-002  0.771551E-004 -0.649327E-003  0.653894E-003
  67.00 -0.300777E-003  0.149003E-002  0.152009E-002  0.104322E-003 -0.610570E-003  0.619418E-003
  67.50 -0.365472E-003  0.141334E-002  0.145983E-002  0.125318E-003 -0.568443E-003  0.582092E-003
  68.00 -0.414347E-003  0.132948E-002  0.139255E-002  0.140148E-003 -0.524956E-003  0.543342E-003
  68.50 -0.448281E-003  0.124292E-002  0.132129E-002  0.149316E-003 -0.481731E-003  0.504341E-003
  69.00 -0.469015E-003  0.115705E-002  0.124849E-002  0.153608E-003 -0.439958E-003  0.466003E-003
  69.50 -0.478678E-003  0.107422E-002  0.117604E-002  0.153920E-003 -0.400424E-003  0.428988E-003
  70.00 -0.479453E-003  0.995876E-003  0.110528E-002  0.151137E-003 -0.363581E-003  0.393742E-003
  70.50 -0.473371E-003  0.922796E-003  0.103713E-002  0.146060E-003 -0.329624E-003  0.360535E-003
  71.00 -0.462199E-003  0.855237E-003  0.972141E-003  0.139376E-003 -0.298566E-003  0.329496E-003
  71.50 -0.447406E-003  0.793124E-003  0.910614E-003  0.131646E-003 -0.270302E-003  0.300656E-003
  72.00 -0.430167E-003  0.736175E-003  0.852642E-003  0.123311E-003 -0.244656E-003  0.273975E-003
  72.50 -0.411395E-003  0.683998E-003  0.798185E-003  0.114706E-003 -0.221419E-003  0.249367E-003
  73.00 -0.391779E-003  0.636157E-003  0.747119E-003  0.106079E-003 -0.200371E-003  0.226719E-003
  73.50 -0.371829E-003  0.592213E-003  0.699266E-003  0.976076E-004 -0.181297E-003  0.205903E-003
  74.00 -0.351914E-003  0.551750E-003  0.654425E-003  0.894138E-004 -0.163998E-003  0.186789E-003
  74.50 -0.332292E-003  0.514389E-003  0.612384E-003  0.815785E-004 -0.148289E-003  0.169247E-003
  75.00 -0.313143E-003  0.479791E-003  0.572938E-003  0.741516E-004 -0.134007E-003  0.153155E-003
  75.50 -0.294583E-003  0.447659E-003  0.535889E-003  0.671599E-004 -0.121008E-003  0.138395E-003
  76.00 -0.276686E-003  0.417733E-003  0.501055E-003  0.606144E-004 -0.109162E-003  0.124862E-003
  76.50 -0.259494E-003  0.389790E-003  0.468266E-003  0.545142E-004 -0.983594E-004  0.112456E-003
  77.00 -0.243027E-003  0.363636E-003  0.437371E-003  0.488509E-004 -0.885004E-004  0.101088E-003
  77.50 -0.227288E-003  0.339104E-003  0.408230E-003  0.436105E-004 -0.794990E-004  0.906751E-004
  78.00 -0.212269E-003  0.316049E-003  0.380717E-003  0.387759E-004 -0.712787E-004  0.811433E-004
  78.50 -0.197956E-003  0.294344E-003  0.354718E-003  0.343277E-004 -0.637720E-004  0.724242E-004
  79.00 -0.184328E-003  0.273877E-003  0.330130E-003  0.302454E-004 -0.569188E-004  0.644557E-004
  79.50 -0.171361E-003  0.254551E-003  0.306856E-003  0.265081E-004 -0.506654E-004  0.571809E-004
  80.00 -0.159029E-003  0.236276E-003  0.284810E-003  0.230949E-004 -0.449634E-004  0.505479E-004
  80.50 -0.147304E-003  0.218974E-003  0.263909E-003  0.199854E-004 -0.397695E-004  0.445087E-004
  81.00 -0.136157E-003  0.202573E-003  0.244079E-003  0.171596E-004 -0.350441E-004  0.390198E-004
  81.50 -0.125558E-003  0.187006E-003  0.225247E-003  0.145982E-004 -0.307518E-004  0.340409E-004
  82.00 -0.115479E-003  0.172211E-003  0.207345E-003  0.122831E-004 -0.268599E-004  0.295352E-004
  82.50 -0.105888E-003  0.158132E-003  0.190310E-003  0.101967E-004 -0.233388E-004  0.254690E-004
  83.00 -0.967557E-004  0.144714E-003  0.174080E-003  0.832250E-005 -0.201615E-004  0.218117E-004
  83.50 -0.880516E-004  0.131906E-003  0.158594E-003  0.664517E-005 -0.173036E-004  0.185357E-004
  84.00 -0.797453E-004  0.119657E-003  0.143795E-003  0.515028E-005 -0.147425E-004  0.156162E-004
  84.50 -0.718064E-004  0.107920E-003  0.129626E-003  0.382442E-005 -0.124579E-004  0.130317E-004
  85.00 -0.642046E-004  0.966497E-004  0.116032E-003  0.265524E-005 -0.104314E-004  0.107640E-004
  85.50 -0.569092E-004  0.858000E-004  0.102958E-003  0.163144E-005 -0.864647E-005  0.879904E-005
  86.00 -0.498899E-004  0.753270E-004  0.903502E-004  0.742853E-006 -0.708832E-005  0.712714E-005
  86.50 -0.431159E-004  0.651872E-004  0.781560E-004 -0.196536E-007 -0.574378E-005  0.574381E-005
  87.00 -0.365568E-004  0.553381E-004  0.663227E-004 -0.664125E-006 -0.460138E-005  0.464906E-005
  87.50 -0.301821E-004  0.457372E-004  0.547983E-004 -0.119761E-005 -0.365123E-005  0.384262E-005
  88.00 -0.239613E-004  0.363428E-004  0.435309E-004 -0.162600E-005 -0.288508E-005  0.331173E-005
  88.50 -0.178634E-004  0.271131E-004  0.324688E-004 -0.195417E-005 -0.229618E-005  0.301517E-005
  89.00 -0.118578E-004  0.180069E-004  0.215605E-004 -0.218587E-005 -0.187930E-005  0.288267E-005
  89.50 -0.591357E-005  0.898287E-005  0.107546E-004 -0.232379E-005 -0.163069E-005  0.283886E-005
  90.00  0.000000E+000  0.000000E+000  0.000000E+000 -0.236959E-005 -0.154807E-005  0.283046E-005
  90.50  0.591357E-005 -0.898287E-005  0.107546E-004 -0.232379E-005 -0.163069E-005  0.283886E-005
  91.00  0.118578E-004 -0.180069E-004  0.215605E-004 -0.218587E-005 -0.187930E-005  0.288267E-005
  91.50  0.178634E-004 -0.271131E-004  0.324688E-004 -0.195417E-005 -0.229618E-005  0.301517E-005
  92.00  0.239613E-004 -0.363428E-004  0.435309E-004 -0.162600E-005 -0.288508E-005  0.331173E-005
  92.50  0.301821E-004 -0.457372E-004  0.547983E-004 -0.119761E-005 -0.365123E-005  0.384262E-005
  93.00  0.365568E-004 -0.553381E-004  0.663227E-004 -0.664125E-006 -0.460138E-005  0.464906E-005
  93.50  0.431159E-004 -0.651872E-004  0.781560E-004 -0.196536E-007 -0.574378E-005  0.574381E-005
  94.00  0.498899E-004 -0.753270E-004  0.903502E-004  0.742853E-006 -0.708832E-005  0.712714E-005
  94.50  0.569092E-004 -0.858000E-004  0.102958E-003  0.163144E-005 -0.864647E-005  0.879904E-005
  95.00  0.642046E-004 -0.966497E-004  0.116032E-003  0.265524E-005 -0.104314E-004  0.107640E-004
  95.50  0.718064E-004 -0.107920E-003  0.129626E-003  0.382442E-005 -0.124579E-004  0.130317E-004
  96.00  0.797453E-004 -0.119657E-003  0.143795E-003  0.515028E-005 -0.147425E-004  0.156162E-004
  96.50  0.880516E-004 -0.131906E-003  0.158594E-003  0.664517E-005 -0.173036E-004  0.185357E-004
  97.00  0.967557E-004 -0.144714E-003  0.174080E-003  0.832250E-005 -0.201615E-004  0.218117E-004
  97.50  0.105888E-003 -0.158132E-003  0.190310E-003  0.101967E-004 -0.233388E-004  0.254690E-004
  98.00  0.115479E-003 -0.172211E-003  0.207345E-003  0.122831E-004 -0.268599E-004  0.295352E-004
  98.50  0.125558E-003 -0.187006E-003  0.225247E-003  0.145982E-004 -0.307518E-004  0.340409E-004
  99.00  0.136157E-003 -0.202573E-003  0.244079E-003  0.171596E-004 -0.350441E-004  0.390198E-004
  99.50  0.147304E-003 -0.218974E-003  0.263909E-003  0.199854E-004 -0.397695E-004  0.445087E-004
 100.00  0.159029E-003 -0.236276E-003  0.284810E-003  0.230949E-004 -0.449634E-004  0.505479E-004
 100.50  0.171361E-003 -0.254551E-003  0.306856E-003  0.265081E-004 -0.506654E-004  0.571809E-004
 101.00  0.184328E-003 -0.273877E-003  0.330130E-003  0.302454E-004 -0.569188E-004  0.644557E-004
 101.50  0.197956E-003 -0.294344E-003  0.354718E-003  0.343277E-004 -0.637720E-004  0.724242E-004
 102.00  0.212269E-003 -0.316049E-003  0.380717E-003  0.387759E-004 -0.712787E-004  0.811433E-004
 102.50  0.227288E-003 -0.339104E-003  0.408230E-003  0.436105E-004 -0.794990E-004  0.906751E-004
 103.00  0.243027E-003 -0.363636E-003  0.437371E-003  0.488509E-004 -0.885004E-004  0.101088E-003
 103.50  0.259494E-003 -0.389790E-003  0.468266E-003  0.545142E-004 -0.983594E-004  0.112456E-003
 104.00  0.276686E-003 -0.417733E-003  0.501055E-003  0.606144E-004 -0.109162E-003  0.124862E-003
 104.50  0.294583E-003 -0.447659E-003  0.535889E-003  0.671599E-004 -0.121008E-003  0.138395E-003
 105.00  0.313143E-003 -0.479791E-003  0.572938E-003  0.741516E-004 -0.134007E-003  0.153155E-003
 105.50  0.332292E-003 -0.514389E-003  0.612384E-003  0.815785E-004 -0.148289E-003  0.169247E-003
 106.00  0.351914E-003 -0.551750E-003  0.654425E-003  0.894138E-004 -0.163998E-003  0.186789E-003
 106.50  0.371829E-003 -0.592213E-003  0.699266E-003  0.976076E-004 -0.181297E-003  0.205903E-003
 107.00  0.391779E-003 -0.636157E-003  0.747119E-003  0.106079E-003 -0.200371E-003  0.226719E-003
 107.50  0.411395E-003 -0.683998E-003  0.798185E-003  0.114706E-003 -0.221419E-003  0.249367E-003
 108.00  0.430167E-003 -0.736175E-003  0.852642E-003  0.123311E-003 -0.244656E-003  0.273975E-003
 108.50  0.447406E-003 -0.793124E-003  0.910614E-003  0.131646E-003 -0.270302E-003  0.300656E-003
 109.00  0.462199E-003 -0.855237E-003  0.972141E-003  0.139376E-003 -0.298566E-003  0.329496E-003
 109.50  0.473371E-003 -0.922796E-003  0.103713E-002  0.146060E-003 -0.329624E-003  0.360535E-003
 110.00  0.479453E-003 -0.995876E-003  0.110528E-002  0.151137E-003 -0.363581E-003  0.393742E-003
 110.50  0.478678E-003 -0.107422E-002  0.117604E-002  0.153920E-003 -0.400424E-003  0.428988E-003
 111.00  0.469015E-003 -0.115705E-002  0.124849E-002  0.153608E-003 -0.439958E-003  0.466003E-003
 111.50  0.448281E-003 -0.124292E-002  0.132129E-002  0.149316E-003 -0.481731E-003  0.504341E-003
 112.00  0.414347E-003 -0.132948E-002  0.139255E-002  0.140148E-003 -0.524956E-003  0.543342E-003
 112.50  0.365472E-003 -0.141334E-002  0.145983E-002  0.125318E-003 -0.568443E-003  0.582092E-003
 113.00  0.300777E-003 -0.149003E-002  0.152009E-002  0.104322E-003 -0.610570E-003  0.619418E-003
 113.50  0.220826E-003 -0.155417E-002  0.156978E-002  0.771551E-004 -0.649327E-003  0.653894E-003
 114.00  0.128242E-003 -0.159990E-002  0.160504E-002  0.445531E-004 -0.682464E-003  0.683917E-003
 114.50  0.281973E-004 -0.162180E-002  0.162205E-002  0.819495E-005 -0.707787E-003  0.707835E-003
 115.00 -0.714536E-004 -0.161604E-002  0.161762E-002 -0.292104E-004 -0.723598E-003  0.724187E-003
 115.50 -0.160681E-003 -0.158191E-002  0.159005E-002 -0.640606E-004 -0.729235E-003  0.732043E-003
 116.00 -0.228657E-003 -0.152312E-002  0.154019E-002 -0.923098E-004 -0.725599E-003  0.731447E-003
 116.50 -0.266046E-003 -0.144856E-002  0.147278E-002 -0.110259E-003 -0.715469E-003  0.723915E-003
 117.00 -0.267876E-003 -0.137159E-002  0.139751E-002 -0.115587E-003 -0.703361E-003  0.712796E-003
 117.50 -0.236168E-003 -0.130768E-002  0.132883E-002 -0.108334E-003 -0.694746E-003  0.703142E-003
 118.00 -0.181063E-003 -0.127011E-002  0.128295E-002 -0.913967E-004 -0.694608E-003  0.700596E-003
 118.50 -0.119147E-003 -0.126506E-002  0.127066E-002 -0.700622E-004 -0.705682E-003  0.709151E-003
 119.00 -0.683415E-004 -0.128780E-002  0.128961E-002 -0.503049E-004 -0.727048E-003  0.728787E-003
 119.50 -0.403243E-004 -0.132273E-002  0.132335E-002 -0.361515E-004 -0.754027E-003  0.754893E-003
 120.00 -0.334083E-004 -0.134900E-002  0.134942E-002 -0.271120E-004 -0.780027E-003  0.780498E-003
 120.50 -0.302061E-004 -0.135096E-002  0.135130E-002 -0.172146E-004 -0.800210E-003  0.800395E-003
 121.00 -0.357090E-005 -0.132937E-002  0.132938E-002  0.304499E-005 -0.815558E-003  0.815564E-003
 121.50  0.695282E-004 -0.130648E-002  0.130833E-002  0.418291E-004 -0.834933E-003  0.835980E-003
 122.00  0.192334E-003 -0.131940E-002  0.133335E-002  0.100198E-003 -0.873041E-003  0.878772E-003
 122.50  0.340988E-003 -0.140225E-002  0.144312E-002  0.169026E-003 -0.944268E-003  0.959276E-003
 123.00  0.473376E-003 -0.156663E-002  0.163659E-002  0.231489E-003 -0.105556E-002  0.108064E-002
 123.50  0.551521E-003 -0.179495E-002  0.187777E-002  0.270499E-003 -0.120337E-002  0.123339E-002
 124.00  0.562139E-003 -0.205496E-002  0.213046E-002  0.275932E-003 -0.137789E-002  0.140525E-002
 124.50  0.516344E-003 -0.232698E-002  0.238358E-002  0.245017E-003 -0.157181E-002  0.159079E-002
 125.00  0.423898E-003 -0.261941E-002  0.265349E-002  0.174047E-003 -0.178529E-002  0.179375E-002
 125.50  0.263007E-003 -0.295198E-002  0.296368E-002  0.485125E-004 -0.201990E-002  0.202048E-002
 126.00 -0.204107E-004 -0.331490E-002  0.331496E-002 -0.156409E-003 -0.226416E-002  0.226955E-002
 126.50 -0.471451E-003 -0.364306E-002  0.367344E-002 -0.460257E-003 -0.248430E-002  0.252657E-002
 127.00 -0.107548E-002 -0.384108E-002  0.398880E-002 -0.857738E-003 -0.263353E-002  0.276969E-002
 127.50 -0.175204E-002 -0.384596E-002  0.422623E-002 -0.131476E-002 -0.267592E-002  0.298147E-002
 128.00 -0.240805E-002 -0.366613E-002  0.438626E-002 -0.178665E-002 -0.260364E-002  0.315770E-002
 128.50 -0.299582E-002 -0.335354E-002  0.449680E-002 -0.224077E-002 -0.243094E-002  0.330613E-002
 129.00 -0.350974E-002 -0.294572E-002  0.458209E-002 -0.266025E-002 -0.217557E-002  0.343657E-002
 129.50 -0.393649E-002 -0.245842E-002  0.464110E-002 -0.303202E-002 -0.185427E-002  0.355408E-002
 130.00 -0.424827E-002 -0.193660E-002  0.466886E-002 -0.334793E-002 -0.149537E-002  0.366671E-002
 130.50 -0.447134E-002 -0.146640E-002  0.470566E-002 -0.362852E-002 -0.113595E-002  0.380218E-002
 131.00 -0.472562E-002 -0.108499E-002  0.484857E-002 -0.393232E-002 -0.783691E-003  0.400966E-002
 131.50 -0.513214E-002 -0.691650E-003  0.517854E-002 -0.431427E-002 -0.382444E-003  0.433119E-002
 132.00 -0.567508E-002 -0.108608E-003  0.567612E-002 -0.476603E-002  0.162933E-003  0.476881E-002
 132.50 -0.620561E-002  0.760368E-003  0.625202E-002 -0.520987E-002  0.918728E-003  0.529025E-002
 133.00 -0.658109E-002  0.188140E-002  0.684473E-002 -0.555117E-002  0.188947E-002  0.586393E-002
 133.50 -0.673261E-002  0.318574E-002  0.744829E-002 -0.571720E-002  0.304280E-002  0.647649E-002
 134.00 -0.660747E-002  0.461640E-002  0.806039E-002 -0.565275E-002  0.433209E-002  0.712184E-002
 134.50 -0.616681E-002  0.608036E-002  0.866028E-002 -0.532272E-002  0.569529E-002  0.779536E-002
 135.00 -0.545276E-002  0.749328E-002  0.926725E-002 -0.472359E-002  0.708012E-002  0.851120E-002
 135.50 -0.450303E-002  0.888722E-002  0.996293E-002 -0.383810E-002  0.847353E-002  0.930225E-002
 136.00 -0.318341E-002  0.102951E-001  0.107760E-001 -0.257638E-002  0.983764E-002  0.101694E-001
 136.50 -0.130844E-002  0.115060E-001  0.115802E-001 -0.844842E-003  0.110049E-001  0.110373E-001
 137.00  0.104339E-002  0.121469E-001  0.121916E-001  0.130155E-002  0.117180E-001  0.117901E-001
 137.50  0.353191E-002  0.120166E-001  0.125249E-001  0.363780E-002  0.117954E-001  0.123436E-001
 138.00  0.582684E-002  0.111555E-001  0.125856E-001  0.588933E-002  0.112087E-001  0.126617E-001
 138.50  0.768429E-002  0.969698E-002  0.123725E-001  0.781338E-002  0.100439E-001  0.127251E-001
 139.00  0.891512E-002  0.785721E-002  0.118834E-001  0.922273E-002  0.847237E-002  0.125236E-001
 139.50  0.945623E-002  0.590323E-002  0.111476E-001  0.100128E-001  0.671957E-002  0.120585E-001
 140.00  0.930192E-002  0.406313E-002  0.101506E-001  0.101488E-001  0.503987E-002  0.113313E-001
 140.50  0.847605E-002  0.268051E-002  0.888980E-002  0.970586E-002  0.375636E-002  0.104074E-001
 141.00  0.736690E-002  0.216778E-002  0.767923E-002  0.902184E-002  0.315955E-002  0.955910E-002
 141.50  0.668392E-002  0.244730E-002  0.711787E-002  0.861814E-002  0.319710E-002  0.919205E-002
 142.00  0.675704E-002  0.288850E-002  0.734854E-002  0.879213E-002  0.343257E-002  0.943844E-002
 142.50  0.733736E-002  0.296262E-002  0.791290E-002  0.942732E-002  0.340905E-002  0.100248E-001
 143.00  0.801791E-002  0.249539E-002  0.839725E-002  0.101805E-001  0.290926E-002  0.105880E-001
 143.50  0.839651E-002  0.155659E-002  0.853958E-002  0.106745E-001  0.198108E-002  0.108568E-001
 144.00  0.819568E-002  0.483551E-003  0.820993E-002  0.106507E-001  0.916246E-003  0.106901E-001
 144.50  0.744259E-002 -0.275578E-003  0.744769E-002  0.101191E-001  0.133186E-003  0.101200E-001
 145.00  0.648881E-002 -0.341364E-003  0.649778E-002  0.942918E-002 -0.348190E-004  0.942924E-002
 145.50  0.603725E-002  0.257451E-003  0.604274E-002  0.916374E-002  0.329207E-003  0.916965E-002
 146.00  0.646079E-002  0.704261E-003  0.649906E-002  0.958118E-002  0.585748E-003  0.959907E-002
 146.50  0.706395E-002  0.314848E-003  0.707096E-002  0.101824E-001  0.200017E-003  0.101844E-001
 147.00  0.704613E-002 -0.510909E-003  0.706463E-002  0.103097E-001 -0.599865E-003  0.103272E-001
 147.50  0.643331E-002 -0.106332E-002  0.652059E-002  0.987839E-002 -0.120578E-002  0.995171E-002
 148.00  0.568976E-002 -0.101454E-002  0.577950E-002  0.930522E-002 -0.125845E-002  0.938994E-002
 148.50  0.538964E-002 -0.505291E-003  0.541328E-002  0.912425E-002 -0.898280E-003  0.916836E-002
 149.00  0.572590E-002 -0.189840E-003  0.572905E-002  0.949436E-002 -0.702712E-003  0.952033E-002
 149.50  0.613620E-002 -0.565696E-003  0.616222E-002  0.991866E-002 -0.110347E-002  0.997985E-002
 150.00  0.585638E-002 -0.128097E-002  0.599484E-002  0.974458E-002 -0.176814E-002  0.990370E-002
 150.50  0.499793E-002 -0.134638E-002  0.517610E-002  0.910915E-002 -0.188523E-002  0.930219E-002
 151.00  0.470482E-002 -0.683286E-003  0.475418E-002  0.891044E-002 -0.141096E-002  0.902146E-002
 151.50  0.516342E-002 -0.467851E-003  0.518458E-002  0.933463E-002 -0.124381E-002  0.941713E-002
 152.00  0.532102E-002 -0.943951E-003  0.540410E-002  0.957214E-002 -0.167789E-002  0.971809E-002
 152.50  0.485447E-002 -0.130802E-002  0.502761E-002  0.923058E-002 -0.206012E-002  0.945768E-002
 153.00  0.428392E-002 -0.108369E-002  0.441887E-002  0.878287E-002 -0.188582E-002  0.898305E-002
 153.50  0.429653E-002 -0.571904E-003  0.433442E-002  0.886103E-002 -0.146998E-002  0.898213E-002
 154.00  0.470516E-002 -0.657490E-003  0.475087E-002  0.925983E-002 -0.156626E-002  0.939136E-002
 154.50  0.449365E-002 -0.119296E-002  0.464930E-002  0.912889E-002 -0.203053E-002  0.935199E-002
 155.00  0.379509E-002 -0.108081E-002  0.394600E-002  0.859041E-002 -0.193968E-002  0.880667E-002
 155.50  0.378905E-002 -0.468966E-003  0.381797E-002  0.862681E-002 -0.143462E-002  0.874528E-002
 156.00  0.422825E-002 -0.616367E-003  0.427294E-002  0.902610E-002 -0.153483E-002  0.915567E-002
 156.50  0.386174E-002 -0.107629E-002  0.400892E-002  0.878739E-002 -0.191137E-002  0.899286E-002
 157.00  0.333816E-002 -0.764574E-003  0.342460E-002  0.835675E-002 -0.165820E-002  0.851968E-002
 157.50  0.347879E-002 -0.390856E-003  0.350068E-002  0.850277E-002 -0.128120E-002  0.859875E-002
 158.00  0.367567E-002 -0.595673E-003  0.372363E-002  0.872361E-002 -0.144380E-002  0.884228E-002
 158.50  0.327366E-002 -0.871373E-003  0.338764E-002  0.838420E-002 -0.164244E-002  0.854356E-002
 159.00  0.287423E-002 -0.451044E-003  0.290941E-002  0.807988E-002 -0.123668E-002  0.817398E-002
 159.50  0.322816E-002 -0.230349E-003  0.323637E-002  0.838853E-002 -0.101180E-002  0.844933E-002
 160.00  0.313198E-002 -0.695424E-003  0.320825E-002  0.832034E-002 -0.134422E-002  0.842822E-002
 160.50  0.253727E-002 -0.497936E-003  0.258567E-002  0.782711E-002 -0.112760E-002  0.790791E-002
 161.00  0.273673E-002 -0.676716E-004  0.273757E-002  0.798529E-002 -0.702463E-003  0.801612E-002
 161.50  0.285030E-002 -0.453164E-003  0.288610E-002  0.808164E-002 -0.947799E-003  0.813703E-002
 162.00  0.228339E-002 -0.433746E-003  0.232422E-002  0.759718E-002 -0.880698E-003  0.764805E-002
 162.50  0.232831E-002 -0.132290E-004  0.232835E-002  0.759219E-002 -0.435685E-003  0.760468E-002
 163.00  0.247630E-002 -0.230351E-003  0.248699E-002  0.772048E-002 -0.539079E-003  0.773927E-002
 163.50  0.206015E-002 -0.343248E-003  0.208855E-002  0.730918E-002 -0.567277E-003  0.733116E-002
 164.00  0.191955E-002  0.515903E-004  0.192024E-002  0.716282E-002 -0.126964E-003  0.716394E-002
 164.50  0.218524E-002 -0.718532E-004  0.218643E-002  0.733006E-002 -0.163771E-003  0.733189E-002
 165.00  0.170704E-002 -0.283125E-003  0.173036E-002  0.686918E-002 -0.235103E-003  0.687320E-002
 165.50  0.163970E-002  0.204291E-003  0.165238E-002  0.674291E-002  0.251675E-003  0.674761E-002
 166.00  0.186179E-002 -0.856190E-004  0.186375E-002  0.685023E-002  0.114702E-003  0.685119E-002
 166.50  0.132885E-002 -0.109981E-003  0.133339E-002  0.631985E-002  0.172492E-003  0.632220E-002
 167.00  0.145160E-002  0.252651E-003  0.147342E-002  0.631401E-002  0.577918E-003  0.634040E-002
 167.50  0.146462E-002 -0.994112E-004  0.146799E-002  0.623006E-002  0.372447E-003  0.624118E-002
 168.00  0.103456E-002  0.655862E-004  0.103663E-002  0.574016E-002  0.589425E-003  0.577034E-002
 168.50  0.125276E-002  0.216692E-003  0.127136E-002  0.579684E-002  0.818772E-003  0.585438E-002
 169.00  0.106553E-002 -0.782466E-004  0.106840E-002  0.550721E-002  0.633492E-003  0.554352E-002
 169.50  0.812948E-003  0.186557E-003  0.834079E-003  0.513067E-002  0.949908E-003  0.521787E-002
 170.00  0.103730E-002  0.142698E-003  0.104707E-002  0.517698E-002  0.971695E-003  0.526738E-002
 170.50  0.678068E-003 -0.583477E-004  0.680574E-003  0.468676E-002  0.877225E-003  0.476815E-002
 171.00  0.692677E-003  0.305233E-003  0.756947E-003  0.453435E-002  0.123192E-002  0.469872E-002
 171.50  0.758349E-003 -0.758230E-004  0.762130E-003  0.438619E-002  0.970661E-003  0.449231E-002
 172.00  0.360854E-003  0.167267E-003  0.397736E-003  0.386494E-002  0.120263E-002  0.404773E-002
 172.50  0.688987E-003  0.112736E-003  0.698149E-003  0.392060E-002  0.120133E-002  0.410052E-002
 173.00  0.286925E-003 -0.475473E-004  0.290838E-003  0.338006E-002  0.106963E-002  0.354527E-002
 173.50  0.419903E-003  0.219363E-003  0.473749E-003  0.325385E-002  0.131571E-002  0.350979E-002
 174.00  0.356982E-003 -0.101082E-003  0.371017E-003  0.298629E-002  0.102850E-002  0.315844E-002
 174.50  0.156429E-003  0.132124E-003  0.204760E-003  0.256726E-002  0.121343E-002  0.283959E-002
