 % the field is uss
 %psi, re(u), im(u), abs(u), re(w), im(w), abs(w)
   5.00 -0.228014E-003 -0.944544E-004  0.246804E-003  0.260621E-002  0.107962E-002  0.282098E-002
   5.50 -0.277185E-003 -0.106776E-003  0.297040E-003  0.287868E-002  0.110891E-002  0.308487E-002
   6.00 -0.330989E-003 -0.118197E-003  0.351460E-003  0.314915E-002  0.112457E-002  0.334392E-002
   6.50 -0.389288E-003 -0.128412E-003  0.409921E-003  0.341674E-002  0.112706E-002  0.359783E-002
   7.00 -0.451919E-003 -0.137141E-003  0.472270E-003  0.368059E-002  0.111693E-002  0.384633E-002
   7.50 -0.518700E-003 -0.144130E-003  0.538352E-003  0.393992E-002  0.109477E-002  0.408919E-002
   8.00 -0.589433E-003 -0.149150E-003  0.608011E-003  0.419403E-002  0.106126E-002  0.432622E-002
   8.50 -0.663906E-003 -0.152005E-003  0.681085E-003  0.444230E-002  0.101709E-002  0.455724E-002
   9.00 -0.741898E-003 -0.152526E-003  0.757414E-003  0.468416E-002  0.963010E-003  0.478212E-002
   9.50 -0.823181E-003 -0.150572E-003  0.836838E-003  0.491913E-002  0.899782E-003  0.500075E-002
  10.00 -0.907525E-003 -0.146034E-003  0.919199E-003  0.514683E-002  0.828198E-003  0.521304E-002
  10.50 -0.994698E-003 -0.138829E-003  0.100434E-002  0.536691E-002  0.749056E-003  0.541893E-002
  11.00 -0.108447E-002 -0.128905E-003  0.109211E-002  0.557912E-002  0.663161E-003  0.561840E-002
  11.50 -0.117662E-002 -0.116235E-003  0.118235E-002  0.578328E-002  0.571316E-003  0.581143E-002
  12.00 -0.127093E-002 -0.100819E-003  0.127492E-002  0.597925E-002  0.474315E-003  0.599803E-002
  12.50 -0.136719E-002 -0.826791E-004  0.136968E-002  0.616697E-002  0.372941E-003  0.617824E-002
  13.00 -0.146519E-002 -0.618637E-004  0.146650E-002  0.634645E-002  0.267961E-003  0.635210E-002
  13.50 -0.156476E-002 -0.384414E-004  0.156524E-002  0.651771E-002  0.160120E-003  0.651968E-002
  14.00 -0.166573E-002 -0.125018E-004  0.166577E-002  0.668086E-002  0.501422E-004  0.668105E-002
  14.50 -0.176792E-002  0.158465E-004  0.176799E-002  0.683603E-002 -0.612737E-004  0.683630E-002
  15.00 -0.187119E-002  0.464771E-004  0.187177E-002  0.698339E-002 -0.173455E-003  0.698554E-002
  15.50 -0.197542E-002  0.792471E-004  0.197701E-002  0.712314E-002 -0.285756E-003  0.712887E-002
  16.00 -0.208049E-002  0.113998E-003  0.208361E-002  0.725553E-002 -0.397558E-003  0.726641E-002
  16.50 -0.218629E-002  0.150557E-003  0.219147E-002  0.738080E-002 -0.508271E-003  0.739828E-002
  17.00 -0.229275E-002  0.188737E-003  0.230051E-002  0.749925E-002 -0.617331E-003  0.752462E-002
  17.50 -0.239980E-002  0.228339E-003  0.241063E-002  0.761118E-002 -0.724199E-003  0.764555E-002
  18.00 -0.250737E-002  0.269151E-003  0.252177E-002  0.771689E-002 -0.828362E-003  0.776122E-002
  18.50 -0.261544E-002  0.310950E-003  0.263385E-002  0.781671E-002 -0.929331E-003  0.787176E-002
  19.00 -0.272397E-002  0.353500E-003  0.274681E-002  0.791098E-002 -0.102664E-002  0.797732E-002
  19.50 -0.283296E-002  0.396555E-003  0.286058E-002  0.800003E-002 -0.111984E-002  0.807803E-002
  20.00 -0.294241E-002  0.439856E-003  0.297511E-002  0.808421E-002 -0.120849E-002  0.817404E-002
  20.50 -0.305234E-002  0.483133E-003  0.309034E-002  0.816385E-002 -0.129220E-002  0.826549E-002
  21.00 -0.316277E-002  0.526104E-003  0.320623E-002  0.823931E-002 -0.137055E-002  0.835252E-002
  21.50 -0.327375E-002  0.568473E-003  0.332274E-002  0.831090E-002 -0.144315E-002  0.843527E-002
  22.00 -0.338532E-002  0.609932E-003  0.343983E-002  0.837897E-002 -0.150963E-002  0.851388E-002
  22.50 -0.349755E-002  0.650156E-003  0.355746E-002  0.844383E-002 -0.156961E-002  0.858848E-002
  23.00 -0.361050E-002  0.688805E-003  0.367562E-002  0.850580E-002 -0.162272E-002  0.865921E-002
  23.50 -0.372425E-002  0.725522E-003  0.379426E-002  0.856519E-002 -0.166859E-002  0.872620E-002
  24.00 -0.383888E-002  0.759931E-003  0.391338E-002  0.862227E-002 -0.170683E-002  0.878959E-002
  24.50 -0.395448E-002  0.791635E-003  0.403294E-002  0.867732E-002 -0.173708E-002  0.884949E-002
  25.00 -0.407115E-002  0.820211E-003  0.415295E-002  0.873060E-002 -0.175895E-002  0.890603E-002
  25.50 -0.418896E-002  0.845214E-003  0.427338E-002  0.878234E-002 -0.177203E-002  0.895933E-002
  26.00 -0.430802E-002  0.866169E-003  0.439423E-002  0.883275E-002 -0.177591E-002  0.900951E-002
  26.50 -0.442841E-002  0.882568E-003  0.451550E-002  0.888202E-002 -0.177016E-002  0.905670E-002
  27.00 -0.455022E-002  0.893871E-003  0.463719E-002  0.893031E-002 -0.175432E-002  0.910099E-002
  27.50 -0.467351E-002  0.899497E-003  0.475929E-002  0.897774E-002 -0.172792E-002  0.914251E-002
  28.00 -0.479836E-002  0.898822E-003  0.488181E-002  0.902439E-002 -0.169044E-002  0.918135E-002
  28.50 -0.492479E-002  0.891177E-003  0.500477E-002  0.907033E-002 -0.164134E-002  0.921764E-002
  29.00 -0.505282E-002  0.875837E-003  0.512817E-002  0.911553E-002 -0.158005E-002  0.925146E-002
  29.50 -0.518245E-002  0.852024E-003  0.525203E-002  0.915996E-002 -0.150595E-002  0.928292E-002
  30.00 -0.531363E-002  0.818892E-003  0.537636E-002  0.920347E-002 -0.141836E-002  0.931213E-002
  30.50 -0.544625E-002  0.775529E-003  0.550119E-002  0.924590E-002 -0.131659E-002  0.933916E-002
  31.00 -0.558016E-002  0.720947E-003  0.562654E-002  0.928694E-002 -0.119986E-002  0.936413E-002
  31.50 -0.571513E-002  0.654076E-003  0.575244E-002  0.932625E-002 -0.106735E-002  0.938713E-002
  32.00 -0.585085E-002  0.573755E-003  0.587892E-002  0.936332E-002 -0.918200E-003  0.940823E-002
  32.50 -0.598690E-002  0.478731E-003  0.600601E-002  0.939755E-002 -0.751457E-003  0.942754E-002
  33.00 -0.612272E-002  0.367648E-003  0.613375E-002  0.942816E-002 -0.566128E-003  0.944515E-002
  33.50 -0.625762E-002  0.239045E-003  0.626218E-002  0.945423E-002 -0.361158E-003  0.946113E-002
  34.00 -0.639070E-002  0.913503E-004  0.639135E-002  0.947460E-002 -0.135432E-003  0.947557E-002
  34.50 -0.652085E-002 -0.771184E-004  0.652130E-002  0.948789E-002  0.112208E-003  0.948856E-002
  35.00 -0.664669E-002 -0.268153E-003  0.665209E-002  0.949245E-002  0.382962E-003  0.950017E-002
  35.50 -0.676651E-002 -0.483647E-003  0.678378E-002  0.948630E-002  0.678048E-003  0.951050E-002
  36.00 -0.687825E-002 -0.725581E-003  0.691641E-002  0.946710E-002  0.998677E-003  0.951963E-002
  36.50 -0.697936E-002 -0.996003E-003  0.705007E-002  0.943206E-002  0.134602E-002  0.952762E-002
  37.00 -0.706677E-002 -0.129699E-002  0.718481E-002  0.937793E-002  0.172116E-002  0.953456E-002
  37.50 -0.713681E-002 -0.163058E-002  0.732071E-002  0.930087E-002  0.212501E-002  0.954054E-002
  38.00 -0.718503E-002 -0.199872E-002  0.745786E-002  0.919643E-002  0.255824E-002  0.954562E-002
  38.50 -0.720618E-002 -0.240314E-002  0.759632E-002  0.905941E-002  0.302116E-002  0.954989E-002
  39.00 -0.719400E-002 -0.284520E-002  0.773621E-002  0.888386E-002  0.351353E-002  0.955342E-002
  39.50 -0.714116E-002 -0.332570E-002  0.787759E-002  0.866292E-002  0.403440E-002  0.955629E-002
  40.00 -0.703909E-002 -0.384461E-002  0.802059E-002  0.838887E-002  0.458183E-002  0.955857E-002
  40.50 -0.687792E-002 -0.440071E-002  0.816530E-002  0.805301E-002  0.515257E-002  0.956034E-002
  41.00 -0.664641E-002 -0.499117E-002  0.831183E-002  0.764582E-002  0.574169E-002  0.956167E-002
  41.50 -0.633194E-002 -0.561098E-002  0.846030E-002  0.715696E-002  0.634206E-002  0.956263E-002
  42.00 -0.592073E-002 -0.625229E-002  0.861082E-002  0.657564E-002  0.694387E-002  0.956328E-002
  42.50 -0.539809E-002 -0.690361E-002  0.876352E-002  0.589098E-002  0.753397E-002  0.956370E-002
  43.00 -0.474905E-002 -0.754895E-002  0.891852E-002  0.509273E-002  0.809526E-002  0.956395E-002
  43.50 -0.395924E-002 -0.816685E-002  0.907596E-002  0.417217E-002  0.860607E-002  0.956407E-002
  44.00 -0.301633E-002 -0.872953E-002  0.923596E-002  0.312350E-002  0.903969E-002  0.956412E-002
  44.50 -0.191180E-002 -0.920215E-002  0.939864E-002  0.194546E-002  0.936417E-002  0.956413E-002
  45.00 -0.643428E-003 -0.954246E-002  0.956413E-002  0.643428E-003  0.954246E-002  0.956413E-002
  45.50  0.781853E-003 -0.970107E-002  0.973253E-002 -0.768325E-003  0.953322E-002  0.956413E-002
  46.00  0.234468E-002 -0.962239E-002  0.990393E-002 -0.226423E-002  0.929223E-002  0.956411E-002
  46.50  0.400986E-002 -0.924636E-002  0.100784E-001 -0.380522E-002  0.877447E-002  0.956405E-002
  47.00  0.572310E-002 -0.851065E-002  0.102560E-001 -0.533688E-002  0.793631E-002  0.956385E-002
  47.50  0.740757E-002 -0.735196E-002  0.104366E-001 -0.678779E-002  0.673683E-002  0.956341E-002
  48.00  0.895892E-002 -0.570336E-002  0.106203E-001 -0.806665E-002  0.513532E-002  0.956255E-002
  48.50  0.102320E-001 -0.347734E-002  0.108068E-001 -0.905252E-002  0.307649E-002  0.956101E-002
  49.00  0.109851E-001 -0.483219E-003  0.109957E-001 -0.954921E-002  0.420056E-003  0.955845E-002
  49.50  0.100245E-001  0.496505E-002  0.111867E-001 -0.856176E-002 -0.424056E-002  0.955438E-002
  50.00  0.593978E-002  0.402154E-002  0.717313E-002 -0.498407E-002 -0.337447E-002  0.601897E-002
  50.50  0.475375E-002  0.379570E-002  0.608321E-002 -0.391869E-002 -0.312893E-002  0.501461E-002
  51.00  0.396084E-002  0.371110E-002  0.542776E-002 -0.320743E-002 -0.300519E-002  0.439531E-002
  51.50  0.335088E-002  0.368008E-002  0.497709E-002 -0.266541E-002 -0.292727E-002  0.395895E-002
  52.00  0.284481E-002  0.367298E-002  0.464583E-002 -0.222261E-002 -0.286964E-002  0.362972E-002
  52.50  0.240296E-002  0.367553E-002  0.439132E-002 -0.184385E-002 -0.282033E-002  0.336958E-002
  53.00  0.200209E-002  0.367895E-002  0.418844E-002 -0.150868E-002 -0.277229E-002  0.315621E-002
  53.50  0.162735E-002  0.367651E-002  0.402057E-002 -0.120417E-002 -0.272048E-002  0.297507E-002
  54.00  0.126884E-002  0.366208E-002  0.387566E-002 -0.921864E-003 -0.266066E-002  0.281583E-002
  54.50  0.920107E-003  0.362933E-002  0.374415E-002 -0.656306E-003 -0.258878E-002  0.267067E-002
  55.00  0.577626E-003  0.357140E-002  0.361781E-002 -0.404458E-003 -0.250072E-002  0.253322E-002
  55.50  0.240792E-003  0.348079E-002  0.348911E-002 -0.165492E-003 -0.239228E-002  0.239800E-002
  56.00 -0.877020E-004  0.334961E-002  0.335075E-002  0.591557E-004 -0.225934E-002  0.226011E-002
  56.50 -0.401346E-003  0.317022E-002  0.319552E-002  0.265645E-003 -0.209832E-002  0.211507E-002
  57.00 -0.689380E-003  0.293644E-002  0.301627E-002  0.447689E-003 -0.190694E-002  0.195879E-002
  57.50 -0.936794E-003  0.264515E-002  0.280614E-002  0.596803E-003 -0.168515E-002  0.178771E-002
  58.00 -0.112507E-002  0.229809E-002  0.255871E-002  0.703024E-003 -0.143600E-002  0.159886E-002
  58.50 -0.123372E-002  0.190300E-002  0.226792E-002  0.756023E-003 -0.116616E-002  0.138978E-002
  59.00 -0.124157E-002  0.147318E-002  0.192660E-002  0.746012E-003 -0.885177E-003  0.115762E-002
  59.50 -0.112451E-002  0.102378E-002  0.152074E-002  0.662387E-003 -0.603050E-003  0.895783E-003
  60.00 -0.832757E-003  0.559334E-003  0.100316E-002  0.480793E-003 -0.322932E-003  0.579177E-003
  60.50  0.130297E-003  0.361432E-003  0.384201E-003 -0.737183E-004 -0.204488E-003  0.217370E-003
  61.00  0.264625E-003  0.839433E-003  0.880156E-003 -0.146684E-003 -0.465305E-003  0.487878E-003
  61.50  0.291723E-003  0.103582E-002  0.107611E-002 -0.158393E-003 -0.562402E-003  0.584281E-003
  62.00  0.290953E-003  0.115562E-002  0.119168E-002 -0.154702E-003 -0.614453E-003  0.633629E-003
  62.50  0.276997E-003  0.123690E-002  0.126754E-002 -0.144195E-003 -0.643889E-003  0.659838E-003
  63.00  0.255492E-003  0.129474E-002  0.131971E-002 -0.130180E-003 -0.659704E-003  0.672425E-003
  63.50  0.229135E-003  0.133679E-002  0.135629E-002 -0.114242E-003 -0.666501E-003  0.676221E-003
  64.00  0.199338E-003  0.136750E-002  0.138195E-002 -0.972234E-004 -0.666972E-003  0.674021E-003
  64.50  0.166858E-003  0.138965E-002  0.139963E-002 -0.795871E-004 -0.662827E-003  0.667588E-003
  65.00  0.132067E-003  0.140512E-002  0.141131E-002 -0.615840E-004 -0.655216E-003  0.658104E-003
  65.50  0.950841E-004  0.141520E-002  0.141839E-002 -0.433323E-004 -0.644945E-003  0.646399E-003
  66.00  0.558355E-004  0.142082E-002  0.142192E-002 -0.248596E-004 -0.632591E-003  0.633079E-003
  66.50  0.140806E-004  0.142261E-002  0.142268E-002 -0.612244E-005 -0.618568E-003  0.618599E-003
  67.00 -0.305956E-004  0.142098E-002  0.142131E-002  0.129870E-004 -0.603172E-003  0.603312E-003
  67.50 -0.788177E-004  0.141616E-002  0.141835E-002  0.326473E-004 -0.586593E-003  0.587500E-003
  68.00 -0.131495E-003  0.140813E-002  0.141425E-002  0.531275E-004 -0.568920E-003  0.571395E-003
  68.50 -0.189968E-003  0.139658E-002  0.140944E-002  0.748305E-004 -0.550127E-003  0.555193E-003
  69.00 -0.256295E-003  0.138072E-002  0.140431E-002  0.983825E-004 -0.530010E-003  0.539064E-003
  69.50 -0.333895E-003  0.135885E-002  0.139927E-002  0.124838E-003 -0.508052E-003  0.523165E-003
  70.00 -0.429274E-003  0.132705E-002  0.139475E-002  0.156243E-003 -0.483005E-003  0.507648E-003
  70.50 -0.558887E-003  0.127404E-002  0.139124E-002  0.197912E-003 -0.451163E-003  0.492663E-003
  71.00 -0.784976E-003  0.102233E-002  0.128893E-002  0.270289E-003 -0.352016E-003  0.443814E-003
  71.50 -0.642368E-003  0.836601E-003  0.105477E-002  0.214933E-003 -0.279923E-003  0.352921E-003
  72.00 -0.572651E-003  0.745804E-003  0.940294E-003  0.186066E-003 -0.242326E-003  0.305520E-003
  72.50 -0.520952E-003  0.678472E-003  0.855403E-003  0.164255E-003 -0.213921E-003  0.269708E-003
  73.00 -0.478612E-003  0.623330E-003  0.785882E-003  0.146327E-003 -0.190571E-003  0.240268E-003
  73.50 -0.442246E-003  0.575968E-003  0.726169E-003  0.130999E-003 -0.170610E-003  0.215101E-003
  74.00 -0.410127E-003  0.534137E-003  0.673428E-003  0.117602E-003 -0.153161E-003  0.193102E-003
  74.50 -0.381238E-003  0.496513E-003  0.625993E-003  0.105727E-003 -0.137695E-003  0.173603E-003
  75.00 -0.354927E-003  0.462246E-003  0.582791E-003  0.951024E-004 -0.123859E-003  0.156158E-003
  75.50 -0.330745E-003  0.430753E-003  0.543084E-003  0.855366E-004 -0.111400E-003  0.140451E-003
  76.00 -0.308370E-003  0.401611E-003  0.506343E-003  0.768852E-004 -0.100133E-003  0.126246E-003
  76.50 -0.287558E-003  0.374507E-003  0.472170E-003  0.690365E-004 -0.899111E-004  0.113358E-003
  77.00 -0.268123E-003  0.349195E-003  0.440258E-003  0.619011E-004 -0.806181E-004  0.101642E-003
  77.50 -0.249917E-003  0.325484E-003  0.410363E-003  0.554052E-004 -0.721580E-004  0.909753E-004
  78.00 -0.232817E-003  0.303214E-003  0.382286E-003  0.494868E-004 -0.644501E-004  0.812574E-004
  78.50 -0.216724E-003  0.282255E-003  0.355861E-003  0.440930E-004 -0.574254E-004  0.724008E-004
  79.00 -0.201552E-003  0.262496E-003  0.330949E-003  0.391778E-004 -0.510240E-004  0.643300E-004
  79.50 -0.187228E-003  0.243840E-003  0.307428E-003  0.347006E-004 -0.451930E-004  0.569784E-004
  80.00 -0.173686E-003  0.226203E-003  0.285192E-003  0.306254E-004 -0.398857E-004  0.502870E-004
  80.50 -0.160868E-003  0.209510E-003  0.264146E-003  0.269201E-004 -0.350599E-004  0.442028E-004
  81.00 -0.148723E-003  0.193692E-003  0.244203E-003  0.235554E-004 -0.306778E-004  0.386780E-004
  81.50 -0.137202E-003  0.178687E-003  0.225285E-003  0.205049E-004 -0.267050E-004  0.336691E-004
  82.00 -0.126260E-003  0.164437E-003  0.207319E-003  0.177447E-004 -0.231102E-004  0.291368E-004
  82.50 -0.115856E-003  0.150888E-003  0.190236E-003  0.152528E-004 -0.198648E-004  0.250451E-004
  83.00 -0.105951E-003  0.137987E-003  0.173971E-003  0.130091E-004 -0.169427E-004  0.213609E-004
  83.50 -0.965049E-004  0.125685E-003  0.158461E-003  0.109953E-004 -0.143200E-004  0.180544E-004
  84.00 -0.874827E-004  0.113935E-003  0.143647E-003  0.919480E-005 -0.119750E-004  0.150979E-004
  84.50 -0.788487E-004  0.102690E-003  0.129470E-003  0.759227E-005 -0.988794E-005  0.124665E-004
  85.00 -0.705685E-004  0.919063E-004  0.115874E-003  0.617394E-005 -0.804076E-005  0.101376E-004
  85.50 -0.626082E-004  0.815390E-004  0.102803E-003  0.492737E-005 -0.641726E-005  0.809075E-005
  86.00 -0.549346E-004  0.715452E-004  0.902027E-004  0.384140E-005 -0.500293E-005  0.630759E-005
  86.50 -0.475151E-004  0.618822E-004  0.780198E-004  0.290615E-005 -0.378488E-005  0.477190E-005
  87.00 -0.403172E-004  0.525079E-004  0.662009E-004  0.211294E-005 -0.275182E-005  0.346944E-005
  87.50 -0.333089E-004  0.433805E-004  0.546933E-004  0.145430E-005 -0.189403E-005  0.238796E-005
  88.00 -0.264583E-004  0.344585E-004  0.434445E-004  0.923944E-006 -0.120332E-005  0.151712E-005
  88.50 -0.197336E-004  0.257005E-004  0.324026E-004  0.516743E-006 -0.672991E-006  0.848493E-006
  89.00 -0.131034E-004  0.170654E-004  0.215157E-004  0.228720E-006 -0.297878E-006  0.375558E-006
  89.50 -0.653597E-005  0.851225E-005  0.107321E-004  0.570385E-007 -0.742853E-007  0.936573E-007
  90.00  0.000000E+000  0.000000E+000  0.000000E+000  0.000000E+000  0.000000E+000  0.000000E+000
  90.50  0.653597E-005 -0.851225E-005  0.107321E-004  0.570385E-007 -0.742853E-007  0.936573E-007
  91.00  0.131034E-004 -0.170654E-004  0.215157E-004  0.228720E-006 -0.297878E-006  0.375558E-006
  91.50  0.197336E-004 -0.257005E-004  0.324026E-004  0.516743E-006 -0.672991E-006  0.848493E-006
  92.00  0.264583E-004 -0.344585E-004  0.434445E-004  0.923944E-006 -0.120332E-005  0.151712E-005
  92.50  0.333089E-004 -0.433805E-004  0.546933E-004  0.145430E-005 -0.189403E-005  0.238796E-005
  93.00  0.403172E-004 -0.525079E-004  0.662009E-004  0.211294E-005 -0.275182E-005  0.346944E-005
  93.50  0.475151E-004 -0.618822E-004  0.780198E-004  0.290615E-005 -0.378488E-005  0.477190E-005
  94.00  0.549346E-004 -0.715452E-004  0.902027E-004  0.384140E-005 -0.500293E-005  0.630759E-005
  94.50  0.626082E-004 -0.815390E-004  0.102803E-003  0.492737E-005 -0.641726E-005  0.809075E-005
  95.00  0.705685E-004 -0.919063E-004  0.115874E-003  0.617394E-005 -0.804076E-005  0.101376E-004
  95.50  0.788487E-004 -0.102690E-003  0.129470E-003  0.759227E-005 -0.988794E-005  0.124665E-004
  96.00  0.874827E-004 -0.113935E-003  0.143647E-003  0.919480E-005 -0.119750E-004  0.150979E-004
  96.50  0.965049E-004 -0.125685E-003  0.158461E-003  0.109953E-004 -0.143200E-004  0.180544E-004
  97.00  0.105951E-003 -0.137987E-003  0.173971E-003  0.130091E-004 -0.169427E-004  0.213609E-004
  97.50  0.115856E-003 -0.150888E-003  0.190236E-003  0.152528E-004 -0.198648E-004  0.250451E-004
  98.00  0.126260E-003 -0.164437E-003  0.207319E-003  0.177447E-004 -0.231102E-004  0.291368E-004
  98.50  0.137202E-003 -0.178687E-003  0.225285E-003  0.205049E-004 -0.267050E-004  0.336691E-004
  99.00  0.148723E-003 -0.193692E-003  0.244203E-003  0.235554E-004 -0.306778E-004  0.386780E-004
  99.50  0.160868E-003 -0.209510E-003  0.264146E-003  0.269201E-004 -0.350599E-004  0.442028E-004
 100.00  0.173686E-003 -0.226203E-003  0.285192E-003  0.306254E-004 -0.398857E-004  0.502870E-004
 100.50  0.187228E-003 -0.243840E-003  0.307428E-003  0.347006E-004 -0.451930E-004  0.569784E-004
 101.00  0.201552E-003 -0.262496E-003  0.330949E-003  0.391778E-004 -0.510240E-004  0.643300E-004
 101.50  0.216724E-003 -0.282255E-003  0.355861E-003  0.440930E-004 -0.574254E-004  0.724008E-004
 102.00  0.232817E-003 -0.303214E-003  0.382286E-003  0.494868E-004 -0.644501E-004  0.812574E-004
 102.50  0.249917E-003 -0.325484E-003  0.410363E-003  0.554052E-004 -0.721580E-004  0.909753E-004
 103.00  0.268123E-003 -0.349195E-003  0.440258E-003  0.619011E-004 -0.806181E-004  0.101642E-003
 103.50  0.287558E-003 -0.374507E-003  0.472170E-003  0.690365E-004 -0.899111E-004  0.113358E-003
 104.00  0.308370E-003 -0.401611E-003  0.506343E-003  0.768852E-004 -0.100133E-003  0.126246E-003
 104.50  0.330745E-003 -0.430753E-003  0.543084E-003  0.855366E-004 -0.111400E-003  0.140451E-003
 105.00  0.354927E-003 -0.462246E-003  0.582791E-003  0.951024E-004 -0.123859E-003  0.156158E-003
 105.50  0.381238E-003 -0.496513E-003  0.625993E-003  0.105727E-003 -0.137695E-003  0.173603E-003
 106.00  0.410127E-003 -0.534137E-003  0.673428E-003  0.117602E-003 -0.153161E-003  0.193102E-003
 106.50  0.442246E-003 -0.575968E-003  0.726169E-003  0.130999E-003 -0.170610E-003  0.215101E-003
 107.00  0.478612E-003 -0.623330E-003  0.785882E-003  0.146327E-003 -0.190571E-003  0.240268E-003
 107.50  0.520952E-003 -0.678472E-003  0.855403E-003  0.164255E-003 -0.213921E-003  0.269708E-003
 108.00  0.572651E-003 -0.745804E-003  0.940294E-003  0.186066E-003 -0.242326E-003  0.305520E-003
 108.50  0.642368E-003 -0.836601E-003  0.105477E-002  0.214933E-003 -0.279923E-003  0.352921E-003
 109.00  0.784976E-003 -0.102233E-002  0.128893E-002  0.270289E-003 -0.352016E-003  0.443814E-003
 109.50  0.558887E-003 -0.127404E-002  0.139124E-002  0.197912E-003 -0.451163E-003  0.492663E-003
 110.00  0.429274E-003 -0.132705E-002  0.139475E-002  0.156243E-003 -0.483005E-003  0.507648E-003
 110.50  0.333895E-003 -0.135885E-002  0.139927E-002  0.124838E-003 -0.508052E-003  0.523165E-003
 111.00  0.256295E-003 -0.138072E-002  0.140431E-002  0.983825E-004 -0.530010E-003  0.539064E-003
 111.50  0.189968E-003 -0.139658E-002  0.140944E-002  0.748305E-004 -0.550127E-003  0.555193E-003
 112.00  0.131495E-003 -0.140813E-002  0.141425E-002  0.531275E-004 -0.568920E-003  0.571395E-003
 112.50  0.788177E-004 -0.141616E-002  0.141835E-002  0.326473E-004 -0.586593E-003  0.587500E-003
 113.00  0.305956E-004 -0.142098E-002  0.142131E-002  0.129870E-004 -0.603172E-003  0.603312E-003
 113.50 -0.140806E-004 -0.142261E-002  0.142268E-002 -0.612244E-005 -0.618568E-003  0.618599E-003
 114.00 -0.558355E-004 -0.142082E-002  0.142192E-002 -0.248596E-004 -0.632591E-003  0.633079E-003
 114.50 -0.950841E-004 -0.141520E-002  0.141839E-002 -0.433323E-004 -0.644945E-003  0.646399E-003
 115.00 -0.132067E-003 -0.140512E-002  0.141131E-002 -0.615840E-004 -0.655216E-003  0.658104E-003
 115.50 -0.166858E-003 -0.138965E-002  0.139963E-002 -0.795871E-004 -0.662827E-003  0.667588E-003
 116.00 -0.199338E-003 -0.136750E-002  0.138195E-002 -0.972234E-004 -0.666972E-003  0.674021E-003
 116.50 -0.229135E-003 -0.133679E-002  0.135629E-002 -0.114242E-003 -0.666501E-003  0.676221E-003
 117.00 -0.255492E-003 -0.129474E-002  0.131971E-002 -0.130180E-003 -0.659704E-003  0.672425E-003
 117.50 -0.276997E-003 -0.123690E-002  0.126754E-002 -0.144195E-003 -0.643889E-003  0.659838E-003
 118.00 -0.290953E-003 -0.115562E-002  0.119168E-002 -0.154702E-003 -0.614453E-003  0.633629E-003
 118.50 -0.291723E-003 -0.103582E-002  0.107611E-002 -0.158393E-003 -0.562402E-003  0.584281E-003
 119.00 -0.264625E-003 -0.839433E-003  0.880156E-003 -0.146684E-003 -0.465305E-003  0.487878E-003
 119.50 -0.130297E-003 -0.361432E-003  0.384201E-003 -0.737183E-004 -0.204488E-003  0.217370E-003
 120.00  0.832757E-003 -0.559334E-003  0.100316E-002  0.480793E-003 -0.322932E-003  0.579177E-003
 120.50  0.112451E-002 -0.102378E-002  0.152074E-002  0.662387E-003 -0.603050E-003  0.895783E-003
 121.00  0.124157E-002 -0.147318E-002  0.192660E-002  0.746012E-003 -0.885177E-003  0.115762E-002
 121.50  0.123372E-002 -0.190300E-002  0.226792E-002  0.756023E-003 -0.116616E-002  0.138978E-002
 122.00  0.112507E-002 -0.229809E-002  0.255871E-002  0.703024E-003 -0.143600E-002  0.159886E-002
 122.50  0.936794E-003 -0.264515E-002  0.280614E-002  0.596803E-003 -0.168515E-002  0.178771E-002
 123.00  0.689380E-003 -0.293644E-002  0.301627E-002  0.447689E-003 -0.190694E-002  0.195879E-002
 123.50  0.401346E-003 -0.317022E-002  0.319552E-002  0.265645E-003 -0.209832E-002  0.211507E-002
 124.00  0.877020E-004 -0.334961E-002  0.335075E-002  0.591557E-004 -0.225934E-002  0.226011E-002
 124.50 -0.240792E-003 -0.348079E-002  0.348911E-002 -0.165492E-003 -0.239228E-002  0.239800E-002
 125.00 -0.577626E-003 -0.357140E-002  0.361781E-002 -0.404458E-003 -0.250072E-002  0.253322E-002
 125.50 -0.920107E-003 -0.362933E-002  0.374415E-002 -0.656306E-003 -0.258878E-002  0.267067E-002
 126.00 -0.126884E-002 -0.366208E-002  0.387566E-002 -0.921864E-003 -0.266066E-002  0.281583E-002
 126.50 -0.162735E-002 -0.367651E-002  0.402057E-002 -0.120417E-002 -0.272048E-002  0.297507E-002
 127.00 -0.200209E-002 -0.367895E-002  0.418844E-002 -0.150868E-002 -0.277229E-002  0.315621E-002
 127.50 -0.240296E-002 -0.367553E-002  0.439132E-002 -0.184385E-002 -0.282033E-002  0.336958E-002
 128.00 -0.284481E-002 -0.367298E-002  0.464583E-002 -0.222261E-002 -0.286964E-002  0.362972E-002
 128.50 -0.335088E-002 -0.368008E-002  0.497709E-002 -0.266541E-002 -0.292727E-002  0.395895E-002
 129.00 -0.396084E-002 -0.371110E-002  0.542776E-002 -0.320743E-002 -0.300519E-002  0.439531E-002
 129.50 -0.475375E-002 -0.379570E-002  0.608321E-002 -0.391869E-002 -0.312893E-002  0.501461E-002
 130.00 -0.593978E-002 -0.402154E-002  0.717313E-002 -0.498407E-002 -0.337447E-002  0.601897E-002
 130.50 -0.100245E-001 -0.496505E-002  0.111867E-001 -0.856176E-002 -0.424056E-002  0.955438E-002
 131.00 -0.109851E-001  0.483219E-003  0.109957E-001 -0.954921E-002  0.420056E-003  0.955845E-002
 131.50 -0.102320E-001  0.347734E-002  0.108068E-001 -0.905252E-002  0.307649E-002  0.956101E-002
 132.00 -0.895892E-002  0.570336E-002  0.106203E-001 -0.806665E-002  0.513532E-002  0.956255E-002
 132.50 -0.740757E-002  0.735196E-002  0.104366E-001 -0.678779E-002  0.673683E-002  0.956341E-002
 133.00 -0.572310E-002  0.851065E-002  0.102560E-001 -0.533688E-002  0.793631E-002  0.956385E-002
 133.50 -0.400986E-002  0.924636E-002  0.100784E-001 -0.380522E-002  0.877447E-002  0.956405E-002
 134.00 -0.234468E-002  0.962239E-002  0.990393E-002 -0.226423E-002  0.929223E-002  0.956411E-002
 134.50 -0.781853E-003  0.970107E-002  0.973253E-002 -0.768325E-003  0.953322E-002  0.956413E-002
 135.00  0.643428E-003  0.954246E-002  0.956413E-002  0.643428E-003  0.954246E-002  0.956413E-002
 135.50  0.191180E-002  0.920215E-002  0.939864E-002  0.194546E-002  0.936417E-002  0.956413E-002
 136.00  0.301633E-002  0.872953E-002  0.923596E-002  0.312350E-002  0.903969E-002  0.956412E-002
 136.50  0.395924E-002  0.816685E-002  0.907596E-002  0.417217E-002  0.860607E-002  0.956407E-002
 137.00  0.474905E-002  0.754895E-002  0.891852E-002  0.509273E-002  0.809526E-002  0.956395E-002
 137.50  0.539809E-002  0.690361E-002  0.876352E-002  0.589098E-002  0.753397E-002  0.956370E-002
 138.00  0.592073E-002  0.625229E-002  0.861082E-002  0.657564E-002  0.694387E-002  0.956328E-002
 138.50  0.633194E-002  0.561098E-002  0.846030E-002  0.715696E-002  0.634206E-002  0.956263E-002
 139.00  0.664641E-002  0.499117E-002  0.831183E-002  0.764582E-002  0.574169E-002  0.956167E-002
 139.50  0.687792E-002  0.440071E-002  0.816530E-002  0.805301E-002  0.515257E-002  0.956034E-002
 140.00  0.703909E-002  0.384461E-002  0.802059E-002  0.838887E-002  0.458183E-002  0.955857E-002
 140.50  0.714116E-002  0.332570E-002  0.787759E-002  0.866292E-002  0.403440E-002  0.955629E-002
 141.00  0.719400E-002  0.284520E-002  0.773621E-002  0.888386E-002  0.351353E-002  0.955342E-002
 141.50  0.720618E-002  0.240314E-002  0.759632E-002  0.905941E-002  0.302116E-002  0.954989E-002
 142.00  0.718503E-002  0.199872E-002  0.745786E-002  0.919643E-002  0.255824E-002  0.954562E-002
 142.50  0.713681E-002  0.163058E-002  0.732071E-002  0.930087E-002  0.212501E-002  0.954054E-002
 143.00  0.706677E-002  0.129699E-002  0.718481E-002  0.937793E-002  0.172116E-002  0.953456E-002
 143.50  0.697936E-002  0.996003E-003  0.705007E-002  0.943206E-002  0.134602E-002  0.952762E-002
 144.00  0.687825E-002  0.725581E-003  0.691641E-002  0.946710E-002  0.998677E-003  0.951963E-002
 144.50  0.676651E-002  0.483647E-003  0.678378E-002  0.948630E-002  0.678048E-003  0.951050E-002
 145.00  0.664669E-002  0.268153E-003  0.665209E-002  0.949245E-002  0.382962E-003  0.950017E-002
 145.50  0.652085E-002  0.771184E-004  0.652130E-002  0.948789E-002  0.112208E-003  0.948856E-002
 146.00  0.639070E-002 -0.913503E-004  0.639135E-002  0.947460E-002 -0.135432E-003  0.947557E-002
 146.50  0.625762E-002 -0.239045E-003  0.626218E-002  0.945423E-002 -0.361158E-003  0.946113E-002
 147.00  0.612272E-002 -0.367648E-003  0.613375E-002  0.942816E-002 -0.566128E-003  0.944515E-002
 147.50  0.598690E-002 -0.478731E-003  0.600601E-002  0.939755E-002 -0.751457E-003  0.942754E-002
 148.00  0.585085E-002 -0.573755E-003  0.587892E-002  0.936332E-002 -0.918200E-003  0.940823E-002
 148.50  0.571513E-002 -0.654076E-003  0.575244E-002  0.932625E-002 -0.106735E-002  0.938713E-002
 149.00  0.558016E-002 -0.720947E-003  0.562654E-002  0.928694E-002 -0.119986E-002  0.936413E-002
 149.50  0.544625E-002 -0.775529E-003  0.550119E-002  0.924590E-002 -0.131659E-002  0.933916E-002
 150.00  0.531363E-002 -0.818892E-003  0.537636E-002  0.920347E-002 -0.141836E-002  0.931213E-002
 150.50  0.518245E-002 -0.852024E-003  0.525203E-002  0.915996E-002 -0.150595E-002  0.928292E-002
 151.00  0.505282E-002 -0.875837E-003  0.512817E-002  0.911553E-002 -0.158005E-002  0.925146E-002
 151.50  0.492479E-002 -0.891177E-003  0.500477E-002  0.907033E-002 -0.164134E-002  0.921764E-002
 152.00  0.479836E-002 -0.898822E-003  0.488181E-002  0.902439E-002 -0.169044E-002  0.918135E-002
 152.50  0.467351E-002 -0.899497E-003  0.475929E-002  0.897774E-002 -0.172792E-002  0.914251E-002
 153.00  0.455022E-002 -0.893871E-003  0.463719E-002  0.893031E-002 -0.175432E-002  0.910099E-002
 153.50  0.442841E-002 -0.882568E-003  0.451550E-002  0.888202E-002 -0.177016E-002  0.905670E-002
 154.00  0.430802E-002 -0.866169E-003  0.439423E-002  0.883275E-002 -0.177591E-002  0.900951E-002
 154.50  0.418896E-002 -0.845214E-003  0.427338E-002  0.878234E-002 -0.177203E-002  0.895933E-002
 155.00  0.407115E-002 -0.820211E-003  0.415295E-002  0.873060E-002 -0.175895E-002  0.890603E-002
 155.50  0.395448E-002 -0.791635E-003  0.403294E-002  0.867732E-002 -0.173708E-002  0.884949E-002
 156.00  0.383888E-002 -0.759931E-003  0.391338E-002  0.862227E-002 -0.170683E-002  0.878959E-002
 156.50  0.372425E-002 -0.725522E-003  0.379426E-002  0.856519E-002 -0.166859E-002  0.872620E-002
 157.00  0.361050E-002 -0.688805E-003  0.367562E-002  0.850580E-002 -0.162272E-002  0.865921E-002
 157.50  0.349755E-002 -0.650156E-003  0.355746E-002  0.844383E-002 -0.156961E-002  0.858848E-002
 158.00  0.338532E-002 -0.609932E-003  0.343983E-002  0.837897E-002 -0.150963E-002  0.851388E-002
 158.50  0.327375E-002 -0.568473E-003  0.332274E-002  0.831090E-002 -0.144315E-002  0.843527E-002
 159.00  0.316277E-002 -0.526104E-003  0.320623E-002  0.823931E-002 -0.137055E-002  0.835252E-002
 159.50  0.305234E-002 -0.483133E-003  0.309034E-002  0.816385E-002 -0.129220E-002  0.826549E-002
 160.00  0.294241E-002 -0.439856E-003  0.297511E-002  0.808421E-002 -0.120849E-002  0.817404E-002
 160.50  0.283296E-002 -0.396555E-003  0.286058E-002  0.800003E-002 -0.111984E-002  0.807803E-002
 161.00  0.272397E-002 -0.353500E-003  0.274681E-002  0.791098E-002 -0.102664E-002  0.797732E-002
 161.50  0.261544E-002 -0.310950E-003  0.263385E-002  0.781671E-002 -0.929331E-003  0.787176E-002
 162.00  0.250737E-002 -0.269151E-003  0.252177E-002  0.771689E-002 -0.828362E-003  0.776122E-002
 162.50  0.239980E-002 -0.228339E-003  0.241063E-002  0.761118E-002 -0.724199E-003  0.764555E-002
 163.00  0.229275E-002 -0.188737E-003  0.230051E-002  0.749925E-002 -0.617331E-003  0.752462E-002
 163.50  0.218629E-002 -0.150557E-003  0.219147E-002  0.738080E-002 -0.508271E-003  0.739828E-002
 164.00  0.208049E-002 -0.113998E-003  0.208361E-002  0.725553E-002 -0.397558E-003  0.726641E-002
 164.50  0.197542E-002 -0.792471E-004  0.197701E-002  0.712314E-002 -0.285756E-003  0.712887E-002
 165.00  0.187119E-002 -0.464771E-004  0.187177E-002  0.698339E-002 -0.173455E-003  0.698554E-002
 165.50  0.176792E-002 -0.158465E-004  0.176799E-002  0.683603E-002 -0.612737E-004  0.683630E-002
 166.00  0.166573E-002  0.125018E-004  0.166577E-002  0.668086E-002  0.501422E-004  0.668105E-002
 166.50  0.156476E-002  0.384414E-004  0.156524E-002  0.651771E-002  0.160120E-003  0.651968E-002
 167.00  0.146519E-002  0.618637E-004  0.146650E-002  0.634645E-002  0.267961E-003  0.635210E-002
 167.50  0.136719E-002  0.826791E-004  0.136968E-002  0.616697E-002  0.372941E-003  0.617824E-002
 168.00  0.127093E-002  0.100819E-003  0.127492E-002  0.597925E-002  0.474315E-003  0.599803E-002
 168.50  0.117662E-002  0.116235E-003  0.118235E-002  0.578328E-002  0.571316E-003  0.581143E-002
 169.00  0.108447E-002  0.128905E-003  0.109211E-002  0.557912E-002  0.663161E-003  0.561840E-002
 169.50  0.994698E-003  0.138829E-003  0.100434E-002  0.536691E-002  0.749056E-003  0.541893E-002
 170.00  0.907525E-003  0.146034E-003  0.919199E-003  0.514683E-002  0.828198E-003  0.521304E-002
 170.50  0.823181E-003  0.150572E-003  0.836838E-003  0.491913E-002  0.899782E-003  0.500075E-002
 171.00  0.741898E-003  0.152526E-003  0.757414E-003  0.468416E-002  0.963010E-003  0.478212E-002
 171.50  0.663906E-003  0.152005E-003  0.681085E-003  0.444230E-002  0.101709E-002  0.455724E-002
 172.00  0.589433E-003  0.149150E-003  0.608011E-003  0.419403E-002  0.106126E-002  0.432622E-002
 172.50  0.518700E-003  0.144130E-003  0.538352E-003  0.393992E-002  0.109477E-002  0.408919E-002
 173.00  0.451919E-003  0.137141E-003  0.472270E-003  0.368059E-002  0.111693E-002  0.384633E-002
 173.50  0.389288E-003  0.128412E-003  0.409921E-003  0.341674E-002  0.112706E-002  0.359783E-002
 174.00  0.330989E-003  0.118197E-003  0.351460E-003  0.314915E-002  0.112457E-002  0.334392E-002
 174.50  0.277185E-003  0.106776E-003  0.297040E-003  0.287868E-002  0.110891E-002  0.308487E-002
