 % the field is pps
% Dinn5 settings , t1, t2, t3, t4, tm, tp, eps, step, IntLimit
%   0.250000E+001  0.250000E+001  0.250000E+001  0.280000E+002  0.200000E-001  0.000000E+000  0.100000E-005  0.100000E-001  0.100000E+006
% 1)psi, 2) R, 3) x, 4) z, 5) re(u), 6) im(u), 7) abs(u), 8) re(w), 9) im(w), 10) abs(w), 11) fieldCode, 12) cp(1), 13) cp(2), 14) cs(1), 15) cs(2), 16) rho(1), 17) rho(2), 18) h, 19) w
 -0.893898E+002  0.177001E+001  0.100000E+000 -0.200000E+002  0.786266E-006  0.449848E-006  0.905857E-006 -0.402872E-004 -0.140673E-004  0.426725E-004  0.120000E+002  0.200000E+001  0.100000E+001  0.500000E+000  0.300000E+000  0.200000E+001  0.100000E+001  0.100000E+001  0.100000E+002
 -0.869519E+002  0.177242E+001  0.500000E+000 -0.200000E+002  0.385263E-005  0.233881E-005  0.450697E-005 -0.390997E-004 -0.157108E-004  0.421381E-004  0.120000E+002  0.200000E+001  0.100000E+001  0.500000E+000  0.300000E+000  0.200000E+001  0.100000E+001  0.100000E+001  0.100000E+002
 -0.845249E+002  0.177802E+001  0.900000E+000 -0.200000E+002  0.659301E-005  0.457179E-005  0.802304E-005 -0.361947E-004 -0.193866E-004  0.410596E-004  0.120000E+002  0.200000E+001  0.100000E+001  0.500000E+000  0.300000E+000  0.200000E+001  0.100000E+001  0.100000E+001  0.100000E+002
 -0.821175E+002  0.178679E+001  0.130000E+001 -0.200000E+002  0.870501E-005  0.736540E-005  0.114029E-004 -0.312761E-004 -0.246994E-004  0.398529E-004  0.120000E+002  0.200000E+001  0.100000E+001  0.500000E+000  0.300000E+000  0.200000E+001  0.100000E+001  0.100000E+001  0.100000E+002
 -0.797378E+002  0.179869E+001  0.170000E+001 -0.200000E+002  0.982701E-005  0.108303E-004  0.146242E-004 -0.239562E-004 -0.309943E-004  0.391733E-004  0.120000E+002  0.200000E+001  0.100000E+001  0.500000E+000  0.300000E+000  0.200000E+001  0.100000E+001  0.100000E+001  0.100000E+002
 -0.773933E+002  0.181364E+001  0.210000E+001 -0.200000E+002  0.953961E-005  0.149151E-004  0.177049E-004 -0.138617E-004 -0.373278E-004  0.398184E-004  0.120000E+002  0.200000E+001  0.100000E+001  0.500000E+000  0.300000E+000  0.200000E+001  0.100000E+001  0.100000E+001  0.100000E+002
 -0.750909E+002  0.183157E+001  0.250000E+001 -0.200000E+002  0.739797E-005  0.193469E-004  0.207131E-004 -0.779375E-006 -0.424579E-004  0.424650E-004  0.120000E+002  0.200000E+001  0.100000E+001  0.500000E+000  0.300000E+000  0.200000E+001  0.100000E+001  0.100000E+001  0.100000E+002
 -0.728367E+002  0.185240E+001  0.290000E+001 -0.200000E+002  0.300402E-005  0.235802E-004  0.237708E-004  0.151634E-004 -0.448796E-004  0.473720E-004  0.120000E+002  0.200000E+001  0.100000E+001  0.500000E+000  0.300000E+000  0.200000E+001  0.100000E+001  0.100000E+001  0.100000E+002
 -0.706360E+002  0.187604E+001  0.330000E+001 -0.200000E+002 -0.387702E-005  0.267701E-004  0.270494E-004  0.333026E-004 -0.429334E-004  0.543354E-004  0.120000E+002  0.200000E+001  0.100000E+001  0.500000E+000  0.300000E+000  0.200000E+001  0.100000E+001  0.100000E+001  0.100000E+002
 -0.684931E+002  0.190237E+001  0.370000E+001 -0.200000E+002 -0.131598E-004  0.277965E-004  0.307543E-004  0.522581E-004 -0.350127E-004  0.629031E-004  0.120000E+002  0.200000E+001  0.100000E+001  0.500000E+000  0.300000E+000  0.200000E+001  0.100000E+001  0.100000E+001  0.100000E+002
 -0.664115E+002  0.193128E+001  0.410000E+001 -0.200000E+002 -0.242596E-004  0.253677E-004  0.351005E-004  0.698224E-004 -0.198838E-004  0.725985E-004  0.120000E+002  0.200000E+001  0.100000E+001  0.500000E+000  0.300000E+000  0.200000E+001  0.100000E+001  0.100000E+001  0.100000E+002
 -0.643939E+002  0.196267E+001  0.450000E+001 -0.200000E+002 -0.359279E-004  0.182294E-004  0.402880E-004  0.829835E-004  0.289147E-005  0.830338E-004  0.120000E+002  0.200000E+001  0.100000E+001  0.500000E+000  0.300000E+000  0.200000E+001  0.100000E+001  0.100000E+001  0.100000E+002
 -0.624422E+002  0.199642E+001  0.490000E+001 -0.200000E+002 -0.461608E-004  0.549126E-005  0.464862E-004  0.881554E-004  0.324794E-004  0.939483E-004  0.120000E+002  0.200000E+001  0.100000E+001  0.500000E+000  0.300000E+000  0.200000E+001  0.100000E+001  0.100000E+001  0.100000E+002
 -0.605574E+002  0.203240E+001  0.530000E+001 -0.200000E+002 -0.522543E-004 -0.129458E-004  0.538340E-004  0.816768E-004  0.663355E-004  0.105221E-003  0.120000E+002  0.200000E+001  0.100000E+001  0.500000E+000  0.300000E+000  0.200000E+001  0.100000E+001  0.100000E+001  0.100000E+002
 -0.587402E+002  0.207050E+001  0.570000E+001 -0.200000E+002 -0.510868E-004 -0.359229E-004  0.624525E-004  0.605981E-004  0.999472E-004  0.116883E-003  0.120000E+002  0.200000E+001  0.100000E+001  0.500000E+000  0.300000E+000  0.200000E+001  0.100000E+001  0.100000E+001  0.100000E+002
 -0.569902E+002  0.211061E+001  0.610000E+001 -0.200000E+002 -0.396856E-004 -0.606322E-004  0.724652E-004  0.237074E-004  0.126930E-003  0.129125E-003  0.120000E+002  0.200000E+001  0.100000E+001  0.500000E+000  0.300000E+000  0.200000E+001  0.100000E+001  0.100000E+001  0.100000E+002
 -0.553071E+002  0.215262E+001  0.650000E+001 -0.200000E+002 -0.160805E-004 -0.824654E-004  0.840186E-004 -0.273589E-004  0.139652E-003  0.142306E-003  0.120000E+002  0.200000E+001  0.100000E+001  0.500000E+000  0.300000E+000  0.200000E+001  0.100000E+001  0.100000E+001  0.100000E+002
 -0.536897E+002  0.219641E+001  0.690000E+001 -0.200000E+002  0.196445E-004 -0.952962E-004  0.972999E-004 -0.871875E-004  0.130500E-003  0.156946E-003  0.120000E+002  0.200000E+001  0.100000E+001  0.500000E+000  0.300000E+000  0.200000E+001  0.100000E+001  0.100000E+001  0.100000E+002
 -0.521367E+002  0.224188E+001  0.730000E+001 -0.200000E+002  0.643155E-004 -0.923631E-004  0.112550E-003 -0.146206E-003  0.937719E-004  0.173694E-003  0.120000E+002  0.200000E+001  0.100000E+001  0.500000E+000  0.300000E+000  0.200000E+001  0.100000E+001  0.100000E+001  0.100000E+002
 -0.506465E+002  0.228893E+001  0.770000E+001 -0.200000E+002  0.110986E-003 -0.678217E-004  0.130068E-003 -0.191250E-003  0.279590E-004  0.193283E-003  0.120000E+002  0.200000E+001  0.100000E+001  0.500000E+000  0.300000E+000  0.200000E+001  0.100000E+001  0.100000E+001  0.100000E+002
 -0.492173E+002  0.233747E+001  0.810000E+001 -0.200000E+002  0.149029E-003 -0.188459E-004  0.150216E-003 -0.207384E-003 -0.620342E-004  0.216463E-003  0.120000E+002  0.200000E+001  0.100000E+001  0.500000E+000  0.300000E+000  0.200000E+001  0.100000E+001  0.100000E+001  0.100000E+002
 -0.478470E+002  0.238740E+001  0.850000E+001 -0.200000E+002  0.165398E-003  0.520999E-004  0.173409E-003 -0.181083E-003 -0.163451E-003  0.243941E-003  0.120000E+002  0.200000E+001  0.100000E+001  0.500000E+000  0.300000E+000  0.200000E+001  0.100000E+001  0.100000E+001  0.100000E+002
 -0.465336E+002  0.243864E+001  0.890000E+001 -0.200000E+002  0.147277E-003  0.135473E-003  0.200109E-003 -0.104440E-003 -0.255832E-003  0.276329E-003  0.120000E+002  0.200000E+001  0.100000E+001  0.500000E+000  0.300000E+000  0.200000E+001  0.100000E+001  0.100000E+001  0.100000E+002
 -0.452749E+002  0.249111E+001  0.930000E+001 -0.200000E+002  0.859779E-004  0.214197E-003  0.230808E-003  0.203854E-004 -0.313460E-003  0.314122E-003  0.120000E+002  0.200000E+001  0.100000E+001  0.500000E+000  0.300000E+000  0.200000E+001  0.100000E+001  0.100000E+001  0.100000E+002
 -0.440687E+002  0.254473E+001  0.970000E+001 -0.200000E+002 -0.185964E-004  0.265373E-003  0.266023E-003  0.177752E-003 -0.310412E-003  0.357703E-003  0.120000E+002  0.200000E+001  0.100000E+001  0.500000E+000  0.300000E+000  0.200000E+001  0.100000E+001  0.100000E+001  0.100000E+002
 -0.429127E+002  0.259943E+001  0.101000E+002 -0.200000E+002 -0.154134E-003  0.264665E-003  0.306276E-003  0.337707E-003 -0.227790E-003  0.407350E-003  0.120000E+002  0.200000E+001  0.100000E+001  0.500000E+000  0.300000E+000  0.200000E+001  0.100000E+001  0.100000E+001  0.100000E+002
 -0.418048E+002  0.265515E+001  0.105000E+002 -0.200000E+002 -0.294367E-003  0.193168E-003  0.352088E-003  0.459125E-003 -0.618105E-004  0.463267E-003  0.120000E+002  0.200000E+001  0.100000E+001  0.500000E+000  0.300000E+000  0.200000E+001  0.100000E+001  0.100000E+001  0.100000E+002
 -0.407428E+002  0.271182E+001  0.109000E+002 -0.200000E+002 -0.401391E-003  0.455586E-004  0.403968E-003  0.497513E-003  0.169507E-003  0.525596E-003  0.120000E+002  0.200000E+001  0.100000E+001  0.500000E+000  0.300000E+000  0.200000E+001  0.100000E+001  0.100000E+001  0.100000E+002
 -0.397247E+002  0.276938E+001  0.113000E+002 -0.200000E+002 -0.432849E-003 -0.162685E-003  0.462412E-003  0.416871E-003  0.423763E-003  0.594438E-003  0.120000E+002  0.200000E+001  0.100000E+001  0.500000E+000  0.300000E+000  0.200000E+001  0.100000E+001  0.100000E+001  0.100000E+002
 -0.387483E+002  0.282778E+001  0.117000E+002 -0.200000E+002 -0.353624E-003 -0.391945E-003  0.527892E-003  0.203391E-003  0.638238E-003  0.669862E-003  0.120000E+002  0.200000E+001  0.100000E+001  0.500000E+000  0.300000E+000  0.200000E+001  0.100000E+001  0.100000E+001  0.100000E+002
 -0.378117E+002  0.288697E+001  0.121000E+002 -0.200000E+002 -0.149909E-003 -0.581859E-003  0.600860E-003 -0.122818E-003  0.741819E-003  0.751917E-003  0.120000E+002  0.200000E+001  0.100000E+001  0.500000E+000  0.300000E+000  0.200000E+001  0.100000E+001  0.100000E+001  0.100000E+002
 -0.369129E+002  0.294690E+001  0.125000E+002 -0.200000E+002  0.158318E-003 -0.663100E-003  0.681737E-003 -0.502603E-003  0.673834E-003  0.840632E-003  0.120000E+002  0.200000E+001  0.100000E+001  0.500000E+000  0.300000E+000  0.200000E+001  0.100000E+001  0.100000E+001  0.100000E+002
 -0.360502E+002  0.300753E+001  0.129000E+002 -0.200000E+002  0.511522E-003 -0.576767E-003  0.770918E-003 -0.843371E-003  0.406022E-003  0.936017E-003  0.120000E+002  0.200000E+001  0.100000E+001  0.500000E+000  0.300000E+000  0.200000E+001  0.100000E+001  0.100000E+001  0.100000E+002
 -0.352217E+002  0.306881E+001  0.133000E+002 -0.200000E+002  0.816240E-003 -0.297490E-003  0.868763E-003 -0.103735E-002 -0.386274E-004  0.103807E-002  0.120000E+002  0.200000E+001  0.100000E+001  0.500000E+000  0.300000E+000  0.200000E+001  0.100000E+001  0.100000E+001  0.100000E+002
 -0.344259E+002  0.313071E+001  0.137000E+002 -0.200000E+002  0.964508E-003  0.146655E-003  0.975594E-003 -0.990655E-003 -0.577608E-003  0.114675E-002  0.120000E+002  0.200000E+001  0.100000E+001  0.500000E+000  0.300000E+000  0.200000E+001  0.100000E+001  0.100000E+001  0.100000E+002
 -0.336610E+002  0.319318E+001  0.141000E+002 -0.200000E+002  0.865170E-003  0.665790E-003  0.109169E-002 -0.656923E-003 -0.107754E-002  0.126200E-002  0.120000E+002  0.200000E+001  0.100000E+001  0.500000E+000  0.300000E+000  0.200000E+001  0.100000E+001  0.100000E+001  0.100000E+002
 -0.329256E+002  0.325621E+001  0.145000E+002 -0.200000E+002  0.480011E-003  0.111866E-002  0.121730E-002 -0.653601E-004 -0.138219E-002  0.138373E-002  0.120000E+002  0.200000E+001  0.100000E+001  0.500000E+000  0.300000E+000  0.200000E+001  0.100000E+001  0.100000E+001  0.100000E+002
 -0.322183E+002  0.331975E+001  0.149000E+002 -0.200000E+002 -0.146810E-003  0.134459E-002  0.135258E-002  0.668078E-003 -0.135618E-002  0.151181E-002  0.120000E+002  0.200000E+001  0.100000E+001  0.500000E+000  0.300000E+000  0.200000E+001  0.100000E+001  0.100000E+001  0.100000E+002
 -0.315376E+002  0.338378E+001  0.153000E+002 -0.200000E+002 -0.879072E-003  0.121252E-002  0.149765E-002  0.135533E-002 -0.934080E-003  0.164604E-002  0.120000E+002  0.200000E+001  0.100000E+001  0.500000E+000  0.300000E+000  0.200000E+001  0.100000E+001  0.100000E+001  0.100000E+002
 -0.308823E+002  0.344826E+001  0.157000E+002 -0.200000E+002 -0.150858E-002  0.674684E-003  0.165258E-002  0.177906E-002 -0.159164E-003  0.178617E-002  0.120000E+002  0.200000E+001  0.100000E+001  0.500000E+000  0.300000E+000  0.200000E+001  0.100000E+001  0.100000E+001  0.100000E+002
 -0.302511E+002  0.351318E+001  0.161000E+002 -0.200000E+002 -0.180698E-002 -0.193545E-003  0.181731E-002  0.175648E-002  0.804340E-003  0.193189E-002  0.120000E+002  0.200000E+001  0.100000E+001  0.500000E+000  0.300000E+000  0.200000E+001  0.100000E+001  0.100000E+001  0.100000E+002
 -0.296429E+002  0.357852E+001  0.165000E+002 -0.200000E+002 -0.159973E-002 -0.118655E-002  0.199175E-002  0.120745E-002  0.169709E-002  0.208279E-002  0.120000E+002  0.200000E+001  0.100000E+001  0.500000E+000  0.300000E+000  0.200000E+001  0.100000E+001  0.100000E+001  0.100000E+002
 -0.290566E+002  0.364424E+001  0.169000E+002 -0.200000E+002 -0.841239E-003 -0.200645E-002  0.217566E-002  0.203896E-003  0.222910E-002  0.223841E-002  0.120000E+002  0.200000E+001  0.100000E+001  0.500000E+000  0.300000E+000  0.200000E+001  0.100000E+001  0.100000E+001  0.100000E+002
 -0.284911E+002  0.371033E+001  0.173000E+002 -0.200000E+002  0.336756E-003 -0.234469E-002  0.236875E-002 -0.102153E-002  0.216971E-002  0.239816E-002  0.120000E+002  0.200000E+001  0.100000E+001  0.500000E+000  0.300000E+000  0.200000E+001  0.100000E+001  0.100000E+001  0.100000E+002
 -0.279455E+002  0.377677E+001  0.177000E+002 -0.200000E+002  0.162885E-002 -0.198867E-002  0.257059E-002 -0.212038E-002  0.143691E-002  0.256139E-002  0.120000E+002  0.200000E+001  0.100000E+001  0.500000E+000  0.300000E+000  0.200000E+001  0.100000E+001  0.100000E+001  0.100000E+002
 -0.274188E+002  0.384353E+001  0.181000E+002 -0.200000E+002  0.262419E-002 -0.919608E-003  0.278065E-002 -0.272297E-002  0.154168E-003  0.272733E-002  0.120000E+002  0.200000E+001  0.100000E+001  0.500000E+000  0.300000E+000  0.200000E+001  0.100000E+001  0.100000E+001  0.100000E+002
 -0.269101E+002  0.391062E+001  0.185000E+002 -0.200000E+002  0.292977E-002  0.637323E-003  0.299829E-002 -0.255965E-002 -0.135278E-002  0.289513E-002  0.120000E+002  0.200000E+001  0.100000E+001  0.500000E+000  0.300000E+000  0.200000E+001  0.100000E+001  0.100000E+001  0.100000E+002
 -0.264186E+002  0.397800E+001  0.189000E+002 -0.200000E+002  0.231552E-002  0.224153E-002  0.322275E-002 -0.157058E-002 -0.263069E-002  0.306387E-002  0.120000E+002  0.200000E+001  0.100000E+001  0.500000E+000  0.300000E+000  0.200000E+001  0.100000E+001  0.100000E+001  0.100000E+002
 -0.259435E+002  0.404566E+001  0.193000E+002 -0.200000E+002  0.830985E-003  0.335169E-002  0.345316E-002  0.378241E-004 -0.323229E-002  0.323251E-002  0.120000E+002  0.200000E+001  0.100000E+001  0.500000E+000  0.300000E+000  0.200000E+001  0.100000E+001  0.100000E+001  0.100000E+002
 -0.254840E+002  0.411359E+001  0.197000E+002 -0.200000E+002 -0.115732E-002  0.350230E-002  0.368856E-002  0.182073E-002 -0.287138E-002  0.339998E-002  0.120000E+002  0.200000E+001  0.100000E+001  0.500000E+000  0.300000E+000  0.200000E+001  0.100000E+001  0.100000E+001  0.100000E+002
 -0.250395E+002  0.418178E+001  0.201000E+002 -0.200000E+002 -0.303947E-002  0.248795E-002  0.392789E-002  0.321202E-002 -0.154699E-002  0.356514E-002  0.120000E+002  0.200000E+001  0.100000E+001  0.500000E+000  0.300000E+000  0.200000E+001  0.100000E+001  0.100000E+001  0.100000E+002
 -0.246093E+002  0.425021E+001  0.205000E+002 -0.200000E+002 -0.414159E-002  0.485854E-003  0.416999E-002  0.370374E-002  0.414271E-003  0.372684E-002  0.120000E+002  0.200000E+001  0.100000E+001  0.500000E+000  0.300000E+000  0.200000E+001  0.100000E+001  0.100000E+001  0.100000E+002
 -0.241928E+002  0.431888E+001  0.209000E+002 -0.200000E+002 -0.396302E-002 -0.194293E-002  0.441367E-002  0.303221E-002  0.242698E-002  0.388388E-002  0.120000E+002  0.200000E+001  0.100000E+001  0.500000E+000  0.300000E+000  0.200000E+001  0.100000E+001  0.100000E+001  0.100000E+002
 -0.237893E+002  0.438776E+001  0.213000E+002 -0.200000E+002 -0.239050E-002 -0.399744E-002  0.465768E-002  0.130323E-002  0.381887E-002  0.403511E-002  0.120000E+002  0.200000E+001  0.100000E+001  0.500000E+000  0.300000E+000  0.200000E+001  0.100000E+001  0.100000E+001  0.100000E+002
 -0.233983E+002  0.445686E+001  0.217000E+002 -0.200000E+002  0.198144E-003 -0.489673E-002  0.490074E-002 -0.999250E-003  0.405819E-002  0.417941E-002  0.120000E+002  0.200000E+001  0.100000E+001  0.500000E+000  0.300000E+000  0.200000E+001  0.100000E+001  0.100000E+001  0.100000E+002
 -0.230193E+002  0.452615E+001  0.221000E+002 -0.200000E+002  0.300083E-002 -0.417502E-002  0.514157E-002 -0.314090E-002  0.295973E-002  0.431570E-002  0.120000E+002  0.200000E+001  0.100000E+001  0.500000E+000  0.300000E+000  0.200000E+001  0.100000E+001  0.100000E+001  0.100000E+002
 -0.226517E+002  0.459564E+001  0.225000E+002 -0.200000E+002  0.503134E-002 -0.190228E-002  0.537894E-002 -0.437230E-002  0.789577E-003  0.444302E-002  0.120000E+002  0.200000E+001  0.100000E+001  0.500000E+000  0.300000E+000  0.200000E+001  0.100000E+001  0.100000E+001  0.100000E+002
 -0.222951E+002  0.466532E+001  0.229000E+002 -0.200000E+002  0.546643E-002  0.126837E-002  0.561165E-002 -0.419730E-002 -0.178354E-002  0.456052E-002  0.120000E+002  0.200000E+001  0.100000E+001  0.500000E+000  0.300000E+000  0.200000E+001  0.100000E+001  0.100000E+001  0.100000E+002
 -0.219489E+002  0.473516E+001  0.233000E+002 -0.200000E+002  0.397973E-002  0.427210E-002  0.583858E-002 -0.257761E-002 -0.389120E-002  0.466749E-002  0.120000E+002  0.200000E+001  0.100000E+001  0.500000E+000  0.300000E+000  0.200000E+001  0.100000E+001  0.100000E+001  0.100000E+002
 -0.216129E+002  0.480518E+001  0.237000E+002 -0.200000E+002  0.928239E-003  0.598720E-002  0.605873E-002  0.113687E-004 -0.476339E-002  0.476340E-002  0.120000E+002  0.200000E+001  0.100000E+001  0.500000E+000  0.300000E+000  0.200000E+001  0.100000E+001  0.100000E+001  0.100000E+002
 -0.212865E+002  0.487536E+001  0.241000E+002 -0.200000E+002 -0.270350E-002  0.565854E-002  0.627120E-002  0.271083E-002 -0.401914E-002  0.484789E-002  0.120000E+002  0.200000E+001  0.100000E+001  0.500000E+000  0.300000E+000  0.200000E+001  0.100000E+001  0.100000E+001  0.100000E+002
 -0.209694E+002  0.494569E+001  0.245000E+002 -0.200000E+002 -0.561223E-002  0.322987E-002  0.647527E-002  0.456468E-002 -0.183794E-002  0.492081E-002  0.120000E+002  0.200000E+001  0.100000E+001  0.500000E+000  0.300000E+000  0.200000E+001  0.100000E+001  0.100000E+001  0.100000E+002
 -0.206612E+002  0.501616E+001  0.249000E+002 -0.200000E+002 -0.664683E-002 -0.559720E-003  0.667036E-002  0.486697E-002  0.106540E-002  0.498221E-002  0.120000E+002  0.200000E+001  0.100000E+001  0.500000E+000  0.300000E+000  0.200000E+001  0.100000E+001  0.100000E+001  0.100000E+002
 -0.203616E+002  0.508678E+001  0.253000E+002 -0.200000E+002 -0.527205E-002 -0.438302E-002  0.685605E-002  0.344236E-002  0.367081E-002  0.503237E-002  0.120000E+002  0.200000E+001  0.100000E+001  0.500000E+000  0.300000E+000  0.200000E+001  0.100000E+001  0.100000E+001  0.100000E+002
 -0.200701E+002  0.515754E+001  0.257000E+002 -0.200000E+002 -0.183718E-002 -0.678788E-002  0.703211E-002  0.745601E-003  0.501664E-002  0.507175E-002  0.120000E+002  0.200000E+001  0.100000E+001  0.500000E+000  0.300000E+000  0.200000E+001  0.100000E+001  0.100000E+001  0.100000E+002
 -0.197866E+002  0.522842E+001  0.261000E+002 -0.200000E+002  0.248105E-002 -0.675740E-002  0.719848E-002 -0.227359E-002  0.456631E-002  0.510102E-002  0.120000E+002  0.200000E+001  0.100000E+001  0.500000E+000  0.300000E+000  0.200000E+001  0.100000E+001  0.100000E+001  0.100000E+002
 -0.195106E+002  0.529943E+001  0.265000E+002 -0.200000E+002  0.607287E-002 -0.414969E-002  0.735525E-002 -0.450500E-002  0.243508E-002  0.512100E-002  0.120000E+002  0.200000E+001  0.100000E+001  0.500000E+000  0.300000E+000  0.200000E+001  0.100000E+001  0.100000E+001  0.100000E+002
 -0.192420E+002  0.537056E+001  0.269000E+002 -0.200000E+002  0.750063E-002  0.174519E-003  0.750266E-002 -0.509483E-002 -0.622048E-003  0.513266E-002  0.120000E+002  0.200000E+001  0.100000E+001  0.500000E+000  0.300000E+000  0.200000E+001  0.100000E+001  0.100000E+001  0.100000E+002
 -0.189803E+002  0.544180E+001  0.273000E+002 -0.200000E+002  0.608691E-002  0.461903E-002  0.764107E-002 -0.378583E-002 -0.347228E-002  0.513705E-002  0.120000E+002  0.200000E+001  0.100000E+001  0.500000E+000  0.300000E+000  0.200000E+001  0.100000E+001  0.100000E+001  0.100000E+002
 -0.187255E+002  0.551315E+001  0.277000E+002 -0.200000E+002  0.224208E-002  0.744043E-002  0.777090E-002 -0.104143E-002 -0.502855E-002  0.513526E-002  0.120000E+002  0.200000E+001  0.100000E+001  0.500000E+000  0.300000E+000  0.200000E+001  0.100000E+001  0.100000E+001  0.100000E+002
 -0.184772E+002  0.558461E+001  0.281000E+002 -0.200000E+002 -0.262694E-002  0.744267E-002  0.789266E-002  0.210821E-002 -0.467503E-002  0.512840E-002  0.120000E+002  0.200000E+001  0.100000E+001  0.500000E+000  0.300000E+000  0.200000E+001  0.100000E+001  0.100000E+001  0.100000E+002
 -0.182351E+002  0.565617E+001  0.285000E+002 -0.200000E+002 -0.662377E-002  0.449838E-002  0.800686E-002  0.445137E-002 -0.252468E-002  0.511749E-002  0.120000E+002  0.200000E+001  0.100000E+001  0.500000E+000  0.300000E+000  0.200000E+001  0.100000E+001  0.100000E+001  0.100000E+002
 -0.179991E+002  0.572783E+001  0.289000E+002 -0.200000E+002 -0.810712E-002 -0.333738E-003  0.811399E-002  0.506767E-002  0.603265E-003  0.510345E-002  0.120000E+002  0.200000E+001  0.100000E+001  0.500000E+000  0.300000E+000  0.200000E+001  0.100000E+001  0.100000E+001  0.100000E+002
 -0.177689E+002  0.579959E+001  0.293000E+002 -0.200000E+002 -0.637927E-002 -0.517519E-002  0.821448E-002  0.370166E-002  0.348939E-002  0.508706E-002  0.120000E+002  0.200000E+001  0.100000E+001  0.500000E+000  0.300000E+000  0.200000E+001  0.100000E+001  0.100000E+001  0.100000E+002
 -0.175444E+002  0.587144E+001  0.297000E+002 -0.200000E+002 -0.202527E-002 -0.805808E-002  0.830870E-002  0.881187E-003  0.499169E-002  0.506887E-002  0.120000E+002  0.200000E+001  0.100000E+001  0.500000E+000  0.300000E+000  0.200000E+001  0.100000E+001  0.100000E+001  0.100000E+002
 -0.173253E+002  0.594337E+001  0.301000E+002 -0.200000E+002  0.326390E-002 -0.773660E-002  0.839691E-002 -0.227772E-002  0.450632E-002  0.504925E-002  0.120000E+002  0.200000E+001  0.100000E+001  0.500000E+000  0.300000E+000  0.200000E+001  0.100000E+001  0.100000E+001  0.100000E+002
 -0.171114E+002  0.601539E+001  0.305000E+002 -0.200000E+002  0.734249E-002 -0.424094E-002  0.847925E-002 -0.451067E-002  0.222214E-002  0.502833E-002  0.120000E+002  0.200000E+001  0.100000E+001  0.500000E+000  0.300000E+000  0.200000E+001  0.100000E+001  0.100000E+001  0.100000E+002
 -0.169026E+002  0.608749E+001  0.309000E+002 -0.200000E+002  0.848769E-002  0.107727E-002  0.855578E-002 -0.491648E-002 -0.942655E-003  0.500603E-002  0.120000E+002  0.200000E+001  0.100000E+001  0.500000E+000  0.300000E+000  0.200000E+001  0.100000E+001  0.100000E+001  0.100000E+002
 -0.166987E+002  0.615967E+001  0.313000E+002 -0.200000E+002  0.614236E-002  0.605691E-002  0.862640E-002 -0.333075E-002 -0.370505E-002  0.498210E-002  0.120000E+002  0.200000E+001  0.100000E+001  0.500000E+000  0.300000E+000  0.200000E+001  0.100000E+001  0.100000E+001  0.100000E+002
 -0.164995E+002  0.623193E+001  0.317000E+002 -0.200000E+002  0.119745E-002  0.860809E-002  0.869098E-002 -0.402747E-003 -0.493974E-002  0.495613E-002  0.120000E+002  0.200000E+001  0.100000E+001  0.500000E+000  0.300000E+000  0.200000E+001  0.100000E+001  0.100000E+001  0.100000E+002
 -0.163049E+002  0.630426E+001  0.321000E+002 -0.200000E+002 -0.433156E-002  0.760182E-002  0.874929E-002  0.266414E-002 -0.414534E-002  0.492763E-002  0.120000E+002  0.200000E+001  0.100000E+001  0.500000E+000  0.300000E+000  0.200000E+001  0.100000E+001  0.100000E+001  0.100000E+002
 -0.161147E+002  0.637666E+001  0.325000E+002 -0.200000E+002 -0.812393E-002  0.338538E-002  0.880109E-002  0.460687E-002 -0.165773E-002  0.489605E-002  0.120000E+002  0.200000E+001  0.100000E+001  0.500000E+000  0.300000E+000  0.200000E+001  0.100000E+001  0.100000E+001  0.100000E+002
 -0.159288E+002  0.644913E+001  0.329000E+002 -0.200000E+002 -0.853719E-002 -0.231742E-002  0.884613E-002  0.462871E-002  0.148438E-002  0.486090E-002  0.120000E+002  0.200000E+001  0.100000E+001  0.500000E+000  0.300000E+000  0.200000E+001  0.100000E+001  0.100000E+001  0.100000E+002
 -0.157470E+002  0.652166E+001  0.333000E+002 -0.200000E+002 -0.533416E-002 -0.710467E-002  0.888423E-002  0.273504E-002  0.397100E-002  0.482175E-002  0.120000E+002  0.200000E+001  0.100000E+001  0.500000E+000  0.300000E+000  0.200000E+001  0.100000E+001  0.100000E+001  0.100000E+002
 -0.155692E+002  0.659426E+001  0.337000E+002 -0.200000E+002  0.174033E-003 -0.891356E-002  0.891526E-002 -0.266638E-003  0.477086E-002  0.477831E-002  0.120000E+002  0.200000E+001  0.100000E+001  0.500000E+000  0.300000E+000  0.200000E+001  0.100000E+001  0.100000E+001  0.100000E+002
 -0.153953E+002  0.666693E+001  0.341000E+002 -0.200000E+002  0.565462E-002 -0.692349E-002  0.893921E-002 -0.310677E-002  0.356721E-002  0.473043E-002  0.120000E+002  0.200000E+001  0.100000E+001  0.500000E+000  0.300000E+000  0.200000E+001  0.100000E+001  0.100000E+001  0.100000E+002
 -0.152251E+002  0.673965E+001  0.345000E+002 -0.200000E+002  0.874264E-002 -0.194397E-002  0.895616E-002 -0.459244E-002  0.891697E-003  0.467820E-002  0.120000E+002  0.200000E+001  0.100000E+001  0.500000E+000  0.300000E+000  0.200000E+001  0.100000E+001  0.100000E+001  0.100000E+002
 -0.150586E+002  0.681243E+001  0.349000E+002 -0.200000E+002  0.807313E-002  0.390130E-002  0.896636E-002 -0.411518E-002 -0.210407E-002  0.462188E-002  0.120000E+002  0.200000E+001  0.100000E+001  0.500000E+000  0.300000E+000  0.200000E+001  0.100000E+001  0.100000E+001  0.100000E+002
 -0.148956E+002  0.688527E+001  0.353000E+002 -0.200000E+002  0.390075E-002  0.807762E-002  0.897016E-002 -0.190878E-002 -0.414340E-002  0.456193E-002  0.120000E+002  0.200000E+001  0.100000E+001  0.500000E+000  0.300000E+000  0.200000E+001  0.100000E+001  0.100000E+001  0.100000E+002
 -0.147360E+002  0.695816E+001  0.357000E+002 -0.200000E+002 -0.198061E-002  0.874660E-002  0.896804E-002  0.105575E-002 -0.437336E-002  0.449899E-002  0.120000E+002  0.200000E+001  0.100000E+001  0.500000E+000  0.300000E+000  0.200000E+001  0.100000E+001  0.100000E+001  0.100000E+002
 -0.145797E+002  0.703110E+001  0.361000E+002 -0.200000E+002 -0.700264E-002  0.559064E-002  0.896059E-002  0.349407E-002 -0.272952E-002  0.443382E-002  0.120000E+002  0.200000E+001  0.100000E+001  0.500000E+000  0.300000E+000  0.200000E+001  0.100000E+001  0.100000E+001  0.100000E+002
 -0.144266E+002  0.710410E+001  0.365000E+002 -0.200000E+002 -0.894841E-002 -0.215030E-004  0.894843E-002  0.436708E-002  0.428623E-004  0.436729E-002  0.120000E+002  0.200000E+001  0.100000E+001  0.500000E+000  0.300000E+000  0.200000E+001  0.100000E+001  0.100000E+001  0.100000E+002
 -0.142766E+002  0.717714E+001  0.369000E+002 -0.200000E+002 -0.694384E-002 -0.561855E-002  0.893224E-002  0.333022E-002  0.272068E-002  0.430029E-002  0.120000E+002  0.200000E+001  0.100000E+001  0.500000E+000  0.300000E+000  0.200000E+001  0.100000E+001  0.100000E+001  0.100000E+002
 -0.141297E+002  0.725024E+001  0.373000E+002 -0.200000E+002 -0.186598E-002 -0.871516E-002  0.891268E-002  0.876179E-003  0.414200E-002  0.423366E-002  0.120000E+002  0.200000E+001  0.100000E+001  0.500000E+000  0.300000E+000  0.200000E+001  0.100000E+001  0.100000E+001  0.100000E+002
 -0.139857E+002  0.732338E+001  0.377000E+002 -0.200000E+002  0.402866E-002 -0.792516E-002  0.889035E-002 -0.189110E-002  0.371448E-002  0.416816E-002  0.120000E+002  0.200000E+001  0.100000E+001  0.500000E+000  0.300000E+000  0.200000E+001  0.100000E+001  0.100000E+001  0.100000E+002
 -0.138445E+002  0.739656E+001  0.381000E+002 -0.200000E+002  0.810348E-002 -0.359661E-002  0.886578E-002 -0.374999E-002  0.166842E-002  0.410440E-002  0.120000E+002  0.200000E+001  0.100000E+001  0.500000E+000  0.300000E+000  0.200000E+001  0.100000E+001  0.100000E+001  0.100000E+002
 -0.137062E+002  0.746979E+001  0.385000E+002 -0.200000E+002  0.852720E-002  0.232839E-002  0.883938E-002 -0.390233E-002 -0.105633E-002  0.404277E-002  0.120000E+002  0.200000E+001  0.100000E+001  0.500000E+000  0.300000E+000  0.200000E+001  0.100000E+001  0.100000E+001  0.100000E+002
 -0.135705E+002  0.754306E+001  0.389000E+002 -0.200000E+002  0.510943E-002  0.717877E-002  0.881141E-002 -0.232091E-002 -0.323749E-002  0.398346E-002  0.120000E+002  0.200000E+001  0.100000E+001  0.500000E+000  0.300000E+000  0.200000E+001  0.100000E+001  0.100000E+001  0.100000E+002
 -0.134374E+002  0.761638E+001  0.393000E+002 -0.200000E+002 -0.600546E-003  0.876148E-002  0.878204E-002  0.250276E-003 -0.391845E-002  0.392643E-002  0.120000E+002  0.200000E+001  0.100000E+001  0.500000E+000  0.300000E+000  0.200000E+001  0.100000E+001  0.100000E+001  0.100000E+002
 -0.133068E+002  0.768973E+001  0.397000E+002 -0.200000E+002 -0.600785E-002  0.636319E-002  0.875125E-002  0.264066E-002 -0.283104E-002  0.387142E-002  0.120000E+002  0.200000E+001  0.100000E+001  0.500000E+000  0.300000E+000  0.200000E+001  0.100000E+001  0.100000E+001  0.100000E+002
 -0.131787E+002  0.776312E+001  0.401000E+002 -0.200000E+002 -0.865127E-002  0.108436E-002  0.871896E-002  0.378456E-002 -0.504155E-003  0.381799E-002  0.120000E+002  0.200000E+001  0.100000E+001  0.500000E+000  0.300000E+000  0.200000E+001  0.100000E+001  0.100000E+001  0.100000E+002
 -0.130531E+002  0.783656E+001  0.405000E+002 -0.200000E+002 -0.733126E-002 -0.465632E-002  0.868497E-002  0.319823E-002  0.198772E-002  0.376560E-002  0.120000E+002  0.200000E+001  0.100000E+001  0.500000E+000  0.300000E+000  0.200000E+001  0.100000E+001  0.100000E+001  0.100000E+002
 -0.129297E+002  0.791002E+001  0.409000E+002 -0.200000E+002 -0.266582E-002 -0.822797E-002  0.864905E-002  0.118756E-002  0.351862E-002  0.371362E-002  0.120000E+002  0.200000E+001  0.100000E+001  0.500000E+000  0.300000E+000  0.200000E+001  0.100000E+001  0.100000E+001  0.100000E+002
 -0.128086E+002  0.798353E+001  0.413000E+002 -0.200000E+002  0.318878E-002 -0.799877E-002  0.861096E-002 -0.130483E-002  0.342107E-002  0.366146E-002  0.120000E+002  0.200000E+001  0.100000E+001  0.500000E+000  0.300000E+000  0.200000E+001  0.100000E+001  0.100000E+001  0.100000E+002
 -0.126898E+002  0.805707E+001  0.417000E+002 -0.200000E+002  0.753059E-002 -0.409187E-002  0.857048E-002 -0.313902E-002  0.177998E-002  0.360857E-002  0.120000E+002  0.200000E+001  0.100000E+001  0.500000E+000  0.300000E+000  0.200000E+001  0.100000E+001  0.100000E+001  0.100000E+002
 -0.125730E+002  0.813064E+001  0.421000E+002 -0.200000E+002  0.836251E-002  0.166918E-002  0.852747E-002 -0.349993E-002 -0.620704E-003  0.355454E-002  0.120000E+002  0.200000E+001  0.100000E+001  0.500000E+000  0.300000E+000  0.200000E+001  0.100000E+001  0.100000E+001  0.100000E+002
 -0.124584E+002  0.820425E+001  0.425000E+002 -0.200000E+002  0.532003E-002  0.660601E-002  0.848187E-002 -0.226226E-002 -0.266948E-002  0.349914E-002  0.120000E+002  0.200000E+001  0.100000E+001  0.500000E+000  0.300000E+000  0.200000E+001  0.100000E+001  0.100000E+001  0.100000E+002
 -0.123458E+002  0.827789E+001  0.429000E+002 -0.200000E+002 -0.159229E-003  0.843223E-002  0.843373E-002 -0.334094E-004 -0.344213E-002  0.344229E-002  0.120000E+002  0.200000E+001  0.100000E+001  0.500000E+000  0.300000E+000  0.200000E+001  0.100000E+001  0.100000E+001  0.100000E+002
 -0.122352E+002  0.835156E+001  0.433000E+002 -0.200000E+002 -0.550776E-002  0.632006E-002  0.838323E-002  0.214055E-002 -0.262118E-002  0.338416E-002  0.120000E+002  0.200000E+001  0.100000E+001  0.500000E+000  0.300000E+000  0.200000E+001  0.100000E+001  0.100000E+001  0.100000E+002
 -0.121266E+002  0.842526E+001  0.437000E+002 -0.200000E+002 -0.823088E-002  0.128543E-002  0.833065E-002  0.326514E-002 -0.628413E-003  0.332506E-002  0.120000E+002  0.200000E+001  0.100000E+001  0.500000E+000  0.300000E+000  0.200000E+001  0.100000E+001  0.100000E+001  0.100000E+002
 -0.120198E+002  0.849899E+001  0.441000E+002 -0.200000E+002 -0.707634E-002 -0.429227E-002  0.827636E-002  0.285439E-002  0.158613E-002  0.326548E-002  0.120000E+002  0.200000E+001  0.100000E+001  0.500000E+000  0.300000E+000  0.200000E+001  0.100000E+001  0.100000E+001  0.100000E+002
 -0.119149E+002  0.857275E+001  0.445000E+002 -0.200000E+002 -0.261954E-002 -0.779227E-002  0.822079E-002  0.114353E-002  0.299513E-002  0.320600E-002  0.120000E+002  0.200000E+001  0.100000E+001  0.500000E+000  0.300000E+000  0.200000E+001  0.100000E+001  0.100000E+001  0.100000E+002
 -0.118117E+002  0.864654E+001  0.449000E+002 -0.200000E+002  0.301353E-002 -0.758789E-002  0.816440E-002 -0.103698E-002  0.297153E-002  0.314727E-002  0.120000E+002  0.200000E+001  0.100000E+001  0.500000E+000  0.300000E+000  0.200000E+001  0.100000E+001  0.100000E+001  0.100000E+002
 -0.117103E+002  0.872035E+001  0.453000E+002 -0.200000E+002  0.715618E-002 -0.381093E-002  0.810765E-002 -0.266129E-002  0.157005E-002  0.308990E-002  0.120000E+002  0.200000E+001  0.100000E+001  0.500000E+000  0.300000E+000  0.200000E+001  0.100000E+001  0.100000E+001  0.100000E+002
 -0.116106E+002  0.879419E+001  0.457000E+002 -0.200000E+002  0.786542E-002  0.171841E-002  0.805095E-002 -0.299046E-002 -0.514858E-003  0.303446E-002  0.120000E+002  0.200000E+001  0.100000E+001  0.500000E+000  0.300000E+000  0.200000E+001  0.100000E+001  0.100000E+001  0.100000E+002
 -0.115126E+002  0.886806E+001  0.461000E+002 -0.200000E+002  0.484011E-002  0.636294E-002  0.799460E-002 -0.191033E-002 -0.228891E-002  0.298135E-002  0.120000E+002  0.200000E+001  0.100000E+001  0.500000E+000  0.300000E+000  0.200000E+001  0.100000E+001  0.100000E+001  0.100000E+002
 -0.114161E+002  0.894196E+001  0.465000E+002 -0.200000E+002 -0.444450E-003  0.792639E-002  0.793885E-002  0.306364E-004 -0.293068E-002  0.293084E-002  0.120000E+002  0.200000E+001  0.100000E+001  0.500000E+000  0.300000E+000  0.200000E+001  0.100000E+001  0.100000E+001  0.100000E+002
 -0.113213E+002  0.901587E+001  0.469000E+002 -0.200000E+002 -0.544937E-002  0.569722E-002  0.788378E-002  0.189510E-002 -0.217257E-002  0.288297E-002  0.120000E+002  0.200000E+001  0.100000E+001  0.500000E+000  0.300000E+000  0.200000E+001  0.100000E+001  0.100000E+001  0.100000E+002
 -0.112280E+002  0.908982E+001  0.473000E+002 -0.200000E+002 -0.779050E-002  0.779277E-003  0.782938E-002  0.280739E-002 -0.412808E-003  0.283758E-002  0.120000E+002  0.200000E+001  0.100000E+001  0.500000E+000  0.300000E+000  0.200000E+001  0.100000E+001  0.100000E+001  0.100000E+002
 -0.111362E+002  0.916378E+001  0.477000E+002 -0.200000E+002 -0.637784E-002 -0.444768E-002  0.777552E-002  0.236460E-002  0.148900E-002  0.279436E-002  0.120000E+002  0.200000E+001  0.100000E+001  0.500000E+000  0.300000E+000  0.200000E+001  0.100000E+001  0.100000E+001  0.100000E+002
 -0.110459E+002  0.923777E+001  0.481000E+002 -0.200000E+002 -0.192926E-002 -0.747711E-002  0.772199E-002  0.814985E-003  0.262943E-002  0.275283E-002  0.120000E+002  0.200000E+001  0.100000E+001  0.500000E+000  0.300000E+000  0.200000E+001  0.100000E+001  0.100000E+001  0.100000E+002
 -0.109570E+002  0.931179E+001  0.485000E+002 -0.200000E+002  0.338689E-002 -0.688007E-002  0.766853E-002 -0.107594E-002  0.248992E-002  0.271244E-002  0.120000E+002  0.200000E+001  0.100000E+001  0.500000E+000  0.300000E+000  0.200000E+001  0.100000E+001  0.100000E+001  0.100000E+002
 -0.108695E+002  0.938582E+001  0.489000E+002 -0.200000E+002  0.700550E-002 -0.298476E-002  0.761484E-002 -0.240149E-002  0.117291E-002  0.267261E-002  0.120000E+002  0.200000E+001  0.100000E+001  0.500000E+000  0.300000E+000  0.200000E+001  0.100000E+001  0.100000E+001  0.100000E+002
 -0.107834E+002  0.945988E+001  0.493000E+002 -0.200000E+002  0.720391E-002  0.229508E-002  0.756067E-002 -0.254806E-002 -0.662603E-003  0.263280E-002  0.120000E+002  0.200000E+001  0.100000E+001  0.500000E+000  0.300000E+000  0.200000E+001  0.100000E+001  0.100000E+001  0.100000E+002
 -0.106986E+002  0.953396E+001  0.497000E+002 -0.200000E+002  0.392680E-002  0.639664E-002  0.750578E-002 -0.147968E-002 -0.212885E-002  0.259258E-002  0.120000E+002  0.200000E+001  0.100000E+001  0.500000E+000  0.300000E+000  0.200000E+001  0.100000E+001  0.100000E+001  0.100000E+002
 -0.106151E+002  0.960805E+001  0.501000E+002 -0.200000E+002 -0.120074E-002  0.735265E-002  0.745005E-002  0.259756E-003 -0.253837E-002  0.255163E-002  0.120000E+002  0.200000E+001  0.100000E+001  0.500000E+000  0.300000E+000  0.200000E+001  0.100000E+001  0.100000E+001  0.100000E+002
 -0.105330E+002  0.968217E+001  0.505000E+002 -0.200000E+002 -0.567471E-002  0.473927E-002  0.739344E-002  0.182116E-002 -0.172701E-002  0.250982E-002  0.120000E+002  0.200000E+001  0.100000E+001  0.500000E+000  0.300000E+000  0.200000E+001  0.100000E+001  0.100000E+001  0.100000E+002
 -0.104520E+002  0.975631E+001  0.509000E+002 -0.200000E+002 -0.733484E-002 -0.131896E-003  0.733602E-002  0.246433E-002 -0.118757E-003  0.246719E-002  0.120000E+002  0.200000E+001  0.100000E+001  0.500000E+000  0.300000E+000  0.200000E+001  0.100000E+001  0.100000E+001  0.100000E+002
 -0.103723E+002  0.983047E+001  0.513000E+002 -0.200000E+002 -0.541126E-002 -0.486692E-002  0.727796E-002  0.190967E-002  0.149291E-002  0.242396E-002  0.120000E+002  0.200000E+001  0.100000E+001  0.500000E+000  0.300000E+000  0.200000E+001  0.100000E+001  0.100000E+001  0.100000E+002
 -0.102938E+002  0.990464E+001  0.517000E+002 -0.200000E+002 -0.886268E-003 -0.716490E-002  0.721950E-002  0.460040E-003  0.233562E-002  0.238049E-002  0.120000E+002  0.200000E+001  0.100000E+001  0.500000E+000  0.300000E+000  0.200000E+001  0.100000E+001  0.100000E+001  0.100000E+002
 -0.102164E+002  0.997883E+001  0.521000E+002 -0.200000E+002  0.400135E-002 -0.593873E-002  0.716096E-002 -0.116043E-002  0.202881E-002  0.233724E-002  0.120000E+002  0.200000E+001  0.100000E+001  0.500000E+000  0.300000E+000  0.200000E+001  0.100000E+001  0.100000E+001  0.100000E+002
 -0.101402E+002  0.100530E+002  0.525000E+002 -0.200000E+002  0.686178E-002 -0.183406E-002  0.710266E-002 -0.216645E-002  0.756420E-003  0.229471E-002  0.120000E+002  0.200000E+001  0.100000E+001  0.500000E+000  0.300000E+000  0.200000E+001  0.100000E+001  0.100000E+001  0.100000E+002
 -0.100651E+002  0.101273E+002  0.529000E+002 -0.200000E+002  0.632435E-002  0.310384E-002  0.704494E-002 -0.209211E-002 -0.837238E-003  0.225341E-002  0.120000E+002  0.200000E+001  0.100000E+001  0.500000E+000  0.300000E+000  0.200000E+001  0.100000E+001  0.100000E+001  0.100000E+002
 -0.999108E+001  0.102015E+002  0.533000E+002 -0.200000E+002  0.269844E-002  0.644605E-002  0.698807E-002 -0.100727E-002 -0.197136E-002  0.221379E-002  0.120000E+002  0.200000E+001  0.100000E+001  0.500000E+000  0.300000E+000  0.200000E+001  0.100000E+001  0.100000E+001  0.100000E+002
 -0.991814E+001  0.102758E+002  0.537000E+002 -0.200000E+002 -0.219566E-002  0.657535E-002  0.693226E-002  0.530761E-003 -0.211044E-002  0.217616E-002  0.120000E+002  0.200000E+001  0.100000E+001  0.500000E+000  0.300000E+000  0.200000E+001  0.100000E+001  0.100000E+001  0.100000E+002
 -0.984625E+001  0.103501E+002  0.541000E+002 -0.200000E+002 -0.593685E-002  0.347211E-002  0.687762E-002  0.176087E-002 -0.121733E-002  0.214069E-002  0.120000E+002  0.200000E+001  0.100000E+001  0.500000E+000  0.300000E+000  0.200000E+001  0.100000E+001  0.100000E+001  0.100000E+002
 -0.977538E+001  0.104244E+002  0.545000E+002 -0.200000E+002 -0.670053E-002 -0.129314E-002  0.682417E-002  0.209342E-002  0.242210E-003  0.210739E-002  0.120000E+002  0.200000E+001  0.100000E+001  0.500000E+000  0.300000E+000  0.200000E+001  0.100000E+001  0.100000E+001  0.100000E+002
 -0.970552E+001  0.104987E+002  0.549000E+002 -0.200000E+002 -0.415102E-002 -0.535038E-002  0.677182E-002  0.139258E-002  0.153973E-002  0.207606E-002  0.120000E+002  0.200000E+001  0.100000E+001  0.500000E+000  0.300000E+000  0.200000E+001  0.100000E+001  0.100000E+001  0.100000E+002
 -0.963664E+001  0.105730E+002  0.553000E+002 -0.200000E+002  0.409114E-003 -0.670793E-002  0.672040E-002  0.303683E-004  0.204617E-002  0.204640E-002  0.120000E+002  0.200000E+001  0.100000E+001  0.500000E+000  0.300000E+000  0.200000E+001  0.100000E+001  0.100000E+001  0.100000E+002
 -0.956872E+001  0.106473E+002  0.557000E+002 -0.200000E+002  0.470036E-002 -0.473191E-002  0.666966E-002 -0.130844E-002  0.153627E-002  0.201796E-002  0.120000E+002  0.200000E+001  0.100000E+001  0.500000E+000  0.300000E+000  0.200000E+001  0.100000E+001  0.100000E+001  0.100000E+002
 -0.950174E+001  0.107217E+002  0.561000E+002 -0.200000E+002  0.660439E-002 -0.444706E-003  0.661934E-002 -0.196931E-002  0.287947E-003  0.199025E-002  0.120000E+002  0.200000E+001  0.100000E+001  0.500000E+000  0.300000E+000  0.200000E+001  0.100000E+001  0.100000E+001  0.100000E+002
 -0.943568E+001  0.107961E+002  0.565000E+002 -0.200000E+002  0.521111E-002  0.399981E-002  0.656918E-002 -0.164743E-002 -0.106701E-002  0.196279E-002  0.120000E+002  0.200000E+001  0.100000E+001  0.500000E+000  0.300000E+000  0.200000E+001  0.100000E+001  0.100000E+001  0.100000E+002
 -0.937053E+001  0.108705E+002  0.569000E+002 -0.200000E+002  0.125617E-002  0.639675E-002  0.651893E-002 -0.527798E-003 -0.186176E-002  0.193513E-002  0.120000E+002  0.200000E+001  0.100000E+001  0.500000E+000  0.300000E+000  0.200000E+001  0.100000E+001  0.100000E+001  0.100000E+002
 -0.930627E+001  0.109449E+002  0.573000E+002 -0.200000E+002 -0.326291E-002  0.558514E-002  0.646841E-002  0.818415E-003 -0.172240E-002  0.190695E-002  0.120000E+002  0.200000E+001  0.100000E+001  0.500000E+000  0.300000E+000  0.200000E+001  0.100000E+001  0.100000E+001  0.100000E+002
 -0.924287E+001  0.110193E+002  0.577000E+002 -0.200000E+002 -0.609377E-002  0.201270E-002  0.641755E-002  0.172450E-002 -0.743740E-003  0.187804E-002  0.120000E+002  0.200000E+001  0.100000E+001  0.500000E+000  0.300000E+000  0.200000E+001  0.100000E+001  0.100000E+001  0.100000E+002
 -0.918032E+001  0.110937E+002  0.581000E+002 -0.200000E+002 -0.585255E-002 -0.250555E-002  0.636633E-002  0.175839E-002  0.569678E-003  0.184837E-002  0.120000E+002  0.200000E+001  0.100000E+001  0.500000E+000  0.300000E+000  0.200000E+001  0.100000E+001  0.100000E+001  0.100000E+002
 -0.911861E+001  0.111681E+002  0.585000E+002 -0.200000E+002 -0.270285E-002 -0.570717E-002  0.631484E-002  0.929002E-003  0.156277E-002  0.181805E-002  0.120000E+002  0.200000E+001  0.100000E+001  0.500000E+000  0.300000E+000  0.200000E+001  0.100000E+001  0.100000E+001  0.100000E+002
 -0.905771E+001  0.112426E+002  0.589000E+002 -0.200000E+002  0.174418E-002 -0.601550E-002  0.626326E-002 -0.330012E-003  0.175659E-002  0.178732E-002  0.120000E+002  0.200000E+001  0.100000E+001  0.500000E+000  0.300000E+000  0.200000E+001  0.100000E+001  0.100000E+001  0.100000E+002
 -0.899762E+001  0.113170E+002  0.593000E+002 -0.200000E+002  0.525121E-002 -0.331832E-002  0.621180E-002 -0.138549E-002  0.107974E-002  0.175654E-002  0.120000E+002  0.200000E+001  0.100000E+001  0.500000E+000  0.300000E+000  0.200000E+001  0.100000E+001  0.100000E+001  0.100000E+002
 -0.893831E+001  0.113915E+002  0.597000E+002 -0.200000E+002  0.608007E-002  0.993707E-003  0.616074E-002 -0.172279E-002 -0.107335E-003  0.172613E-002  0.120000E+002  0.200000E+001  0.100000E+001  0.500000E+000  0.300000E+000  0.200000E+001  0.100000E+001  0.100000E+001  0.100000E+002
 -0.887977E+001  0.114660E+002  0.601000E+002 -0.200000E+002  0.385501E-002  0.474078E-002  0.611033E-002 -0.119699E-002 -0.120226E-002  0.169653E-002  0.120000E+002  0.200000E+001  0.100000E+001  0.500000E+000  0.300000E+000  0.200000E+001  0.100000E+001  0.100000E+001  0.100000E+002
 -0.882199E+001  0.115405E+002  0.605000E+002 -0.200000E+002 -0.265725E-003  0.605498E-002  0.606081E-002 -0.946313E-004 -0.166544E-002  0.166813E-002  0.120000E+002  0.200000E+001  0.100000E+001  0.500000E+000  0.300000E+000  0.200000E+001  0.100000E+001  0.100000E+001  0.100000E+002
 -0.876495E+001  0.116150E+002  0.609000E+002 -0.200000E+002 -0.418921E-002  0.431262E-002  0.601234E-002  0.101994E-002 -0.128584E-002  0.164124E-002  0.120000E+002  0.200000E+001  0.100000E+001  0.500000E+000  0.300000E+000  0.200000E+001  0.100000E+001  0.100000E+001  0.100000E+002
 -0.870863E+001  0.116895E+002  0.613000E+002 -0.200000E+002 -0.594937E-002  0.431944E-003  0.596503E-002  0.159213E-002 -0.276902E-003  0.161603E-002  0.120000E+002  0.200000E+001  0.100000E+001  0.500000E+000  0.300000E+000  0.200000E+001  0.100000E+001  0.100000E+001  0.100000E+002
 -0.865303E+001  0.117641E+002  0.617000E+002 -0.200000E+002 -0.469280E-002 -0.360704E-002  0.591888E-002  0.135247E-002  0.840825E-003  0.159254E-002  0.120000E+002  0.200000E+001  0.100000E+001  0.500000E+000  0.300000E+000  0.200000E+001  0.100000E+001  0.100000E+001  0.100000E+002
 -0.859813E+001  0.118386E+002  0.621000E+002 -0.200000E+002 -0.109413E-002 -0.577102E-002  0.587382E-002  0.443160E-003  0.150683E-002  0.157064E-002  0.120000E+002  0.200000E+001  0.100000E+001  0.500000E+000  0.300000E+000  0.200000E+001  0.100000E+001  0.100000E+001  0.100000E+002
 -0.854392E+001  0.119132E+002  0.625000E+002 -0.200000E+002  0.300232E-002 -0.499714E-002  0.582969E-002 -0.663584E-003  0.140087E-002  0.155009E-002  0.120000E+002  0.200000E+001  0.100000E+001  0.500000E+000  0.300000E+000  0.200000E+001  0.100000E+001  0.100000E+001  0.100000E+002
 -0.849038E+001  0.119877E+002  0.629000E+002 -0.200000E+002  0.552586E-002 -0.171640E-002  0.578629E-002 -0.140953E-002  0.596449E-003  0.153053E-002  0.120000E+002  0.200000E+001  0.100000E+001  0.500000E+000  0.300000E+000  0.200000E+001  0.100000E+001  0.100000E+001  0.100000E+002
 -0.843750E+001  0.120623E+002  0.633000E+002 -0.200000E+002  0.522608E-002  0.238210E-002  0.574338E-002 -0.143125E-002 -0.486059E-003  0.151153E-002  0.120000E+002  0.200000E+001  0.100000E+001  0.500000E+000  0.300000E+000  0.200000E+001  0.100000E+001  0.100000E+001  0.100000E+002
 -0.838528E+001  0.121369E+002  0.637000E+002 -0.200000E+002  0.229358E-002  0.521896E-002  0.570071E-002 -0.736695E-003 -0.129823E-002  0.149269E-002  0.120000E+002  0.200000E+001  0.100000E+001  0.500000E+000  0.300000E+000  0.200000E+001  0.100000E+001  0.100000E+001  0.100000E+002
 -0.833369E+001  0.122115E+002  0.641000E+002 -0.200000E+002 -0.175417E-002  0.537928E-002  0.565807E-002  0.308296E-003 -0.144101E-002  0.147362E-002  0.120000E+002  0.200000E+001  0.100000E+001  0.500000E+000  0.300000E+000  0.200000E+001  0.100000E+001  0.100000E+001  0.100000E+002
 -0.828272E+001  0.122861E+002  0.645000E+002 -0.200000E+002 -0.485616E-002  0.281948E-002  0.561532E-002  0.117207E-002 -0.860501E-003  0.145403E-002  0.120000E+002  0.200000E+001  0.100000E+001  0.500000E+000  0.300000E+000  0.200000E+001  0.100000E+001  0.100000E+001  0.100000E+002
 -0.823238E+001  0.123607E+002  0.649000E+002 -0.200000E+002 -0.545704E-002 -0.112776E-002  0.557235E-002  0.142749E-002  0.133835E-003  0.143375E-002  0.120000E+002  0.200000E+001  0.100000E+001  0.500000E+000  0.300000E+000  0.200000E+001  0.100000E+001  0.100000E+001  0.100000E+002
 -0.818263E+001  0.124354E+002  0.653000E+002 -0.200000E+002 -0.328806E-002 -0.444528E-002  0.552918E-002  0.963217E-003  0.103346E-002  0.141274E-002  0.120000E+002  0.200000E+001  0.100000E+001  0.500000E+000  0.300000E+000  0.200000E+001  0.100000E+001  0.100000E+001  0.100000E+002
 -0.813348E+001  0.125100E+002  0.657000E+002 -0.200000E+002  0.512932E-003 -0.546182E-002  0.548586E-002  0.314186E-004  0.139073E-002  0.139108E-002  0.120000E+002  0.200000E+001  0.100000E+001  0.500000E+000  0.300000E+000  0.200000E+001  0.100000E+001  0.100000E+001  0.100000E+002
 -0.808492E+001  0.125846E+002  0.661000E+002 -0.200000E+002  0.399602E-002 -0.369501E-002  0.544254E-002 -0.888061E-003  0.104188E-002  0.136900E-002  0.120000E+002  0.200000E+001  0.100000E+001  0.500000E+000  0.300000E+000  0.200000E+001  0.100000E+001  0.100000E+001  0.100000E+002
 -0.803692E+001  0.126593E+002  0.665000E+002 -0.200000E+002  0.539882E-002 -0.809979E-004  0.539943E-002 -0.133447E-002  0.181927E-003  0.134681E-002  0.120000E+002  0.200000E+001  0.100000E+001  0.500000E+000  0.300000E+000  0.200000E+001  0.100000E+001  0.100000E+001  0.100000E+002
 -0.798949E+001  0.127340E+002  0.669000E+002 -0.200000E+002  0.403892E-002  0.351875E-002  0.535672E-002 -0.109716E-002 -0.742635E-003  0.132487E-002  0.120000E+002  0.200000E+001  0.100000E+001  0.500000E+000  0.300000E+000  0.200000E+001  0.100000E+001  0.100000E+001  0.100000E+002
 -0.794261E+001  0.128086E+002  0.673000E+002 -0.200000E+002  0.647004E-003  0.527513E-002  0.531466E-002 -0.315100E-003 -0.126489E-002  0.130354E-002  0.120000E+002  0.200000E+001  0.100000E+001  0.500000E+000  0.300000E+000  0.200000E+001  0.100000E+001  0.100000E+001  0.100000E+002
 -0.789628E+001  0.128833E+002  0.677000E+002 -0.200000E+002 -0.302270E-002  0.432113E-002  0.527341E-002  0.602167E-003 -0.113311E-002  0.128318E-002  0.120000E+002  0.200000E+001  0.100000E+001  0.500000E+000  0.300000E+000  0.200000E+001  0.100000E+001  0.100000E+001  0.100000E+002
 -0.785048E+001  0.129580E+002  0.681000E+002 -0.200000E+002 -0.509813E-002  0.118089E-002  0.523311E-002  0.118787E-002 -0.432126E-003  0.126402E-002  0.120000E+002  0.200000E+001  0.100000E+001  0.500000E+000  0.300000E+000  0.200000E+001  0.100000E+001  0.100000E+001  0.100000E+002
 -0.780520E+001  0.130327E+002  0.685000E+002 -0.200000E+002 -0.454439E-002 -0.251486E-002  0.519384E-002  0.115497E-002  0.468108E-003  0.124623E-002  0.120000E+002  0.200000E+001  0.100000E+001  0.500000E+000  0.300000E+000  0.200000E+001  0.100000E+001  0.100000E+001  0.100000E+002
 -0.776044E+001  0.131074E+002  0.689000E+002 -0.200000E+002 -0.168056E-002 -0.487398E-002  0.515557E-002  0.536606E-003  0.110655E-002  0.122980E-002  0.120000E+002  0.200000E+001  0.100000E+001  0.500000E+000  0.300000E+000  0.200000E+001  0.100000E+001  0.100000E+001  0.100000E+002
 -0.771619E+001  0.131821E+002  0.693000E+002 -0.200000E+002  0.200007E-002 -0.471126E-002  0.511823E-002 -0.338731E-003  0.116643E-002  0.121462E-002  0.120000E+002  0.200000E+001  0.100000E+001  0.500000E+000  0.300000E+000  0.200000E+001  0.100000E+001  0.100000E+001  0.100000E+002
 -0.767244E+001  0.132568E+002  0.697000E+002 -0.200000E+002  0.460701E-002 -0.214447E-002  0.508166E-002 -0.102068E-002  0.631899E-003  0.120045E-002  0.120000E+002  0.200000E+001  0.100000E+001  0.500000E+000  0.300000E+000  0.200000E+001  0.100000E+001  0.100000E+001  0.100000E+002
 -0.762918E+001  0.133315E+002  0.701000E+002 -0.200000E+002  0.482306E-002  0.148222E-002  0.504568E-002 -0.116802E-002 -0.211308E-003  0.118698E-002  0.120000E+002  0.200000E+001  0.100000E+001  0.500000E+000  0.300000E+000  0.200000E+001  0.100000E+001  0.100000E+001  0.100000E+002
 -0.758639E+001  0.134063E+002  0.705000E+002 -0.200000E+002  0.257027E-002  0.430052E-002  0.501006E-002 -0.718867E-003 -0.927971E-003  0.117384E-002  0.120000E+002  0.200000E+001  0.100000E+001  0.500000E+000  0.300000E+000  0.200000E+001  0.100000E+001  0.100000E+001  0.100000E+002
 -0.754409E+001  0.134810E+002  0.709000E+002 -0.200000E+002 -0.965696E-003  0.487998E-002  0.497461E-002  0.846961E-004 -0.115758E-002  0.116068E-002  0.120000E+002  0.200000E+001  0.100000E+001  0.500000E+000  0.300000E+000  0.200000E+001  0.100000E+001  0.100000E+001  0.100000E+002
 -0.750225E+001  0.135558E+002  0.713000E+002 -0.200000E+002 -0.395808E-002  0.295447E-002  0.493916E-002  0.826695E-003 -0.795368E-003  0.114719E-002  0.120000E+002  0.200000E+001  0.100000E+001  0.500000E+000  0.300000E+000  0.200000E+001  0.100000E+001  0.100000E+001  0.100000E+002
 -0.746087E+001  0.136305E+002  0.717000E+002 -0.200000E+002 -0.488231E-002 -0.456203E-003  0.490357E-002  0.113245E-002 -0.392823E-004  0.113313E-002  0.120000E+002  0.200000E+001  0.100000E+001  0.500000E+000  0.300000E+000  0.200000E+001  0.100000E+001  0.100000E+001  0.100000E+002
 -0.741994E+001  0.137053E+002  0.721000E+002 -0.200000E+002 -0.329318E-002 -0.358476E-002  0.486781E-002  0.857736E-003  0.717704E-003  0.111840E-002  0.120000E+002  0.200000E+001  0.100000E+001  0.500000E+000  0.300000E+000  0.200000E+001  0.100000E+001  0.100000E+001  0.100000E+002
 -0.737945E+001  0.137801E+002  0.725000E+002 -0.200000E+002 -0.395450E-004 -0.483171E-002  0.483187E-002  0.156454E-003  0.109182E-002  0.110298E-002  0.120000E+002  0.200000E+001  0.100000E+001  0.500000E+000  0.300000E+000  0.200000E+001  0.100000E+001  0.100000E+001  0.100000E+002
 -0.733941E+001  0.138548E+002  0.729000E+002 -0.200000E+002  0.318727E-002 -0.358352E-002  0.479586E-002 -0.604746E-003  0.903231E-003  0.108699E-002  0.120000E+002  0.200000E+001  0.100000E+001  0.500000E+000  0.300000E+000  0.200000E+001  0.100000E+001  0.100000E+001  0.100000E+002
 -0.729979E+001  0.139296E+002  0.733000E+002 -0.200000E+002  0.473196E-002 -0.515070E-003  0.475991E-002 -0.103798E-002  0.262450E-003  0.107064E-002  0.120000E+002  0.200000E+001  0.100000E+001  0.500000E+000  0.300000E+000  0.200000E+001  0.100000E+001  0.100000E+001  0.100000E+002
 -0.726059E+001  0.140044E+002  0.737000E+002 -0.200000E+002  0.382469E-002  0.277303E-002  0.472419E-002 -0.931910E-003 -0.492903E-003  0.105423E-002  0.120000E+002  0.200000E+001  0.100000E+001  0.500000E+000  0.300000E+000  0.200000E+001  0.100000E+001  0.100000E+001  0.100000E+002
 -0.722181E+001  0.140792E+002  0.741000E+002 -0.200000E+002  0.965471E-003  0.458842E-002  0.468890E-002 -0.354999E-003 -0.975491E-003  0.103808E-002  0.120000E+002  0.200000E+001  0.100000E+001  0.500000E+000  0.300000E+000  0.200000E+001  0.100000E+001  0.100000E+001  0.100000E+002
 -0.718345E+001  0.141540E+002  0.745000E+002 -0.200000E+002 -0.234882E-002  0.401805E-002  0.465421E-002  0.386195E-003 -0.946762E-003  0.102250E-002  0.120000E+002  0.200000E+001  0.100000E+001  0.500000E+000  0.300000E+000  0.200000E+001  0.100000E+001  0.100000E+001  0.100000E+002
 -0.714548E+001  0.142288E+002  0.749000E+002 -0.200000E+002 -0.440685E-002  0.138805E-002  0.462028E-002  0.909085E-003 -0.434932E-003  0.100777E-002  0.120000E+002  0.200000E+001  0.100000E+001  0.500000E+000  0.300000E+000  0.200000E+001  0.100000E+001  0.100000E+001  0.100000E+002
 -0.710791E+001  0.143036E+002  0.753000E+002 -0.200000E+002 -0.416621E-002 -0.191963E-002  0.458719E-002  0.952093E-003  0.285861E-003  0.994082E-003  0.120000E+002  0.200000E+001  0.100000E+001  0.500000E+000  0.300000E+000  0.200000E+001  0.100000E+001  0.100000E+001  0.100000E+002
 -0.707073E+001  0.143785E+002  0.757000E+002 -0.200000E+002 -0.178186E-002 -0.419198E-002  0.455497E-002  0.505327E-003  0.841443E-003  0.981520E-003  0.120000E+002  0.200000E+001  0.100000E+001  0.500000E+000  0.300000E+000  0.200000E+001  0.100000E+001  0.100000E+001  0.100000E+002
 -0.703394E+001  0.144533E+002  0.761000E+002 -0.200000E+002  0.148865E-002 -0.427161E-002  0.452358E-002 -0.190345E-003  0.951194E-003  0.970053E-003  0.120000E+002  0.200000E+001  0.100000E+001  0.500000E+000  0.300000E+000  0.200000E+001  0.100000E+001  0.100000E+001  0.100000E+002
 -0.699753E+001  0.145281E+002  0.765000E+002 -0.200000E+002  0.394703E-002 -0.214645E-002  0.449292E-002 -0.772351E-003  0.569368E-003  0.959535E-003  0.120000E+002  0.200000E+001  0.100000E+001  0.500000E+000  0.300000E+000  0.200000E+001  0.100000E+001  0.100000E+001  0.100000E+002
 -0.696149E+001  0.146030E+002  0.769000E+002 -0.200000E+002  0.433558E-002  0.105814E-002  0.446284E-002 -0.944769E-003 -0.969444E-004  0.949730E-003  0.120000E+002  0.200000E+001  0.100000E+001  0.500000E+000  0.300000E+000  0.200000E+001  0.100000E+001  0.100000E+001  0.100000E+002
 -0.692582E+001  0.146778E+002  0.773000E+002 -0.200000E+002  0.248072E-002  0.367409E-002  0.443316E-002 -0.628300E-003 -0.699631E-003  0.940343E-003  0.120000E+002  0.200000E+001  0.100000E+001  0.500000E+000  0.300000E+000  0.200000E+001  0.100000E+001  0.100000E+001  0.100000E+002
 -0.689051E+001  0.147527E+002  0.777000E+002 -0.200000E+002 -0.630705E-003  0.435829E-002  0.440369E-002  0.403422E-005 -0.931047E-003  0.931056E-003  0.120000E+002  0.200000E+001  0.100000E+001  0.500000E+000  0.300000E+000  0.200000E+001  0.100000E+001  0.100000E+001  0.100000E+002
 -0.685555E+001  0.148275E+002  0.781000E+002 -0.200000E+002 -0.337530E-002  0.278237E-002  0.437427E-002  0.621223E-003 -0.680718E-003  0.921572E-003  0.120000E+002  0.200000E+001  0.100000E+001  0.500000E+000  0.300000E+000  0.200000E+001  0.100000E+001  0.100000E+001  0.100000E+002
 -0.682095E+001  0.149024E+002  0.785000E+002 -0.200000E+002 -0.433968E-002 -0.210105E-003  0.434476E-002  0.907441E-003 -0.875227E-004  0.911652E-003  0.120000E+002  0.200000E+001  0.100000E+001  0.500000E+000  0.300000E+000  0.200000E+001  0.100000E+001  0.100000E+001  0.100000E+002
 -0.678669E+001  0.149772E+002  0.789000E+002 -0.200000E+002 -0.304850E-002 -0.305396E-002  0.431510E-002  0.723587E-003  0.537093E-003  0.901137E-003  0.120000E+002  0.200000E+001  0.100000E+001  0.500000E+000  0.300000E+000  0.200000E+001  0.100000E+001  0.100000E+001  0.100000E+002
 -0.675278E+001  0.150521E+002  0.793000E+002 -0.200000E+002 -0.198824E-003 -0.428064E-002  0.428526E-002  0.174622E-003  0.872670E-003  0.889970E-003  0.120000E+002  0.200000E+001  0.100000E+001  0.500000E+000  0.300000E+000  0.200000E+001  0.100000E+001  0.100000E+001  0.100000E+002
 -0.671920E+001  0.151270E+002  0.797000E+002 -0.200000E+002  0.271483E-002 -0.327676E-002  0.425528E-002 -0.449774E-003  0.754280E-003  0.878200E-003  0.120000E+002  0.200000E+001  0.100000E+001  0.500000E+000  0.300000E+000  0.200000E+001  0.100000E+001  0.100000E+001  0.100000E+002
 -0.668595E+001  0.152019E+002  0.801000E+002 -0.200000E+002  0.418373E-002 -0.591154E-003  0.422528E-002 -0.828006E-003  0.253605E-003  0.865973E-003  0.120000E+002  0.200000E+001  0.100000E+001  0.500000E+000  0.300000E+000  0.200000E+001  0.100000E+001  0.100000E+001  0.100000E+002
 -0.665302E+001  0.152768E+002  0.805000E+002 -0.200000E+002  0.346632E-002  0.236348E-002  0.419540E-002 -0.772351E-003 -0.363258E-003  0.853512E-003  0.120000E+002  0.200000E+001  0.100000E+001  0.500000E+000  0.300000E+000  0.200000E+001  0.100000E+001  0.100000E+001  0.100000E+002
 -0.662042E+001  0.153517E+002  0.809000E+002 -0.200000E+002  0.963044E-003  0.405295E-002  0.416580E-002 -0.322291E-003 -0.776894E-003  0.841092E-003  0.120000E+002  0.200000E+001  0.100000E+001  0.500000E+000  0.300000E+000  0.200000E+001  0.100000E+001  0.100000E+001  0.100000E+002
 -0.658814E+001  0.154266E+002  0.813000E+002 -0.200000E+002 -0.200512E-002  0.361818E-002  0.413664E-002  0.280991E-003 -0.779925E-003  0.828999E-003  0.120000E+002  0.200000E+001  0.100000E+001  0.500000E+000  0.300000E+000  0.200000E+001  0.100000E+001  0.100000E+001  0.100000E+002
 -0.655616E+001  0.155015E+002  0.817000E+002 -0.200000E+002 -0.389279E-002  0.131241E-002  0.410807E-002  0.723244E-003 -0.381082E-003  0.817499E-003  0.120000E+002  0.200000E+001  0.100000E+001  0.500000E+000  0.300000E+000  0.200000E+001  0.100000E+001  0.100000E+001  0.100000E+002
 -0.652450E+001  0.155764E+002  0.821000E+002 -0.200000E+002 -0.373447E-002 -0.164365E-002  0.408018E-002  0.780525E-003  0.204220E-003  0.806800E-003  0.120000E+002  0.200000E+001  0.100000E+001  0.500000E+000  0.300000E+000  0.200000E+001  0.100000E+001  0.100000E+001  0.100000E+002
 -0.649313E+001  0.156513E+002  0.825000E+002 -0.200000E+002 -0.163869E-002 -0.370699E-002  0.405303E-002  0.432481E-003  0.669480E-003  0.797021E-003  0.120000E+002  0.200000E+001  0.100000E+001  0.500000E+000  0.300000E+000  0.200000E+001  0.100000E+001  0.100000E+001  0.100000E+002
 -0.646207E+001  0.157262E+002  0.829000E+002 -0.200000E+002  0.128136E-002 -0.381728E-002  0.402660E-002 -0.131721E-003  0.777100E-003  0.788185E-003  0.120000E+002  0.200000E+001  0.100000E+001  0.500000E+000  0.300000E+000  0.200000E+001  0.100000E+001  0.100000E+001  0.100000E+002
 -0.643130E+001  0.158011E+002  0.833000E+002 -0.200000E+002  0.349798E-002 -0.194184E-002  0.400083E-002 -0.615564E-003  0.479377E-003  0.780206E-003  0.120000E+002  0.200000E+001  0.100000E+001  0.500000E+000  0.300000E+000  0.200000E+001  0.100000E+001  0.100000E+001  0.100000E+002
 -0.640082E+001  0.158760E+002  0.837000E+002 -0.200000E+002  0.386776E-002  0.919675E-003  0.397560E-002 -0.770497E-003 -0.610262E-004  0.772910E-003  0.120000E+002  0.200000E+001  0.100000E+001  0.500000E+000  0.300000E+000  0.200000E+001  0.100000E+001  0.100000E+001  0.100000E+002
 -0.637063E+001  0.159510E+002  0.841000E+002 -0.200000E+002  0.222129E-002  0.326715E-002  0.395075E-002 -0.523192E-003 -0.559564E-003  0.766056E-003  0.120000E+002  0.200000E+001  0.100000E+001  0.500000E+000  0.300000E+000  0.200000E+001  0.100000E+001  0.100000E+001  0.100000E+002
 -0.634072E+001  0.160259E+002  0.845000E+002 -0.200000E+002 -0.560211E-003  0.388595E-002  0.392612E-002 -0.966885E-005 -0.759306E-003  0.759368E-003  0.120000E+002  0.200000E+001  0.100000E+001  0.500000E+000  0.300000E+000  0.200000E+001  0.100000E+001  0.100000E+001  0.100000E+002
 -0.631108E+001  0.161008E+002  0.849000E+002 -0.200000E+002 -0.301573E-002  0.247539E-002  0.390156E-002  0.499358E-003 -0.563036E-003  0.752574E-003  0.120000E+002  0.200000E+001  0.100000E+001  0.500000E+000  0.300000E+000  0.200000E+001  0.100000E+001  0.100000E+001  0.100000E+002
 -0.628173E+001  0.161758E+002  0.853000E+002 -0.200000E+002 -0.387149E-002 -0.205589E-003  0.387694E-002  0.741124E-003 -0.801039E-004  0.745441E-003  0.120000E+002  0.200000E+001  0.100000E+001  0.500000E+000  0.300000E+000  0.200000E+001  0.100000E+001  0.100000E+001  0.100000E+002
 -0.625264E+001  0.162507E+002  0.857000E+002 -0.200000E+002 -0.270173E-002 -0.274588E-002  0.385217E-002  0.596368E-003  0.434384E-003  0.737797E-003  0.120000E+002  0.200000E+001  0.100000E+001  0.500000E+000  0.300000E+000  0.200000E+001  0.100000E+001  0.100000E+001  0.100000E+002
 -0.622382E+001  0.163257E+002  0.861000E+002 -0.200000E+002 -0.140515E-003 -0.382465E-002  0.382723E-002  0.147925E-003  0.714405E-003  0.729558E-003  0.120000E+002  0.200000E+001  0.100000E+001  0.500000E+000  0.300000E+000  0.200000E+001  0.100000E+001  0.100000E+001  0.100000E+002
 -0.619526E+001  0.164006E+002  0.865000E+002 -0.200000E+002  0.246104E-002 -0.289819E-002  0.380213E-002 -0.366337E-003  0.620688E-003  0.720733E-003  0.120000E+002  0.200000E+001  0.100000E+001  0.500000E+000  0.300000E+000  0.200000E+001  0.100000E+001  0.100000E+001  0.100000E+002
 -0.616697E+001  0.164756E+002  0.869000E+002 -0.200000E+002  0.374708E-002 -0.474119E-003  0.377695E-002 -0.679721E-003  0.209990E-003  0.711419E-003  0.120000E+002  0.200000E+001  0.100000E+001  0.500000E+000  0.300000E+000  0.200000E+001  0.100000E+001  0.100000E+001  0.100000E+002
 -0.613893E+001  0.165506E+002  0.873000E+002 -0.200000E+002  0.306377E-002  0.216551E-002  0.375181E-002 -0.635178E-003 -0.298429E-003  0.701792E-003  0.120000E+002  0.200000E+001  0.100000E+001  0.500000E+000  0.300000E+000  0.200000E+001  0.100000E+001  0.100000E+001  0.100000E+002
 -0.611114E+001  0.166255E+002  0.877000E+002 -0.200000E+002  0.791970E-003  0.364173E-002  0.372685E-002 -0.264163E-003 -0.639684E-003  0.692082E-003  0.120000E+002  0.200000E+001  0.100000E+001  0.500000E+000  0.300000E+000  0.200000E+001  0.100000E+001  0.100000E+001  0.100000E+002
 -0.608360E+001  0.167005E+002  0.881000E+002 -0.200000E+002 -0.186351E-002  0.319903E-002  0.370222E-002  0.233702E-003 -0.641288E-003  0.682544E-003  0.120000E+002  0.200000E+001  0.100000E+001  0.500000E+000  0.300000E+000  0.200000E+001  0.100000E+001  0.100000E+001  0.100000E+002
 -0.605631E+001  0.167755E+002  0.885000E+002 -0.200000E+002 -0.351214E-002  0.109224E-002  0.367805E-002  0.597592E-003 -0.310460E-003  0.673425E-003  0.120000E+002  0.200000E+001  0.100000E+001  0.500000E+000  0.300000E+000  0.200000E+001  0.100000E+001  0.100000E+001  0.100000E+002
 -0.602926E+001  0.168505E+002  0.889000E+002 -0.200000E+002 -0.330560E-002 -0.155821E-002  0.365445E-002  0.641902E-003  0.173472E-003  0.664929E-003  0.120000E+002  0.200000E+001  0.100000E+001  0.500000E+000  0.300000E+000  0.200000E+001  0.100000E+001  0.100000E+001  0.100000E+002
 -0.600245E+001  0.169254E+002  0.893000E+002 -0.200000E+002 -0.137443E-002 -0.336132E-002  0.363146E-002  0.350862E-003  0.555697E-003  0.657194E-003  0.120000E+002  0.200000E+001  0.100000E+001  0.500000E+000  0.300000E+000  0.200000E+001  0.100000E+001  0.100000E+001  0.100000E+002
 -0.597588E+001  0.170004E+002  0.897000E+002 -0.200000E+002  0.125145E-002 -0.338519E-002  0.360910E-002 -0.116868E-003  0.639679E-003  0.650267E-003  0.120000E+002  0.200000E+001  0.100000E+001  0.500000E+000  0.300000E+000  0.200000E+001  0.100000E+001  0.100000E+001  0.100000E+002
 -0.594954E+001  0.170754E+002  0.901000E+002 -0.200000E+002  0.319120E-002 -0.163863E-002  0.358732E-002 -0.514169E-003  0.387945E-003  0.644105E-003  0.120000E+002  0.200000E+001  0.100000E+001  0.500000E+000  0.300000E+000  0.200000E+001  0.100000E+001  0.100000E+001  0.100000E+002
 -0.592343E+001  0.171504E+002  0.905000E+002 -0.200000E+002  0.343875E-002  0.944191E-003  0.356602E-002 -0.635586E-003 -0.617162E-004  0.638576E-003  0.120000E+002  0.200000E+001  0.100000E+001  0.500000E+000  0.300000E+000  0.200000E+001  0.100000E+001  0.100000E+001  0.100000E+002
 -0.589755E+001  0.172254E+002  0.909000E+002 -0.200000E+002  0.188451E-002  0.300269E-002  0.354508E-002 -0.423212E-003 -0.471370E-003  0.633481E-003  0.120000E+002  0.200000E+001  0.100000E+001  0.500000E+000  0.300000E+000  0.200000E+001  0.100000E+001  0.100000E+001  0.100000E+002
 -0.587189E+001  0.173004E+002  0.913000E+002 -0.200000E+002 -0.637475E-003  0.346621E-002  0.352434E-002  0.617581E-005 -0.628553E-003  0.628583E-003  0.120000E+002  0.200000E+001  0.100000E+001  0.500000E+000  0.300000E+000  0.200000E+001  0.100000E+001  0.100000E+001  0.100000E+002
 -0.584646E+001  0.173754E+002  0.917000E+002 -0.200000E+002 -0.279649E-002  0.211079E-002  0.350368E-002  0.425243E-003 -0.456170E-003  0.623637E-003  0.120000E+002  0.200000E+001  0.100000E+001  0.500000E+000  0.300000E+000  0.200000E+001  0.100000E+001  0.100000E+001  0.100000E+002
 -0.582124E+001  0.174504E+002  0.921000E+002 -0.200000E+002 -0.346699E-002 -0.333186E-003  0.348297E-002  0.616404E-003 -0.499026E-004  0.618420E-003  0.120000E+002  0.200000E+001  0.100000E+001  0.500000E+000  0.300000E+000  0.200000E+001  0.100000E+001  0.100000E+001  0.100000E+002
 -0.579624E+001  0.175254E+002  0.925000E+002 -0.200000E+002 -0.231539E-002 -0.257395E-002  0.346212E-002  0.484699E-003  0.374897E-003  0.612765E-003  0.120000E+002  0.200000E+001  0.100000E+001  0.500000E+000  0.300000E+000  0.200000E+001  0.100000E+001  0.100000E+001  0.100000E+002
 -0.577145E+001  0.176005E+002  0.929000E+002 -0.200000E+002  0.342161E-004 -0.344092E-002  0.344109E-002  0.104738E-003  0.597462E-003  0.606573E-003  0.120000E+002  0.200000E+001  0.100000E+001  0.500000E+000  0.300000E+000  0.200000E+001  0.100000E+001  0.100000E+001  0.100000E+002
 -0.574687E+001  0.176755E+002  0.933000E+002 -0.200000E+002  0.233758E-002 -0.249628E-002  0.341990E-002 -0.321419E-003  0.506444E-003  0.599830E-003  0.120000E+002  0.200000E+001  0.100000E+001  0.500000E+000  0.300000E+000  0.200000E+001  0.100000E+001  0.100000E+001  0.100000E+002
 -0.572250E+001  0.177505E+002  0.937000E+002 -0.200000E+002  0.338893E-002 -0.256092E-003  0.339860E-002 -0.571807E-003  0.155610E-003  0.592602E-003  0.120000E+002  0.200000E+001  0.100000E+001  0.500000E+000  0.300000E+000  0.200000E+001  0.100000E+001  0.100000E+001  0.100000E+002
 -0.569834E+001  0.178255E+002  0.941000E+002 -0.200000E+002  0.265230E-002  0.209078E-002  0.337729E-002 -0.520338E-003 -0.267413E-003  0.585031E-003  0.120000E+002  0.200000E+001  0.100000E+001  0.500000E+000  0.300000E+000  0.200000E+001  0.100000E+001  0.100000E+001  0.100000E+002
 -0.567437E+001  0.179005E+002  0.945000E+002 -0.200000E+002  0.534861E-003  0.331320E-002  0.335609E-002 -0.200432E-003 -0.541401E-003  0.577311E-003  0.120000E+002  0.200000E+001  0.100000E+001  0.500000E+000  0.300000E+000  0.200000E+001  0.100000E+001  0.100000E+001  0.100000E+002
 -0.565061E+001  0.179756E+002  0.949000E+002 -0.200000E+002 -0.183704E-002  0.278361E-002  0.333515E-002  0.215600E-003 -0.527292E-003  0.569667E-003  0.120000E+002  0.200000E+001  0.100000E+001  0.500000E+000  0.300000E+000  0.200000E+001  0.100000E+001  0.100000E+001  0.100000E+002
 -0.562705E+001  0.180506E+002  0.953000E+002 -0.200000E+002 -0.321649E-002  0.800365E-003  0.331457E-002  0.509052E-003 -0.238903E-003  0.562325E-003  0.120000E+002  0.200000E+001  0.100000E+001  0.500000E+000  0.300000E+000  0.200000E+001  0.100000E+001  0.100000E+001  0.100000E+002
 -0.560368E+001  0.181256E+002  0.957000E+002 -0.200000E+002 -0.289138E-002 -0.157906E-002  0.329446E-002  0.529667E-003  0.167364E-003  0.555480E-003  0.120000E+002  0.200000E+001  0.100000E+001  0.500000E+000  0.300000E+000  0.200000E+001  0.100000E+001  0.100000E+001  0.100000E+002
 -0.558050E+001  0.182007E+002  0.961000E+002 -0.200000E+002 -0.105208E-002 -0.310129E-002  0.327488E-002  0.272550E-003  0.476881E-003  0.549271E-003  0.120000E+002  0.200000E+001  0.100000E+001  0.500000E+000  0.300000E+000  0.200000E+001  0.100000E+001  0.100000E+001  0.100000E+002
 -0.555752E+001  0.182757E+002  0.965000E+002 -0.200000E+002  0.131840E-002 -0.297697E-002  0.325584E-002 -0.122161E-003  0.529863E-003  0.543763E-003  0.120000E+002  0.200000E+001  0.100000E+001  0.500000E+000  0.300000E+000  0.200000E+001  0.100000E+001  0.100000E+001  0.100000E+002
 -0.553472E+001  0.183508E+002  0.969000E+002 -0.200000E+002  0.296916E-002 -0.129007E-002  0.323731E-002 -0.445250E-003  0.303648E-003  0.538934E-003  0.120000E+002  0.200000E+001  0.100000E+001  0.500000E+000  0.300000E+000  0.200000E+001  0.100000E+001  0.100000E+001  0.100000E+002
 -0.551210E+001  0.184258E+002  0.973000E+002 -0.200000E+002  0.304116E-002  0.105577E-002  0.321921E-002 -0.528946E-003 -0.781184E-004  0.534683E-003  0.120000E+002  0.200000E+001  0.100000E+001  0.500000E+000  0.300000E+000  0.200000E+001  0.100000E+001  0.100000E+001  0.100000E+002
 -0.548967E+001  0.185009E+002  0.977000E+002 -0.200000E+002  0.151413E-002  0.282073E-002  0.320142E-002 -0.333730E-003 -0.412820E-003  0.530845E-003  0.120000E+002  0.200000E+001  0.100000E+001  0.500000E+000  0.300000E+000  0.200000E+001  0.100000E+001  0.100000E+001  0.100000E+002
 -0.546743E+001  0.185759E+002  0.981000E+002 -0.200000E+002 -0.791842E-003  0.308379E-002  0.318383E-002  0.334310E-004 -0.526150E-003  0.527211E-003  0.120000E+002  0.200000E+001  0.100000E+001  0.500000E+000  0.300000E+000  0.200000E+001  0.100000E+001  0.100000E+001  0.100000E+002
 -0.544536E+001  0.186510E+002  0.985000E+002 -0.200000E+002 -0.265630E-002  0.172323E-002  0.316630E-002  0.377658E-003 -0.362617E-003  0.523561E-003  0.120000E+002  0.200000E+001  0.100000E+001  0.500000E+000  0.300000E+000  0.200000E+001  0.100000E+001  0.100000E+001  0.100000E+002
 -0.542347E+001  0.187260E+002  0.989000E+002 -0.200000E+002 -0.310414E-002 -0.527992E-003  0.314872E-002  0.519544E-003 -0.123413E-004  0.519690E-003  0.120000E+002  0.200000E+001  0.100000E+001  0.500000E+000  0.300000E+000  0.200000E+001  0.100000E+001  0.100000E+001  0.100000E+002
 -0.540175E+001  0.188011E+002  0.993000E+002 -0.200000E+002 -0.191553E-002 -0.247668E-002  0.313101E-002  0.388559E-003  0.338670E-003  0.515437E-003  0.120000E+002  0.200000E+001  0.100000E+001  0.500000E+000  0.300000E+000  0.200000E+001  0.100000E+001  0.100000E+001  0.100000E+002
 -0.538020E+001  0.188762E+002  0.997000E+002 -0.200000E+002  0.266542E-003 -0.310170E-002  0.311313E-002  0.578776E-004  0.507410E-003  0.510700E-003  0.120000E+002  0.200000E+001  0.100000E+001  0.500000E+000  0.300000E+000  0.200000E+001  0.100000E+001  0.100000E+001  0.100000E+002
