 % the field is pps
% Dinn5 settings , t1, t2, t3, t4, tm, tp, eps, step, IntLimit
%   0.250000E+001  0.250000E+001  0.250000E+001  0.280000E+002  0.200000E-001  0.000000E+000  0.100000E-005  0.100000E-001  0.100000E+006
%psi, R, x, z, re(u), im(u), abs(u), re(w), im(w), abs(w), fieldCode, cp(1), cp(2), cs(1), cs(2), rho(1), rho(2), h, w
 -0.893898E+002  0.177001E+001  0.100000E+000 -0.200000E+002  0.470523E-010  0.221153E-009  0.226103E-009 -0.816234E-008 -0.383643E-007  0.392230E-007  0.120000E+002  0.200000E+001  0.100000E+001  0.500000E+000  0.300000E+000  0.200000E+001  0.100000E+001  0.100000E+001  0.100000E+002
 -0.869519E+002  0.177242E+001  0.500000E+000 -0.200000E+002  0.548719E-008  0.275504E-007  0.280916E-007 -0.190368E-006 -0.955812E-006  0.974586E-006  0.120000E+002  0.200000E+001  0.100000E+001  0.500000E+000  0.300000E+000  0.200000E+001  0.100000E+001  0.100000E+001  0.100000E+002
 -0.845249E+002  0.177802E+001  0.900000E+000 -0.200000E+002  0.267183E-007  0.159281E-006  0.161507E-006 -0.514913E-006 -0.306966E-005  0.311255E-005  0.120000E+002  0.200000E+001  0.100000E+001  0.500000E+000  0.300000E+000  0.200000E+001  0.100000E+001  0.100000E+001  0.100000E+002
 -0.821175E+002  0.178679E+001  0.130000E+001 -0.200000E+002  0.562386E-007  0.472473E-006  0.475808E-006 -0.750217E-006 -0.630273E-005  0.634722E-005  0.120000E+002  0.200000E+001  0.100000E+001  0.500000E+000  0.300000E+000  0.200000E+001  0.100000E+001  0.100000E+001  0.100000E+002
 -0.797378E+002  0.179869E+001  0.170000E+001 -0.200000E+002  0.551292E-007  0.102954E-005  0.103102E-005 -0.562249E-006 -0.105001E-004  0.105151E-004  0.120000E+002  0.200000E+001  0.100000E+001  0.500000E+000  0.300000E+000  0.200000E+001  0.100000E+001  0.100000E+001  0.100000E+002
 -0.773933E+002  0.181364E+001  0.210000E+001 -0.200000E+002 -0.534347E-007  0.186492E-005  0.186568E-005  0.441038E-006 -0.153926E-004  0.153989E-004  0.120000E+002  0.200000E+001  0.100000E+001  0.500000E+000  0.300000E+000  0.200000E+001  0.100000E+001  0.100000E+001  0.100000E+002
 -0.750909E+002  0.183157E+001  0.250000E+001 -0.200000E+002 -0.381364E-006  0.296697E-005  0.299138E-005  0.264315E-005 -0.205634E-004  0.207326E-004  0.120000E+002  0.200000E+001  0.100000E+001  0.500000E+000  0.300000E+000  0.200000E+001  0.100000E+001  0.100000E+001  0.100000E+002
 -0.728367E+002  0.185240E+001  0.290000E+001 -0.200000E+002 -0.105984E-005  0.425816E-005  0.438807E-005  0.632982E-005 -0.254314E-004  0.262073E-004  0.120000E+002  0.200000E+001  0.100000E+001  0.500000E+000  0.300000E+000  0.200000E+001  0.100000E+001  0.100000E+001  0.100000E+002
 -0.706360E+002  0.187604E+001  0.330000E+001 -0.200000E+002 -0.220786E-005  0.557951E-005  0.600047E-005  0.115826E-004 -0.292704E-004  0.314788E-004  0.120000E+002  0.200000E+001  0.100000E+001  0.500000E+000  0.300000E+000  0.200000E+001  0.100000E+001  0.100000E+001  0.100000E+002
 -0.684931E+002  0.190237E+001  0.370000E+001 -0.200000E+002 -0.388542E-005  0.668887E-005  0.773547E-005  0.181702E-004 -0.312805E-004  0.361750E-004  0.120000E+002  0.200000E+001  0.100000E+001  0.500000E+000  0.300000E+000  0.200000E+001  0.100000E+001  0.100000E+001  0.100000E+002
 -0.664115E+002  0.193128E+001  0.410000E+001 -0.200000E+002 -0.603721E-005  0.728424E-005  0.946087E-005  0.254641E-004 -0.307239E-004  0.399046E-004  0.120000E+002  0.200000E+001  0.100000E+001  0.500000E+000  0.300000E+000  0.200000E+001  0.100000E+001  0.100000E+001  0.100000E+002
 -0.643939E+002  0.196267E+001  0.450000E+001 -0.200000E+002 -0.844036E-005  0.706252E-005  0.110054E-004  0.324156E-004 -0.271239E-004  0.422667E-004  0.120000E+002  0.200000E+001  0.100000E+001  0.500000E+000  0.300000E+000  0.200000E+001  0.100000E+001  0.100000E+001  0.100000E+002
 -0.624422E+002  0.199642E+001  0.490000E+001 -0.200000E+002 -0.106782E-004  0.581753E-005  0.121601E-004  0.376371E-004 -0.205048E-004  0.428602E-004  0.120000E+002  0.200000E+001  0.100000E+001  0.500000E+000  0.300000E+000  0.200000E+001  0.100000E+001  0.100000E+001  0.100000E+002
 -0.605574E+002  0.203240E+001  0.530000E+001 -0.200000E+002 -0.121691E-004  0.356858E-005  0.126815E-004  0.396260E-004 -0.116203E-004  0.412947E-004  0.120000E+002  0.200000E+001  0.100000E+001  0.500000E+000  0.300000E+000  0.200000E+001  0.100000E+001  0.100000E+001  0.100000E+002
 -0.587402E+002  0.207050E+001  0.570000E+001 -0.200000E+002 -0.122771E-004  0.691253E-006  0.122966E-004  0.371436E-004 -0.209134E-005  0.372025E-004  0.120000E+002  0.200000E+001  0.100000E+001  0.500000E+000  0.300000E+000  0.200000E+001  0.100000E+001  0.100000E+001  0.100000E+002
 -0.569902E+002  0.211061E+001  0.610000E+001 -0.200000E+002 -0.105214E-004 -0.200057E-005  0.107099E-004  0.297201E-004  0.565109E-005  0.302526E-004  0.120000E+002  0.200000E+001  0.100000E+001  0.500000E+000  0.300000E+000  0.200000E+001  0.100000E+001  0.100000E+001  0.100000E+002
 -0.553071E+002  0.215262E+001  0.650000E+001 -0.200000E+002 -0.686707E-005 -0.329091E-005  0.761490E-005  0.181883E-004  0.871640E-005  0.201690E-004  0.120000E+002  0.200000E+001  0.100000E+001  0.500000E+000  0.300000E+000  0.200000E+001  0.100000E+001  0.100000E+001  0.100000E+002
 -0.536897E+002  0.219641E+001  0.690000E+001 -0.200000E+002 -0.203674E-005 -0.178794E-005  0.271018E-005  0.507725E-005  0.445703E-005  0.675600E-005  0.120000E+002  0.200000E+001  0.100000E+001  0.500000E+000  0.300000E+000  0.200000E+001  0.100000E+001  0.100000E+001  0.100000E+002
 -0.521367E+002  0.224188E+001  0.730000E+001 -0.200000E+002  0.227984E-005  0.361569E-005  0.427445E-005 -0.536678E-005 -0.851139E-005  0.100621E-004  0.120000E+002  0.200000E+001  0.100000E+001  0.500000E+000  0.300000E+000  0.200000E+001  0.100000E+001  0.100000E+001  0.100000E+002
 -0.506465E+002  0.228893E+001  0.770000E+001 -0.200000E+002  0.349035E-005  0.130750E-004  0.135328E-004 -0.778186E-005 -0.291512E-004  0.301720E-004  0.120000E+002  0.200000E+001  0.100000E+001  0.500000E+000  0.300000E+000  0.200000E+001  0.100000E+001  0.100000E+001  0.100000E+002
 -0.492173E+002  0.233747E+001  0.810000E+001 -0.200000E+002 -0.136572E-005  0.250603E-004  0.250974E-004  0.289161E-005 -0.530596E-004  0.531384E-004  0.120000E+002  0.200000E+001  0.100000E+001  0.500000E+000  0.300000E+000  0.200000E+001  0.100000E+001  0.100000E+001  0.100000E+002
 -0.478470E+002  0.238740E+001  0.850000E+001 -0.200000E+002 -0.144469E-004  0.358551E-004  0.386562E-004  0.291182E-004 -0.722669E-004  0.779126E-004  0.120000E+002  0.200000E+001  0.100000E+001  0.500000E+000  0.300000E+000  0.200000E+001  0.100000E+001  0.100000E+001  0.100000E+002
 -0.465336E+002  0.243864E+001  0.890000E+001 -0.200000E+002 -0.351860E-004  0.397515E-004  0.530871E-004  0.676577E-004 -0.764365E-004  0.102079E-003  0.120000E+002  0.200000E+001  0.100000E+001  0.500000E+000  0.300000E+000  0.200000E+001  0.100000E+001  0.100000E+001  0.100000E+002
 -0.452749E+002  0.249111E+001  0.930000E+001 -0.200000E+002 -0.571918E-004  0.306611E-004  0.648923E-004  0.105125E-003 -0.563585E-004  0.119279E-003  0.120000E+002  0.200000E+001  0.100000E+001  0.500000E+000  0.300000E+000  0.200000E+001  0.100000E+001  0.100000E+001  0.100000E+002
 -0.440687E+002  0.254473E+001  0.970000E+001 -0.200000E+002 -0.577637E-004  0.730024E-005  0.582232E-004  0.101682E-003 -0.128507E-004  0.102491E-003  0.120000E+002  0.200000E+001  0.100000E+001  0.500000E+000  0.300000E+000  0.200000E+001  0.100000E+001  0.100000E+001  0.100000E+002
 -0.429127E+002  0.259943E+001  0.101000E+002 -0.200000E+002 -0.210975E-004 -0.123000E-003  0.124797E-003  0.356258E-004  0.207701E-003  0.210735E-003  0.120000E+002  0.200000E+001  0.100000E+001  0.500000E+000  0.300000E+000  0.200000E+001  0.100000E+001  0.100000E+001  0.100000E+002
 -0.418048E+002  0.265515E+001  0.105000E+002 -0.200000E+002 -0.658610E-005 -0.239357E-003  0.239448E-003  0.106851E-004  0.388326E-003  0.388473E-003  0.120000E+002  0.200000E+001  0.100000E+001  0.500000E+000  0.300000E+000  0.200000E+001  0.100000E+001  0.100000E+001  0.100000E+002
 -0.407428E+002  0.271182E+001  0.109000E+002 -0.200000E+002  0.729052E-004 -0.348496E-003  0.356040E-003 -0.113801E-003  0.543985E-003  0.555761E-003  0.120000E+002  0.200000E+001  0.100000E+001  0.500000E+000  0.300000E+000  0.200000E+001  0.100000E+001  0.100000E+001  0.100000E+002
 -0.397247E+002  0.276938E+001  0.113000E+002 -0.200000E+002  0.225778E-003 -0.427568E-003  0.483518E-003 -0.339536E-003  0.642998E-003  0.727139E-003  0.120000E+002  0.200000E+001  0.100000E+001  0.500000E+000  0.300000E+000  0.200000E+001  0.100000E+001  0.100000E+001  0.100000E+002
 -0.387483E+002  0.282778E+001  0.117000E+002 -0.200000E+002  0.446430E-003 -0.436713E-003  0.624514E-003 -0.647607E-003  0.633511E-003  0.905942E-003  0.120000E+002  0.200000E+001  0.100000E+001  0.500000E+000  0.300000E+000  0.200000E+001  0.100000E+001  0.100000E+001  0.100000E+002
 -0.378117E+002  0.288697E+001  0.121000E+002 -0.200000E+002  0.705782E-003 -0.332373E-003  0.780128E-003 -0.988742E-003  0.465627E-003  0.109290E-002  0.120000E+002  0.200000E+001  0.100000E+001  0.500000E+000  0.300000E+000  0.200000E+001  0.100000E+001  0.100000E+001  0.100000E+002
 -0.369129E+002  0.294690E+001  0.125000E+002 -0.200000E+002  0.947235E-003 -0.819937E-004  0.950777E-003 -0.128290E-002  0.111050E-003  0.128770E-002  0.120000E+002  0.200000E+001  0.100000E+001  0.500000E+000  0.300000E+000  0.200000E+001  0.100000E+001  0.100000E+001  0.100000E+002
 -0.360502E+002  0.300753E+001  0.129000E+002 -0.200000E+002  0.109086E-002  0.318653E-003  0.113645E-002 -0.142979E-002 -0.417656E-003  0.148954E-002  0.120000E+002  0.200000E+001  0.100000E+001  0.500000E+000  0.300000E+000  0.200000E+001  0.100000E+001  0.100000E+001  0.100000E+002
 -0.352217E+002  0.306881E+001  0.133000E+002 -0.200000E+002  0.104815E-002  0.829754E-003  0.133683E-002 -0.133077E-002 -0.105349E-002  0.169729E-002  0.120000E+002  0.200000E+001  0.100000E+001  0.500000E+000  0.300000E+000  0.200000E+001  0.100000E+001  0.100000E+001  0.100000E+002
 -0.344259E+002  0.313071E+001  0.137000E+002 -0.200000E+002  0.746854E-003  0.135969E-002  0.155130E-002 -0.919356E-003 -0.167374E-002  0.190961E-002  0.120000E+002  0.200000E+001  0.100000E+001  0.500000E+000  0.300000E+000  0.200000E+001  0.100000E+001  0.100000E+001  0.100000E+002
 -0.336610E+002  0.319318E+001  0.141000E+002 -0.200000E+002  0.161721E-003  0.177168E-002  0.177905E-002 -0.193175E-003 -0.211626E-002  0.212506E-002  0.120000E+002  0.200000E+001  0.100000E+001  0.500000E+000  0.300000E+000  0.200000E+001  0.100000E+001  0.100000E+001  0.100000E+002
 -0.329256E+002  0.325621E+001  0.145000E+002 -0.200000E+002 -0.657597E-003  0.190893E-002  0.201902E-002  0.762831E-003 -0.221442E-002  0.234213E-002  0.120000E+002  0.200000E+001  0.100000E+001  0.500000E+000  0.300000E+000  0.200000E+001  0.100000E+001  0.100000E+001  0.100000E+002
 -0.322183E+002  0.331975E+001  0.149000E+002 -0.200000E+002 -0.157264E-002  0.163702E-002  0.227003E-002  0.177301E-002 -0.184560E-002  0.255926E-002  0.120000E+002  0.200000E+001  0.100000E+001  0.500000E+000  0.300000E+000  0.200000E+001  0.100000E+001  0.100000E+001  0.100000E+002
 -0.315376E+002  0.338378E+001  0.153000E+002 -0.200000E+002 -0.236701E-002  0.895420E-003  0.253071E-002  0.259542E-002 -0.981829E-003  0.277493E-002  0.120000E+002  0.200000E+001  0.100000E+001  0.500000E+000  0.300000E+000  0.200000E+001  0.100000E+001  0.100000E+001  0.100000E+002
 -0.308823E+002  0.344826E+001  0.157000E+002 -0.200000E+002 -0.278780E-002 -0.256764E-003  0.279960E-002  0.297505E-002  0.274011E-003  0.298765E-002  0.120000E+002  0.200000E+001  0.100000E+001  0.500000E+000  0.300000E+000  0.200000E+001  0.100000E+001  0.100000E+001  0.100000E+002
 -0.302511E+002  0.351318E+001  0.161000E+002 -0.200000E+002 -0.261426E-002 -0.161937E-002  0.307517E-002  0.271698E-002  0.168300E-002  0.319601E-002  0.120000E+002  0.200000E+001  0.100000E+001  0.500000E+000  0.300000E+000  0.200000E+001  0.100000E+001  0.100000E+001  0.100000E+002
 -0.296429E+002  0.357852E+001  0.165000E+002 -0.200000E+002 -0.173862E-002 -0.287032E-002  0.335582E-002  0.176083E-002  0.290700E-002  0.339871E-002  0.120000E+002  0.200000E+001  0.100000E+001  0.500000E+000  0.300000E+000  0.200000E+001  0.100000E+001  0.100000E+001  0.100000E+002
 -0.290566E+002  0.364424E+001  0.169000E+002 -0.200000E+002 -0.234754E-003 -0.363236E-002  0.363994E-002  0.231826E-003  0.358705E-002  0.359453E-002  0.120000E+002  0.200000E+001  0.100000E+001  0.500000E+000  0.300000E+000  0.200000E+001  0.100000E+001  0.100000E+001  0.100000E+002
 -0.284911E+002  0.371033E+001  0.173000E+002 -0.200000E+002  0.161407E-002 -0.357879E-002  0.392593E-002 -0.155507E-002  0.344796E-002  0.378242E-002  0.120000E+002  0.200000E+001  0.100000E+001  0.500000E+000  0.300000E+000  0.200000E+001  0.100000E+001  0.100000E+001  0.100000E+002
 -0.279455E+002  0.377677E+001  0.177000E+002 -0.200000E+002  0.335069E-002 -0.255260E-002  0.421223E-002 -0.315119E-002  0.240061E-002  0.396143E-002  0.120000E+002  0.200000E+001  0.100000E+001  0.500000E+000  0.300000E+000  0.200000E+001  0.100000E+001  0.100000E+001  0.100000E+002
 -0.274188E+002  0.384353E+001  0.181000E+002 -0.200000E+002  0.444858E-002 -0.660358E-003  0.449732E-002 -0.408601E-002  0.606538E-003  0.413078E-002  0.120000E+002  0.200000E+001  0.100000E+001  0.500000E+000  0.300000E+000  0.200000E+001  0.100000E+001  0.100000E+001  0.100000E+002
 -0.269101E+002  0.391062E+001  0.185000E+002 -0.200000E+002  0.446731E-002  0.169982E-002  0.477978E-002 -0.400939E-002 -0.152558E-002  0.428983E-002  0.120000E+002  0.200000E+001  0.100000E+001  0.500000E+000  0.300000E+000  0.200000E+001  0.100000E+001  0.100000E+001  0.100000E+002
 -0.264186E+002  0.397800E+001  0.189000E+002 -0.200000E+002  0.321668E-002  0.390370E-002  0.505825E-002 -0.282228E-002 -0.342507E-002  0.443806E-002  0.120000E+002  0.200000E+001  0.100000E+001  0.500000E+000  0.300000E+000  0.200000E+001  0.100000E+001  0.100000E+001  0.100000E+002
 -0.259435E+002  0.404566E+001  0.193000E+002 -0.200000E+002  0.872542E-003  0.525963E-002  0.533152E-002 -0.748753E-003 -0.451344E-002  0.457513E-002  0.120000E+002  0.200000E+001  0.100000E+001  0.500000E+000  0.300000E+000  0.200000E+001  0.100000E+001  0.100000E+001  0.100000E+002
 -0.254840E+002  0.411359E+001  0.197000E+002 -0.200000E+002 -0.200881E-002  0.522564E-002  0.559845E-002  0.168671E-002 -0.438776E-002  0.470079E-002  0.120000E+002  0.200000E+001  0.100000E+001  0.500000E+000  0.300000E+000  0.200000E+001  0.100000E+001  0.100000E+001  0.100000E+002
 -0.250395E+002  0.418178E+001  0.201000E+002 -0.200000E+002 -0.460603E-002  0.361955E-002  0.585805E-002  0.378586E-002 -0.297504E-002  0.481493E-002  0.120000E+002  0.200000E+001  0.100000E+001  0.500000E+000  0.300000E+000  0.200000E+001  0.100000E+001  0.100000E+001  0.100000E+002
 -0.246093E+002  0.425021E+001  0.205000E+002 -0.200000E+002 -0.606392E-002  0.744272E-003  0.610943E-002  0.488092E-002 -0.599073E-003  0.491755E-002  0.120000E+002  0.200000E+001  0.100000E+001  0.500000E+000  0.300000E+000  0.200000E+001  0.100000E+001  0.100000E+001  0.100000E+002
 -0.241928E+002  0.431888E+001  0.209000E+002 -0.200000E+002 -0.577958E-002 -0.263483E-002  0.635184E-002  0.455749E-002  0.207770E-002  0.500875E-002  0.120000E+002  0.200000E+001  0.100000E+001  0.500000E+000  0.300000E+000  0.200000E+001  0.100000E+001  0.100000E+001  0.100000E+002
 -0.237893E+002  0.438776E+001  0.213000E+002 -0.200000E+002 -0.364938E-002 -0.548083E-002  0.658464E-002  0.282030E-002  0.423567E-002  0.508871E-002  0.120000E+002  0.200000E+001  0.100000E+001  0.500000E+000  0.300000E+000  0.200000E+001  0.100000E+001  0.100000E+001  0.100000E+002
 -0.233983E+002  0.445686E+001  0.217000E+002 -0.200000E+002 -0.178595E-003 -0.680497E-002  0.680732E-002  0.135316E-003  0.515593E-002  0.515770E-002  0.120000E+002  0.200000E+001  0.100000E+001  0.500000E+000  0.300000E+000  0.200000E+001  0.100000E+001  0.100000E+001  0.100000E+002
 -0.230193E+002  0.452615E+001  0.221000E+002 -0.200000E+002  0.361103E-002 -0.601941E-002  0.701946E-002 -0.268330E-002  0.447292E-002  0.521605E-002  0.120000E+002  0.200000E+001  0.100000E+001  0.500000E+000  0.300000E+000  0.200000E+001  0.100000E+001  0.100000E+001  0.100000E+002
 -0.226517E+002  0.459564E+001  0.225000E+002 -0.200000E+002  0.647449E-002 -0.319694E-002  0.722076E-002 -0.472008E-002  0.233065E-002  0.526413E-002  0.120000E+002  0.200000E+001  0.100000E+001  0.500000E+000  0.300000E+000  0.200000E+001  0.100000E+001  0.100000E+001  0.100000E+002
 -0.222951E+002  0.466532E+001  0.229000E+002 -0.200000E+002  0.735932E-002  0.873840E-003  0.741102E-002 -0.526539E-002 -0.625208E-003  0.530238E-002  0.120000E+002  0.200000E+001  0.100000E+001  0.500000E+000  0.300000E+000  0.200000E+001  0.100000E+001  0.100000E+001  0.100000E+002
 -0.219489E+002  0.473516E+001  0.233000E+002 -0.200000E+002  0.580571E-002  0.488914E-002  0.759012E-002 -0.407788E-002 -0.343409E-002  0.533124E-002  0.120000E+002  0.200000E+001  0.100000E+001  0.500000E+000  0.300000E+000  0.200000E+001  0.100000E+001  0.100000E+001  0.100000E+002
 -0.216129E+002  0.480518E+001  0.237000E+002 -0.200000E+002  0.217714E-002  0.744628E-002  0.775803E-002 -0.150172E-002 -0.513618E-002  0.535121E-002  0.120000E+002  0.200000E+001  0.100000E+001  0.500000E+000  0.300000E+000  0.200000E+001  0.100000E+001  0.100000E+001  0.100000E+002
 -0.212865E+002  0.487536E+001  0.241000E+002 -0.200000E+002 -0.238848E-002  0.754578E-002  0.791477E-002  0.161835E-002 -0.511277E-002  0.536279E-002  0.120000E+002  0.200000E+001  0.100000E+001  0.500000E+000  0.300000E+000  0.200000E+001  0.100000E+001  0.100000E+001  0.100000E+002
 -0.209694E+002  0.494569E+001  0.245000E+002 -0.200000E+002 -0.632387E-002  0.499799E-002  0.806047E-002  0.421029E-002 -0.332754E-002  0.536648E-002  0.120000E+002  0.200000E+001  0.100000E+001  0.500000E+000  0.300000E+000  0.200000E+001  0.100000E+001  0.100000E+001  0.100000E+002
 -0.206612E+002  0.501616E+001  0.249000E+002 -0.200000E+002 -0.817569E-002  0.566057E-003  0.819527E-002  0.534998E-002 -0.370414E-003  0.536279E-002  0.120000E+002  0.200000E+001  0.100000E+001  0.500000E+000  0.300000E+000  0.200000E+001  0.100000E+001  0.100000E+001  0.100000E+002
 -0.203616E+002  0.508678E+001  0.253000E+002 -0.200000E+002 -0.715817E-002 -0.423942E-002  0.831938E-002  0.460518E-002  0.272741E-002  0.535224E-002  0.120000E+002  0.200000E+001  0.100000E+001  0.500000E+000  0.300000E+000  0.200000E+001  0.100000E+001  0.100000E+001  0.100000E+002
 -0.200701E+002  0.515754E+001  0.257000E+002 -0.200000E+002 -0.350224E-002 -0.767142E-002  0.843305E-002  0.221576E-002  0.485347E-002  0.533533E-002  0.120000E+002  0.200000E+001  0.100000E+001  0.500000E+000  0.300000E+000  0.200000E+001  0.100000E+001  0.100000E+001  0.100000E+002
 -0.197866E+002  0.522842E+001  0.261000E+002 -0.200000E+002  0.155701E-002 -0.839337E-002  0.853657E-002 -0.968970E-003  0.522343E-002  0.531255E-002  0.120000E+002  0.200000E+001  0.100000E+001  0.500000E+000  0.300000E+000  0.200000E+001  0.100000E+001  0.100000E+001  0.100000E+002
 -0.195106E+002  0.529943E+001  0.265000E+002 -0.200000E+002  0.618404E-002 -0.601986E-002  0.863025E-002 -0.378655E-002  0.368602E-002  0.528438E-002  0.120000E+002  0.200000E+001  0.100000E+001  0.500000E+000  0.300000E+000  0.200000E+001  0.100000E+001  0.100000E+001  0.100000E+002
 -0.192420E+002  0.537056E+001  0.269000E+002 -0.200000E+002  0.861275E-002 -0.132722E-002  0.871442E-002 -0.519003E-002  0.799780E-003  0.525129E-002  0.120000E+002  0.200000E+001  0.100000E+001  0.500000E+000  0.300000E+000  0.200000E+001  0.100000E+001  0.100000E+001  0.100000E+002
 -0.189803E+002  0.544180E+001  0.273000E+002 -0.200000E+002  0.783776E-002  0.397789E-002  0.878943E-002 -0.464920E-002 -0.235960E-002  0.521371E-002  0.120000E+002  0.200000E+001  0.100000E+001  0.500000E+000  0.300000E+000  0.200000E+001  0.100000E+001  0.100000E+001  0.100000E+002
 -0.187255E+002  0.551315E+001  0.277000E+002 -0.200000E+002  0.405169E-002  0.787442E-002  0.885566E-002 -0.236636E-002 -0.459899E-002  0.517208E-002  0.120000E+002  0.200000E+001  0.100000E+001  0.500000E+000  0.300000E+000  0.200000E+001  0.100000E+001  0.100000E+001  0.100000E+002
 -0.184772E+002  0.558461E+001  0.281000E+002 -0.200000E+002 -0.136725E-002  0.880798E-002  0.891346E-002  0.786404E-003 -0.506611E-002  0.512679E-002  0.120000E+002  0.200000E+001  0.100000E+001  0.500000E+000  0.300000E+000  0.200000E+001  0.100000E+001  0.100000E+001  0.100000E+002
 -0.182351E+002  0.565617E+001  0.285000E+002 -0.200000E+002 -0.634416E-002  0.633174E-002  0.896322E-002  0.359436E-002 -0.358733E-002  0.507823E-002  0.120000E+002  0.200000E+001  0.100000E+001  0.500000E+000  0.300000E+000  0.200000E+001  0.100000E+001  0.100000E+001  0.100000E+002
 -0.179991E+002  0.572783E+001  0.289000E+002 -0.200000E+002 -0.890558E-002  0.133661E-002  0.900533E-002  0.497108E-002 -0.746091E-003  0.502675E-002  0.120000E+002  0.200000E+001  0.100000E+001  0.500000E+000  0.300000E+000  0.200000E+001  0.100000E+001  0.100000E+001  0.100000E+002
 -0.177689E+002  0.579959E+001  0.293000E+002 -0.200000E+002 -0.797882E-002 -0.425003E-002  0.904015E-002  0.438890E-002  0.233781E-002  0.497271E-002  0.120000E+002  0.200000E+001  0.100000E+001  0.500000E+000  0.300000E+000  0.200000E+001  0.100000E+001  0.100000E+001  0.100000E+002
 -0.175444E+002  0.587144E+001  0.297000E+002 -0.200000E+002 -0.386309E-002 -0.820403E-002  0.906806E-002  0.209444E-002  0.444796E-002  0.491641E-002  0.120000E+002  0.200000E+001  0.100000E+001  0.500000E+000  0.300000E+000  0.200000E+001  0.100000E+001  0.100000E+001  0.100000E+002
 -0.173253E+002  0.594337E+001  0.301000E+002 -0.200000E+002  0.184123E-002 -0.890098E-002  0.908942E-002 -0.984110E-003  0.475743E-002  0.485815E-002  0.120000E+002  0.200000E+001  0.100000E+001  0.500000E+000  0.300000E+000  0.200000E+001  0.100000E+001  0.100000E+001  0.100000E+002
 -0.171114E+002  0.601539E+001  0.305000E+002 -0.200000E+002  0.684449E-002 -0.600390E-002  0.910460E-002 -0.360711E-002  0.316411E-002  0.479821E-002  0.120000E+002  0.200000E+001  0.100000E+001  0.500000E+000  0.300000E+000  0.200000E+001  0.100000E+001  0.100000E+001  0.100000E+002
 -0.169026E+002  0.608749E+001  0.309000E+002 -0.200000E+002  0.909117E-002 -0.643969E-003  0.911395E-002 -0.472500E-002  0.334693E-003  0.473684E-002  0.120000E+002  0.200000E+001  0.100000E+001  0.500000E+000  0.300000E+000  0.200000E+001  0.100000E+001  0.100000E+001  0.100000E+002
 -0.166987E+002  0.615967E+001  0.313000E+002 -0.200000E+002  0.762093E-002  0.500558E-002  0.911781E-002 -0.390690E-002 -0.256613E-002  0.467428E-002  0.120000E+002  0.200000E+001  0.100000E+001  0.500000E+000  0.300000E+000  0.200000E+001  0.100000E+001  0.100000E+001  0.100000E+002
 -0.164995E+002  0.623193E+001  0.317000E+002 -0.200000E+002  0.300008E-002  0.860874E-002  0.911651E-002 -0.151731E-002 -0.435394E-002  0.461075E-002  0.120000E+002  0.200000E+001  0.100000E+001  0.500000E+000  0.300000E+000  0.200000E+001  0.100000E+001  0.100000E+001  0.100000E+002
 -0.163049E+002  0.630426E+001  0.321000E+002 -0.200000E+002 -0.287743E-002  0.864404E-002  0.911038E-002  0.143595E-002 -0.431373E-002  0.454645E-002  0.120000E+002  0.200000E+001  0.100000E+001  0.500000E+000  0.300000E+000  0.200000E+001  0.100000E+001  0.100000E+001  0.100000E+002
 -0.161147E+002  0.637666E+001  0.325000E+002 -0.200000E+002 -0.755882E-002  0.506645E-002  0.909970E-002  0.372269E-002 -0.249520E-002  0.448157E-002  0.120000E+002  0.200000E+001  0.100000E+001  0.500000E+000  0.300000E+000  0.200000E+001  0.100000E+001  0.100000E+001  0.100000E+002
 -0.159288E+002  0.644913E+001  0.329000E+002 -0.200000E+002 -0.906211E-002 -0.641619E-003  0.908479E-002  0.440524E-002  0.311901E-003  0.441626E-002  0.120000E+002  0.200000E+001  0.100000E+001  0.500000E+000  0.300000E+000  0.200000E+001  0.100000E+001  0.100000E+001  0.100000E+002
 -0.157470E+002  0.652166E+001  0.333000E+002 -0.200000E+002 -0.673141E-002 -0.607282E-002  0.906593E-002  0.323037E-002  0.291432E-002  0.435070E-002  0.120000E+002  0.200000E+001  0.100000E+001  0.500000E+000  0.300000E+000  0.200000E+001  0.100000E+001  0.100000E+001  0.100000E+002
 -0.155692E+002  0.659426E+001  0.337000E+002 -0.200000E+002 -0.154231E-002 -0.891089E-002  0.904338E-002  0.730791E-003  0.422224E-002  0.428501E-002  0.120000E+002  0.200000E+001  0.100000E+001  0.500000E+000  0.300000E+000  0.200000E+001  0.100000E+001  0.100000E+001  0.100000E+002
 -0.153953E+002  0.666693E+001  0.341000E+002 -0.200000E+002  0.429177E-002 -0.793059E-002  0.901740E-002 -0.200816E-002  0.371080E-002  0.421933E-002  0.120000E+002  0.200000E+001  0.100000E+001  0.500000E+000  0.300000E+000  0.200000E+001  0.100000E+001  0.100000E+001  0.100000E+002
 -0.152251E+002  0.673965E+001  0.345000E+002 -0.200000E+002  0.825974E-002 -0.354473E-002  0.898823E-002 -0.381711E-002  0.163814E-002  0.415377E-002  0.120000E+002  0.200000E+001  0.100000E+001  0.500000E+000  0.300000E+000  0.200000E+001  0.100000E+001  0.100000E+001  0.100000E+002
 -0.150586E+002  0.681243E+001  0.349000E+002 -0.200000E+002  0.864142E-002  0.235330E-002  0.895612E-002 -0.394478E-002 -0.107427E-002  0.408844E-002  0.120000E+002  0.200000E+001  0.100000E+001  0.500000E+000  0.300000E+000  0.200000E+001  0.100000E+001  0.100000E+001  0.100000E+002
 -0.148956E+002  0.688527E+001  0.353000E+002 -0.200000E+002  0.526898E-002  0.719910E-002  0.892128E-002 -0.237627E-002 -0.324674E-002  0.402343E-002  0.120000E+002  0.200000E+001  0.100000E+001  0.500000E+000  0.300000E+000  0.200000E+001  0.100000E+001  0.100000E+001  0.100000E+002
 -0.147360E+002  0.695816E+001  0.357000E+002 -0.200000E+002 -0.382525E-003  0.887568E-002  0.888392E-002  0.170459E-003 -0.395514E-002  0.395881E-002  0.120000E+002  0.200000E+001  0.100000E+001  0.500000E+000  0.300000E+000  0.200000E+001  0.100000E+001  0.100000E+001  0.100000E+002
 -0.145797E+002  0.703110E+001  0.361000E+002 -0.200000E+002 -0.582964E-002  0.665100E-002  0.884423E-002  0.256716E-002 -0.292886E-002  0.389468E-002  0.120000E+002  0.200000E+001  0.100000E+001  0.500000E+000  0.300000E+000  0.200000E+001  0.100000E+001  0.100000E+001  0.100000E+002
 -0.144266E+002  0.710410E+001  0.365000E+002 -0.200000E+002 -0.867128E-002  0.151374E-002  0.880241E-002  0.377402E-002 -0.658829E-003  0.383109E-002  0.120000E+002  0.200000E+001  0.100000E+001  0.500000E+000  0.300000E+000  0.200000E+001  0.100000E+001  0.100000E+001  0.100000E+002
 -0.142766E+002  0.717714E+001  0.369000E+002 -0.200000E+002 -0.765650E-002 -0.425345E-002  0.875864E-002  0.329395E-002  0.182990E-002  0.376811E-002  0.120000E+002  0.200000E+001  0.100000E+001  0.500000E+000  0.300000E+000  0.200000E+001  0.100000E+001  0.100000E+001  0.100000E+002
 -0.141297E+002  0.725024E+001  0.373000E+002 -0.200000E+002 -0.324986E-002 -0.808432E-002  0.871308E-002  0.138221E-002  0.343836E-002  0.370578E-002  0.120000E+002  0.200000E+001  0.100000E+001  0.500000E+000  0.300000E+000  0.200000E+001  0.100000E+001  0.100000E+001  0.100000E+002
 -0.139857E+002  0.732338E+001  0.377000E+002 -0.200000E+002  0.256751E-002 -0.827681E-002  0.866589E-002 -0.107968E-002  0.348054E-002  0.364415E-002  0.120000E+002  0.200000E+001  0.100000E+001  0.500000E+000  0.300000E+000  0.200000E+001  0.100000E+001  0.100000E+001  0.100000E+002
 -0.138445E+002  0.739656E+001  0.381000E+002 -0.200000E+002  0.718190E-002 -0.476200E-002  0.861721E-002 -0.298642E-002  0.198017E-002  0.358327E-002  0.120000E+002  0.200000E+001  0.100000E+001  0.500000E+000  0.300000E+000  0.200000E+001  0.100000E+001  0.100000E+001  0.100000E+002
 -0.137062E+002  0.746979E+001  0.385000E+002 -0.200000E+002  0.852400E-002  0.859112E-003  0.856719E-002 -0.350539E-002 -0.353300E-003  0.352315E-002  0.120000E+002  0.200000E+001  0.100000E+001  0.500000E+000  0.300000E+000  0.200000E+001  0.100000E+001  0.100000E+001  0.100000E+002
 -0.135705E+002  0.754306E+001  0.389000E+002 -0.200000E+002  0.600723E-002  0.603611E-002  0.851595E-002 -0.244343E-002 -0.245518E-002  0.346385E-002  0.120000E+002  0.200000E+001  0.100000E+001  0.500000E+000  0.300000E+000  0.200000E+001  0.100000E+001  0.100000E+001  0.100000E+002
 -0.134374E+002  0.761638E+001  0.393000E+002 -0.200000E+002  0.796862E-003  0.842603E-002  0.846363E-002 -0.320620E-003 -0.339024E-002  0.340537E-002  0.120000E+002  0.200000E+001  0.100000E+001  0.500000E+000  0.300000E+000  0.200000E+001  0.100000E+001  0.100000E+001  0.100000E+002
 -0.133068E+002  0.768973E+001  0.397000E+002 -0.200000E+002 -0.471922E-002  0.696151E-002  0.841033E-002  0.187849E-002 -0.277104E-002  0.334774E-002  0.120000E+002  0.200000E+001  0.100000E+001  0.500000E+000  0.300000E+000  0.200000E+001  0.100000E+001  0.100000E+001  0.100000E+002
 -0.131787E+002  0.776312E+001  0.401000E+002 -0.200000E+002 -0.802204E-002  0.233930E-002  0.835616E-002  0.315939E-002 -0.921305E-003  0.329098E-002  0.120000E+002  0.200000E+001  0.100000E+001  0.500000E+000  0.300000E+000  0.200000E+001  0.100000E+001  0.100000E+001  0.100000E+002
 -0.130531E+002  0.783656E+001  0.405000E+002 -0.200000E+002 -0.761711E-002 -0.329998E-002  0.830122E-002  0.296849E-002  0.128604E-002  0.323509E-002  0.120000E+002  0.200000E+001  0.100000E+001  0.500000E+000  0.300000E+000  0.200000E+001  0.100000E+001  0.100000E+001  0.100000E+002
 -0.129297E+002  0.791002E+001  0.409000E+002 -0.200000E+002 -0.372106E-002 -0.735826E-002  0.824562E-002  0.143511E-002  0.283787E-002  0.318010E-002  0.120000E+002  0.200000E+001  0.100000E+001  0.500000E+000  0.300000E+000  0.200000E+001  0.100000E+001  0.100000E+001  0.100000E+002
 -0.128086E+002  0.798353E+001  0.413000E+002 -0.200000E+002  0.184117E-002 -0.797978E-002  0.818943E-002 -0.702795E-003  0.304597E-002  0.312600E-002  0.120000E+002  0.200000E+001  0.100000E+001  0.500000E+000  0.300000E+000  0.200000E+001  0.100000E+001  0.100000E+001  0.100000E+002
 -0.126898E+002  0.805707E+001  0.417000E+002 -0.200000E+002  0.648451E-002 -0.490842E-002  0.813274E-002 -0.245005E-002  0.185455E-002  0.307280E-002  0.120000E+002  0.200000E+001  0.100000E+001  0.500000E+000  0.300000E+000  0.200000E+001  0.100000E+001  0.100000E+001  0.100000E+002
 -0.125730E+002  0.813064E+001  0.421000E+002 -0.200000E+002  0.806582E-002  0.397875E-003  0.807563E-002 -0.301684E-002 -0.148816E-003  0.302051E-002  0.120000E+002  0.200000E+001  0.100000E+001  0.500000E+000  0.300000E+000  0.200000E+001  0.100000E+001  0.100000E+001  0.100000E+002
 -0.124584E+002  0.820425E+001  0.425000E+002 -0.200000E+002  0.587994E-002  0.545136E-002  0.801817E-002 -0.217734E-002 -0.201863E-002  0.296912E-002  0.120000E+002  0.200000E+001  0.100000E+001  0.500000E+000  0.300000E+000  0.200000E+001  0.100000E+001  0.100000E+001  0.100000E+002
 -0.123458E+002  0.827789E+001  0.429000E+002 -0.200000E+002  0.983315E-003  0.789946E-002  0.796043E-002 -0.360525E-003 -0.289628E-002  0.291863E-002  0.120000E+002  0.200000E+001  0.100000E+001  0.500000E+000  0.300000E+000  0.200000E+001  0.100000E+001  0.100000E+001  0.100000E+002
 -0.122352E+002  0.835156E+001  0.433000E+002 -0.200000E+002 -0.430788E-002  0.662503E-002  0.790246E-002  0.156401E-002 -0.240527E-002  0.286905E-002  0.120000E+002  0.200000E+001  0.100000E+001  0.500000E+000  0.300000E+000  0.200000E+001  0.100000E+001  0.100000E+001  0.100000E+002
 -0.121266E+002  0.842526E+001  0.437000E+002 -0.200000E+002 -0.751034E-002  0.226460E-002  0.784433E-002  0.270027E-002 -0.814216E-003  0.282036E-002  0.120000E+002  0.200000E+001  0.100000E+001  0.500000E+000  0.300000E+000  0.200000E+001  0.100000E+001  0.100000E+001  0.100000E+002
 -0.120198E+002  0.849899E+001  0.441000E+002 -0.200000E+002 -0.714234E-002 -0.310005E-002  0.778610E-002  0.254332E-002  0.110390E-002  0.277255E-002  0.120000E+002  0.200000E+001  0.100000E+001  0.500000E+000  0.300000E+000  0.200000E+001  0.100000E+001  0.100000E+001  0.100000E+002
 -0.119149E+002  0.857275E+001  0.445000E+002 -0.200000E+002 -0.341678E-002 -0.693142E-002  0.772780E-002  0.120511E-002  0.244474E-002  0.272563E-002  0.120000E+002  0.200000E+001  0.100000E+001  0.500000E+000  0.300000E+000  0.200000E+001  0.100000E+001  0.100000E+001  0.100000E+002
 -0.118117E+002  0.864654E+001  0.449000E+002 -0.200000E+002  0.186958E-002 -0.743814E-002  0.766950E-002 -0.653196E-003  0.259875E-002  0.267959E-002  0.120000E+002  0.200000E+001  0.100000E+001  0.500000E+000  0.300000E+000  0.200000E+001  0.100000E+001  0.100000E+001  0.100000E+002
 -0.117103E+002  0.872035E+001  0.453000E+002 -0.200000E+002  0.619720E-002 -0.441877E-002  0.761123E-002 -0.214498E-002  0.152943E-002  0.263440E-002  0.120000E+002  0.200000E+001  0.100000E+001  0.500000E+000  0.300000E+000  0.200000E+001  0.100000E+001  0.100000E+001  0.100000E+002
 -0.116106E+002  0.879419E+001  0.457000E+002 -0.200000E+002  0.752473E-002  0.653226E-003  0.755303E-002 -0.258037E-002 -0.224004E-003  0.259008E-002  0.120000E+002  0.200000E+001  0.100000E+001  0.500000E+000  0.300000E+000  0.200000E+001  0.100000E+001  0.100000E+001  0.100000E+002
 -0.115126E+002  0.886806E+001  0.461000E+002 -0.200000E+002  0.525685E-002  0.534225E-002  0.749494E-002 -0.178615E-002 -0.181517E-002  0.254660E-002  0.120000E+002  0.200000E+001  0.100000E+001  0.500000E+000  0.300000E+000  0.200000E+001  0.100000E+001  0.100000E+001  0.100000E+002
 -0.114161E+002  0.894196E+001  0.465000E+002 -0.200000E+002  0.517540E-003  0.741896E-002  0.743699E-002 -0.174250E-003 -0.249788E-002  0.250395E-002  0.120000E+002  0.200000E+001  0.100000E+001  0.500000E+000  0.300000E+000  0.200000E+001  0.100000E+001  0.100000E+001  0.100000E+002
 -0.113213E+002  0.901587E+001  0.469000E+002 -0.200000E+002 -0.440008E-002  0.592387E-002  0.737922E-002  0.146811E-002 -0.197653E-002  0.246212E-002  0.120000E+002  0.200000E+001  0.100000E+001  0.500000E+000  0.300000E+000  0.200000E+001  0.100000E+001  0.100000E+001  0.100000E+002
 -0.112280E+002  0.908982E+001  0.473000E+002 -0.200000E+002 -0.714094E-002  0.161668E-002  0.732165E-002  0.236135E-002 -0.534598E-003  0.242111E-002  0.120000E+002  0.200000E+001  0.100000E+001  0.500000E+000  0.300000E+000  0.200000E+001  0.100000E+001  0.100000E+001  0.100000E+002
 -0.111362E+002  0.916378E+001  0.477000E+002 -0.200000E+002 -0.641833E-002 -0.340225E-002  0.726432E-002  0.210362E-002  0.111509E-002  0.238089E-002  0.120000E+002  0.200000E+001  0.100000E+001  0.500000E+000  0.300000E+000  0.200000E+001  0.100000E+001  0.100000E+001  0.100000E+002
 -0.110459E+002  0.923777E+001  0.481000E+002 -0.200000E+002 -0.262341E-002 -0.671283E-002  0.720724E-002  0.852280E-003  0.218083E-002  0.234146E-002  0.120000E+002  0.200000E+001  0.100000E+001  0.500000E+000  0.300000E+000  0.200000E+001  0.100000E+001  0.100000E+001  0.100000E+002
 -0.109570E+002  0.931179E+001  0.485000E+002 -0.200000E+002  0.237781E-002 -0.674350E-002  0.715044E-002 -0.765774E-003  0.217174E-002  0.230280E-002  0.120000E+002  0.200000E+001  0.100000E+001  0.500000E+000  0.300000E+000  0.200000E+001  0.100000E+001  0.100000E+001  0.100000E+002
 -0.108695E+002  0.938582E+001  0.489000E+002 -0.200000E+002  0.615790E-002 -0.352197E-002  0.709394E-002 -0.196604E-002  0.112446E-002  0.226489E-002  0.120000E+002  0.200000E+001  0.100000E+001  0.500000E+000  0.300000E+000  0.200000E+001  0.100000E+001  0.100000E+001  0.100000E+002
 -0.107834E+002  0.945988E+001  0.493000E+002 -0.200000E+002  0.690651E-002  0.135284E-002  0.703776E-002 -0.218619E-002 -0.428230E-003  0.222774E-002  0.120000E+002  0.200000E+001  0.100000E+001  0.500000E+000  0.300000E+000  0.200000E+001  0.100000E+001  0.100000E+001  0.100000E+002
 -0.106986E+002  0.953396E+001  0.497000E+002 -0.200000E+002  0.430123E-002  0.549970E-002  0.698192E-002 -0.134996E-002 -0.172611E-002  0.219132E-002  0.120000E+002  0.200000E+001  0.100000E+001  0.500000E+000  0.300000E+000  0.200000E+001  0.100000E+001  0.100000E+001  0.100000E+002
 -0.106151E+002  0.960805E+001  0.501000E+002 -0.200000E+002 -0.350254E-003  0.691757E-002  0.692643E-002  0.109005E-003 -0.215285E-002  0.215561E-002  0.120000E+002  0.200000E+001  0.100000E+001  0.500000E+000  0.300000E+000  0.200000E+001  0.100000E+001  0.100000E+001  0.100000E+002
 -0.105330E+002  0.968217E+001  0.505000E+002 -0.200000E+002 -0.476135E-002  0.495423E-002  0.687130E-002  0.146944E-002 -0.152897E-002  0.212062E-002  0.120000E+002  0.200000E+001  0.100000E+001  0.500000E+000  0.300000E+000  0.200000E+001  0.100000E+001  0.100000E+001  0.100000E+002
 -0.104520E+002  0.975631E+001  0.509000E+002 -0.200000E+002 -0.678918E-002  0.610323E-003  0.681656E-002  0.207793E-002 -0.186799E-003  0.208631E-002  0.120000E+002  0.200000E+001  0.100000E+001  0.500000E+000  0.300000E+000  0.200000E+001  0.100000E+001  0.100000E+001  0.100000E+002
 -0.103723E+002  0.983047E+001  0.513000E+002 -0.200000E+002 -0.547774E-002 -0.396508E-002  0.676221E-002  0.166278E-002  0.120361E-002  0.205269E-002  0.120000E+002  0.200000E+001  0.100000E+001  0.500000E+000  0.300000E+000  0.200000E+001  0.100000E+001  0.100000E+001  0.100000E+002
 -0.102938E+002  0.990464E+001  0.517000E+002 -0.200000E+002 -0.151250E-002 -0.653552E-002  0.670826E-002  0.455386E-003  0.196772E-002  0.201973E-002  0.120000E+002  0.200000E+001  0.100000E+001  0.500000E+000  0.300000E+000  0.200000E+001  0.100000E+001  0.100000E+001  0.100000E+002
 -0.102164E+002  0.997883E+001  0.521000E+002 -0.200000E+002  0.313177E-002 -0.587173E-002  0.665472E-002 -0.935301E-003  0.175359E-002  0.198742E-002  0.120000E+002  0.200000E+001  0.100000E+001  0.500000E+000  0.300000E+000  0.200000E+001  0.100000E+001  0.100000E+001  0.100000E+002
 -0.101402E+002  0.100530E+002  0.525000E+002 -0.200000E+002  0.617180E-002 -0.234306E-002  0.660160E-002 -0.182843E-002  0.694144E-003  0.195576E-002  0.120000E+002  0.200000E+001  0.100000E+001  0.500000E+000  0.300000E+000  0.200000E+001  0.100000E+001  0.100000E+001  0.100000E+002
 -0.100651E+002  0.101273E+002  0.529000E+002 -0.200000E+002  0.613893E-002  0.228073E-002  0.654890E-002 -0.180423E-002 -0.670304E-003  0.192472E-002  0.120000E+002  0.200000E+001  0.100000E+001  0.500000E+000  0.300000E+000  0.200000E+001  0.100000E+001  0.100000E+001  0.100000E+002
 -0.999108E+001  0.102015E+002  0.533000E+002 -0.200000E+002  0.309174E-002  0.571380E-002  0.649665E-002 -0.901491E-003 -0.166603E-002  0.189430E-002  0.120000E+002  0.200000E+001  0.100000E+001  0.500000E+000  0.300000E+000  0.200000E+001  0.100000E+001  0.100000E+001  0.100000E+002
 -0.991814E+001  0.102758E+002  0.537000E+002 -0.200000E+002 -0.142941E-002  0.628431E-002  0.644483E-002  0.413524E-003 -0.181804E-002  0.186447E-002  0.120000E+002  0.200000E+001  0.100000E+001  0.500000E+000  0.300000E+000  0.200000E+001  0.100000E+001  0.100000E+001  0.100000E+002
 -0.984625E+001  0.103501E+002  0.541000E+002 -0.200000E+002 -0.517743E-002  0.375107E-002  0.639345E-002  0.148618E-002 -0.107674E-002  0.183524E-002  0.120000E+002  0.200000E+001  0.100000E+001  0.500000E+000  0.300000E+000  0.200000E+001  0.100000E+001  0.100000E+001  0.100000E+002
 -0.977538E+001  0.104244E+002  0.545000E+002 -0.200000E+002 -0.631471E-002 -0.593385E-003  0.634253E-002  0.179866E-002  0.169018E-003  0.180658E-002  0.120000E+002  0.200000E+001  0.100000E+001  0.500000E+000  0.300000E+000  0.200000E+001  0.100000E+001  0.100000E+001  0.100000E+002
 -0.970552E+001  0.104987E+002  0.549000E+002 -0.200000E+002 -0.431610E-002 -0.457834E-002  0.629205E-002  0.121998E-002  0.129410E-002  0.177849E-002  0.120000E+002  0.200000E+001  0.100000E+001  0.500000E+000  0.300000E+000  0.200000E+001  0.100000E+001  0.100000E+001  0.100000E+002
 -0.963664E+001  0.105730E+002  0.553000E+002 -0.200000E+002 -0.213752E-003 -0.623837E-002  0.624203E-002  0.599596E-004  0.174993E-002  0.175095E-002  0.120000E+002  0.200000E+001  0.100000E+001  0.500000E+000  0.300000E+000  0.200000E+001  0.100000E+001  0.100000E+001  0.100000E+002
 -0.956872E+001  0.106473E+002  0.557000E+002 -0.200000E+002  0.393171E-002 -0.478418E-002  0.619247E-002 -0.109457E-002  0.133189E-002  0.172396E-002  0.120000E+002  0.200000E+001  0.100000E+001  0.500000E+000  0.300000E+000  0.200000E+001  0.100000E+001  0.100000E+001  0.100000E+002
 -0.950174E+001  0.107217E+002  0.561000E+002 -0.200000E+002  0.606464E-002 -0.980382E-003  0.614337E-002 -0.167573E-002  0.270892E-003  0.169749E-002  0.120000E+002  0.200000E+001  0.100000E+001  0.500000E+000  0.300000E+000  0.200000E+001  0.100000E+001  0.100000E+001  0.100000E+002
 -0.943568E+001  0.107961E+002  0.565000E+002 -0.200000E+002  0.515465E-002  0.325196E-002  0.609473E-002 -0.141371E-002 -0.891883E-003  0.167154E-002  0.120000E+002  0.200000E+001  0.100000E+001  0.500000E+000  0.300000E+000  0.200000E+001  0.100000E+001  0.100000E+001  0.100000E+002
 -0.937053E+001  0.108705E+002  0.569000E+002 -0.200000E+002  0.169680E-002  0.580358E-002  0.604654E-002 -0.461933E-003 -0.157995E-002  0.164610E-002  0.120000E+002  0.200000E+001  0.100000E+001  0.500000E+000  0.300000E+000  0.200000E+001  0.100000E+001  0.100000E+001  0.100000E+002
 -0.930627E+001  0.109449E+002  0.573000E+002 -0.200000E+002 -0.255261E-002  0.542864E-002  0.599882E-002  0.689828E-003 -0.146706E-002  0.162115E-002  0.120000E+002  0.200000E+001  0.100000E+001  0.500000E+000  0.300000E+000  0.200000E+001  0.100000E+001  0.100000E+001  0.100000E+002
 -0.924287E+001  0.110193E+002  0.577000E+002 -0.200000E+002 -0.546574E-002  0.235515E-002  0.595156E-002  0.146635E-002 -0.631841E-003  0.159669E-002  0.120000E+002  0.200000E+001  0.100000E+001  0.500000E+000  0.300000E+000  0.200000E+001  0.100000E+001  0.100000E+001  0.100000E+002
 -0.918032E+001  0.110937E+002  0.581000E+002 -0.200000E+002 -0.560875E-002 -0.184612E-002  0.590477E-002  0.149386E-002  0.491703E-003  0.157270E-002  0.120000E+002  0.200000E+001  0.100000E+001  0.500000E+000  0.300000E+000  0.200000E+001  0.100000E+001  0.100000E+001  0.100000E+002
 -0.911861E+001  0.111681E+002  0.585000E+002 -0.200000E+002 -0.294933E-002 -0.506188E-002  0.585843E-002  0.779908E-003  0.133854E-002  0.154918E-002  0.120000E+002  0.200000E+001  0.100000E+001  0.500000E+000  0.300000E+000  0.200000E+001  0.100000E+001  0.100000E+001  0.100000E+002
 -0.905771E+001  0.112426E+002  0.589000E+002 -0.200000E+002  0.114386E-002 -0.569888E-002  0.581255E-002 -0.300325E-003  0.149627E-002  0.152611E-002  0.120000E+002  0.200000E+001  0.100000E+001  0.500000E+000  0.300000E+000  0.200000E+001  0.100000E+001  0.100000E+001  0.100000E+002
 -0.899762E+001  0.113170E+002  0.593000E+002 -0.200000E+002  0.460274E-002 -0.347484E-002  0.576712E-002 -0.119993E-002  0.905888E-003  0.150348E-002  0.120000E+002  0.200000E+001  0.100000E+001  0.500000E+000  0.300000E+000  0.200000E+001  0.100000E+001  0.100000E+001  0.100000E+002
 -0.893831E+001  0.113915E+002  0.597000E+002 -0.200000E+002  0.570396E-002  0.456008E-003  0.572215E-002 -0.147658E-002 -0.118047E-003  0.148129E-002  0.120000E+002  0.200000E+001  0.100000E+001  0.500000E+000  0.300000E+000  0.200000E+001  0.100000E+001  0.100000E+001  0.100000E+002
 -0.887977E+001  0.114660E+002  0.601000E+002 -0.200000E+002  0.392870E-002  0.409889E-002  0.567764E-002 -0.100993E-002 -0.105369E-002  0.145953E-002  0.120000E+002  0.200000E+001  0.100000E+001  0.500000E+000  0.300000E+000  0.200000E+001  0.100000E+001  0.100000E+001  0.100000E+002
 -0.882199E+001  0.115405E+002  0.605000E+002 -0.200000E+002  0.208431E-003  0.562972E-002  0.563358E-002 -0.532097E-004 -0.143719E-002  0.143818E-002  0.120000E+002  0.200000E+001  0.100000E+001  0.500000E+000  0.300000E+000  0.200000E+001  0.100000E+001  0.100000E+001  0.100000E+002
 -0.876495E+001  0.116150E+002  0.609000E+002 -0.200000E+002 -0.356060E-002  0.430927E-002  0.558996E-002  0.902727E-003 -0.109254E-002  0.141724E-002  0.120000E+002  0.200000E+001  0.100000E+001  0.500000E+000  0.300000E+000  0.200000E+001  0.100000E+001  0.100000E+001  0.100000E+002
 -0.870863E+001  0.116895E+002  0.613000E+002 -0.200000E+002 -0.548257E-002  0.841654E-003  0.554680E-002  0.138052E-002 -0.211930E-003  0.139669E-002  0.120000E+002  0.200000E+001  0.100000E+001  0.500000E+000  0.300000E+000  0.200000E+001  0.100000E+001  0.100000E+001  0.100000E+002
 -0.865303E+001  0.117641E+002  0.617000E+002 -0.200000E+002 -0.461615E-002 -0.299767E-002  0.550407E-002  0.115447E-002  0.749697E-003  0.137653E-002  0.120000E+002  0.200000E+001  0.100000E+001  0.500000E+000  0.300000E+000  0.200000E+001  0.100000E+001  0.100000E+001  0.100000E+002
 -0.859813E+001  0.118386E+002  0.621000E+002 -0.200000E+002 -0.143702E-002 -0.526936E-002  0.546179E-002  0.356968E-003  0.130896E-002  0.135676E-002  0.120000E+002  0.200000E+001  0.100000E+001  0.500000E+000  0.300000E+000  0.200000E+001  0.100000E+001  0.100000E+001  0.100000E+002
 -0.854392E+001  0.119132E+002  0.625000E+002 -0.200000E+002  0.241934E-002 -0.485001E-002  0.541994E-002 -0.596966E-003  0.119672E-002  0.133735E-002  0.120000E+002  0.200000E+001  0.100000E+001  0.500000E+000  0.300000E+000  0.200000E+001  0.100000E+001  0.100000E+001  0.100000E+002
 -0.849038E+001  0.119877E+002  0.629000E+002 -0.200000E+002  0.499724E-002 -0.198901E-002  0.537853E-002 -0.122486E-002  0.487520E-003  0.131831E-002  0.120000E+002  0.200000E+001  0.100000E+001  0.500000E+000  0.300000E+000  0.200000E+001  0.100000E+001  0.100000E+001  0.100000E+002
 -0.843750E+001  0.120623E+002  0.633000E+002 -0.200000E+002  0.501247E-002  0.183429E-002  0.533755E-002 -0.122048E-002 -0.446627E-003  0.129963E-002  0.120000E+002  0.200000E+001  0.100000E+001  0.500000E+000  0.300000E+000  0.200000E+001  0.100000E+001  0.100000E+001  0.100000E+002
 -0.838528E+001  0.121369E+002  0.637000E+002 -0.200000E+002  0.249319E-002  0.467356E-002  0.529700E-002 -0.603080E-003 -0.113049E-002  0.128129E-002  0.120000E+002  0.200000E+001  0.100000E+001  0.500000E+000  0.300000E+000  0.200000E+001  0.100000E+001  0.100000E+001  0.100000E+002
 -0.833369E+001  0.122115E+002  0.641000E+002 -0.200000E+002 -0.125048E-002  0.510598E-002  0.525687E-002  0.300506E-003 -0.122704E-002  0.126330E-002  0.120000E+002  0.200000E+001  0.100000E+001  0.500000E+000  0.300000E+000  0.200000E+001  0.100000E+001  0.100000E+001  0.100000E+002
 -0.828272E+001  0.122861E+002  0.645000E+002 -0.200000E+002 -0.430569E-002  0.294616E-002  0.521717E-002  0.102801E-002 -0.703415E-003  0.124563E-002  0.120000E+002  0.200000E+001  0.100000E+001  0.500000E+000  0.300000E+000  0.200000E+001  0.100000E+001  0.100000E+001  0.100000E+002
 -0.823238E+001  0.123607E+002  0.649000E+002 -0.200000E+002 -0.513367E-002 -0.675191E-003  0.517788E-002  0.121781E-002  0.160169E-003  0.122830E-002  0.120000E+002  0.200000E+001  0.100000E+001  0.500000E+000  0.300000E+000  0.200000E+001  0.100000E+001  0.100000E+001  0.100000E+002
 -0.818263E+001  0.124354E+002  0.653000E+002 -0.200000E+002 -0.334542E-002 -0.390096E-002  0.513900E-002  0.788528E-003  0.919470E-003  0.121128E-002  0.120000E+002  0.200000E+001  0.100000E+001  0.500000E+000  0.300000E+000  0.200000E+001  0.100000E+001  0.100000E+001  0.100000E+002
 -0.813348E+001  0.125100E+002  0.657000E+002 -0.200000E+002  0.114989E-003 -0.509924E-002  0.510053E-002 -0.269310E-004  0.119427E-002  0.119457E-002  0.120000E+002  0.200000E+001  0.100000E+001  0.500000E+000  0.300000E+000  0.200000E+001  0.100000E+001  0.100000E+001  0.100000E+002
 -0.808492E+001  0.125846E+002  0.661000E+002 -0.200000E+002  0.346653E-002 -0.368941E-002  0.506247E-002 -0.806754E-003  0.858626E-003  0.117817E-002  0.120000E+002  0.200000E+001  0.100000E+001  0.500000E+000  0.300000E+000  0.200000E+001  0.100000E+001  0.100000E+001  0.100000E+002
 -0.803692E+001  0.126593E+002  0.665000E+002 -0.200000E+002  0.500686E-002 -0.424304E-003  0.502481E-002 -0.115792E-002  0.981272E-004  0.116207E-002  0.120000E+002  0.200000E+001  0.100000E+001  0.500000E+000  0.300000E+000  0.200000E+001  0.100000E+001  0.100000E+001  0.100000E+002
 -0.798949E+001  0.127340E+002  0.669000E+002 -0.200000E+002  0.397736E-002  0.300935E-002  0.498755E-002 -0.914093E-003 -0.691621E-003  0.114626E-002  0.120000E+002  0.200000E+001  0.100000E+001  0.500000E+000  0.300000E+000  0.200000E+001  0.100000E+001  0.100000E+001  0.100000E+002
 -0.794261E+001  0.128086E+002  0.673000E+002 -0.200000E+002  0.937584E-003  0.486108E-002  0.495068E-002 -0.214144E-003 -0.111027E-002  0.113073E-002  0.120000E+002  0.200000E+001  0.100000E+001  0.500000E+000  0.300000E+000  0.200000E+001  0.100000E+001  0.100000E+001  0.100000E+002
 -0.789628E+001  0.128833E+002  0.677000E+002 -0.200000E+002 -0.253610E-002  0.420922E-002  0.491420E-002  0.575676E-003 -0.955461E-003  0.111549E-002  0.120000E+002  0.200000E+001  0.100000E+001  0.500000E+000  0.300000E+000  0.200000E+001  0.100000E+001  0.100000E+001  0.100000E+002
 -0.785048E+001  0.129580E+002  0.681000E+002 -0.200000E+002 -0.466671E-002  0.142047E-002  0.487810E-002  0.105282E-002 -0.320462E-003  0.110051E-002  0.120000E+002  0.200000E+001  0.100000E+001  0.500000E+000  0.300000E+000  0.200000E+001  0.100000E+001  0.100000E+001  0.100000E+002
 -0.780520E+001  0.130327E+002  0.685000E+002 -0.200000E+002 -0.438561E-002 -0.205309E-002  0.484239E-002  0.983382E-003  0.460362E-003  0.108581E-002  0.120000E+002  0.200000E+001  0.100000E+001  0.500000E+000  0.300000E+000  0.200000E+001  0.100000E+001  0.100000E+001  0.100000E+002
 -0.776044E+001  0.131074E+002  0.689000E+002 -0.200000E+002 -0.186928E-002 -0.442872E-002  0.480705E-002  0.416611E-003  0.987042E-003  0.107136E-002  0.120000E+002  0.200000E+001  0.100000E+001  0.500000E+000  0.300000E+000  0.200000E+001  0.100000E+001  0.100000E+001  0.100000E+002
 -0.771619E+001  0.131821E+002  0.693000E+002 -0.200000E+002  0.156627E-002 -0.450773E-002  0.477209E-002 -0.346980E-003  0.998610E-003  0.105717E-002  0.120000E+002  0.200000E+001  0.100000E+001  0.500000E+000  0.300000E+000  0.200000E+001  0.100000E+001  0.100000E+001  0.100000E+002
 -0.767244E+001  0.132568E+002  0.697000E+002 -0.200000E+002  0.415223E-002 -0.228098E-002  0.473750E-002 -0.914356E-003  0.502290E-003  0.104324E-002  0.120000E+002  0.200000E+001  0.100000E+001  0.500000E+000  0.300000E+000  0.200000E+001  0.100000E+001  0.100000E+001  0.100000E+002
 -0.762918E+001  0.133315E+002  0.701000E+002 -0.200000E+002  0.457732E-002  0.108117E-002  0.470327E-002 -0.100197E-002 -0.236669E-003  0.102954E-002  0.120000E+002  0.200000E+001  0.100000E+001  0.500000E+000  0.300000E+000  0.200000E+001  0.100000E+001  0.100000E+001  0.100000E+002
 -0.758639E+001  0.134063E+002  0.705000E+002 -0.200000E+002  0.265319E-002  0.384238E-002  0.466941E-002 -0.577352E-003 -0.836128E-003  0.101609E-002  0.120000E+002  0.200000E+001  0.100000E+001  0.500000E+000  0.300000E+000  0.200000E+001  0.100000E+001  0.100000E+001  0.100000E+002
 -0.754409E+001  0.134810E+002  0.709000E+002 -0.200000E+002 -0.602903E-003  0.459653E-002  0.463590E-002  0.130425E-003 -0.994359E-003  0.100288E-002  0.120000E+002  0.200000E+001  0.100000E+001  0.500000E+000  0.300000E+000  0.200000E+001  0.100000E+001  0.100000E+001  0.100000E+002
 -0.750225E+001  0.135558E+002  0.713000E+002 -0.200000E+002 -0.350430E-002  0.298415E-002  0.460274E-002  0.753653E-003 -0.641787E-003  0.989890E-003  0.120000E+002  0.200000E+001  0.100000E+001  0.500000E+000  0.300000E+000  0.200000E+001  0.100000E+001  0.100000E+001  0.100000E+002
 -0.746087E+001  0.136305E+002  0.717000E+002 -0.200000E+002 -0.456791E-002 -0.136110E-003  0.456994E-002  0.976694E-003  0.291027E-004  0.977128E-003  0.120000E+002  0.200000E+001  0.100000E+001  0.500000E+000  0.300000E+000  0.200000E+001  0.100000E+001  0.100000E+001  0.100000E+002
 -0.741994E+001  0.137053E+002  0.721000E+002 -0.200000E+002 -0.327263E-002 -0.314302E-002  0.453747E-002  0.695704E-003  0.668150E-003  0.964587E-003  0.120000E+002  0.200000E+001  0.100000E+001  0.500000E+000  0.300000E+000  0.200000E+001  0.100000E+001  0.100000E+001  0.100000E+002
 -0.737945E+001  0.137801E+002  0.725000E+002 -0.200000E+002 -0.315008E-003 -0.449433E-002  0.450535E-002  0.665807E-004  0.949931E-003  0.952262E-003  0.120000E+002  0.200000E+001  0.100000E+001  0.500000E+000  0.300000E+000  0.200000E+001  0.100000E+001  0.100000E+001  0.100000E+002
 -0.733941E+001  0.138548E+002  0.729000E+002 -0.200000E+002  0.276347E-002 -0.351796E-002  0.447357E-002 -0.580760E-003  0.739320E-003  0.940147E-003  0.120000E+002  0.200000E+001  0.100000E+001  0.500000E+000  0.300000E+000  0.200000E+001  0.100000E+001  0.100000E+001  0.100000E+002
 -0.729979E+001  0.139296E+002  0.733000E+002 -0.200000E+002  0.437891E-002 -0.746713E-003  0.444212E-002 -0.915033E-003  0.156036E-003  0.928241E-003  0.120000E+002  0.200000E+001  0.100000E+001  0.500000E+000  0.300000E+000  0.200000E+001  0.100000E+001  0.100000E+001  0.100000E+002
 -0.726059E+001  0.140044E+002  0.737000E+002 -0.200000E+002  0.371994E-002  0.237043E-002  0.441100E-002 -0.772945E-003 -0.492538E-003  0.916536E-003  0.120000E+002  0.200000E+001  0.100000E+001  0.500000E+000  0.300000E+000  0.200000E+001  0.100000E+001  0.100000E+001  0.100000E+002
 -0.722181E+001  0.140792E+002  0.741000E+002 -0.200000E+002  0.115573E-002  0.422498E-002  0.438020E-002 -0.238795E-003 -0.872959E-003  0.905030E-003  0.120000E+002  0.200000E+001  0.100000E+001  0.500000E+000  0.300000E+000  0.200000E+001  0.100000E+001  0.100000E+001  0.100000E+002
 -0.718345E+001  0.141540E+002  0.745000E+002 -0.200000E+002 -0.196846E-002  0.387883E-002  0.434973E-002  0.404451E-003 -0.796963E-003  0.893718E-003  0.120000E+002  0.200000E+001  0.100000E+001  0.500000E+000  0.300000E+000  0.200000E+001  0.100000E+001  0.100000E+001  0.100000E+002
 -0.714548E+001  0.142288E+002  0.749000E+002 -0.200000E+002 -0.403602E-002  0.153922E-002  0.431957E-002  0.824661E-003 -0.314502E-003  0.882597E-003  0.120000E+002  0.200000E+001  0.100000E+001  0.500000E+000  0.300000E+000  0.200000E+001  0.100000E+001  0.100000E+001  0.100000E+002
 -0.710791E+001  0.143036E+002  0.753000E+002 -0.200000E+002 -0.399527E-002 -0.156192E-002  0.428973E-002  0.811828E-003  0.317378E-003  0.871661E-003  0.120000E+002  0.200000E+001  0.100000E+001  0.500000E+000  0.300000E+000  0.200000E+001  0.100000E+001  0.100000E+001  0.100000E+002
 -0.707073E+001  0.143785E+002  0.757000E+002 -0.200000E+002 -0.189480E-002 -0.381562E-002  0.426020E-002  0.382906E-003  0.771069E-003  0.860909E-003  0.120000E+002  0.200000E+001  0.100000E+001  0.500000E+000  0.300000E+000  0.200000E+001  0.100000E+001  0.100000E+001  0.100000E+002
 -0.703394E+001  0.144533E+002  0.761000E+002 -0.200000E+002  0.115490E-002 -0.407029E-002  0.423097E-002 -0.232111E-003  0.818043E-003  0.850335E-003  0.120000E+002  0.200000E+001  0.100000E+001  0.500000E+000  0.300000E+000  0.200000E+001  0.100000E+001  0.100000E+001  0.100000E+002
 -0.699753E+001  0.145281E+002  0.765000E+002 -0.200000E+002  0.356743E-002 -0.222050E-002  0.420205E-002 -0.713085E-003  0.443850E-003  0.839936E-003  0.120000E+002  0.200000E+001  0.100000E+001  0.500000E+000  0.300000E+000  0.200000E+001  0.100000E+001  0.100000E+001  0.100000E+002
 -0.696149E+001  0.146030E+002  0.769000E+002 -0.200000E+002  0.410525E-002  0.751247E-003  0.417342E-002 -0.816157E-003 -0.149354E-003  0.829710E-003  0.120000E+002  0.200000E+001  0.100000E+001  0.500000E+000  0.300000E+000  0.200000E+001  0.100000E+001  0.100000E+001  0.100000E+002
 -0.692582E+001  0.146778E+002  0.773000E+002 -0.200000E+002  0.251475E-002  0.329512E-002  0.414509E-002 -0.497267E-003 -0.651577E-003  0.819650E-003  0.120000E+002  0.200000E+001  0.100000E+001  0.500000E+000  0.300000E+000  0.200000E+001  0.100000E+001  0.100000E+001  0.100000E+002
 -0.689051E+001  0.147527E+002  0.777000E+002 -0.200000E+002 -0.354509E-003  0.410176E-002  0.411705E-002  0.697262E-004 -0.806749E-003  0.809757E-003  0.120000E+002  0.200000E+001  0.100000E+001  0.500000E+000  0.300000E+000  0.200000E+001  0.100000E+001  0.100000E+001  0.100000E+002
 -0.685555E+001  0.148275E+002  0.781000E+002 -0.200000E+002 -0.300234E-002  0.277639E-002  0.408930E-002  0.587372E-003 -0.543169E-003  0.800024E-003  0.120000E+002  0.200000E+001  0.100000E+001  0.500000E+000  0.300000E+000  0.200000E+001  0.100000E+001  0.100000E+001  0.100000E+002
 -0.682095E+001  0.149024E+002  0.785000E+002 -0.200000E+002 -0.406171E-002  0.320414E-004  0.406184E-002  0.790424E-003 -0.623538E-005  0.790449E-003  0.120000E+002  0.200000E+001  0.100000E+001  0.500000E+000  0.300000E+000  0.200000E+001  0.100000E+001  0.100000E+001  0.100000E+002
 -0.678669E+001  0.149772E+002  0.789000E+002 -0.200000E+002 -0.300462E-002 -0.269271E-002  0.403465E-002  0.581635E-003  0.521255E-003  0.781029E-003  0.120000E+002  0.200000E+001  0.100000E+001  0.500000E+000  0.300000E+000  0.200000E+001  0.100000E+001  0.100000E+001  0.100000E+002
 -0.675278E+001  0.150521E+002  0.793000E+002 -0.200000E+002 -0.405432E-003 -0.398719E-002  0.400775E-002  0.780728E-004  0.767802E-003  0.771761E-003  0.120000E+002  0.200000E+001  0.100000E+001  0.500000E+000  0.300000E+000  0.200000E+001  0.100000E+001  0.100000E+001  0.100000E+002
 -0.671920E+001  0.151270E+002  0.797000E+002 -0.200000E+002  0.236977E-002 -0.319898E-002  0.398112E-002 -0.453964E-003  0.612813E-003  0.762642E-003  0.120000E+002  0.200000E+001  0.100000E+001  0.500000E+000  0.300000E+000  0.200000E+001  0.100000E+001  0.100000E+001  0.100000E+002
 -0.668595E+001  0.152019E+002  0.801000E+002 -0.200000E+002  0.388046E-002 -0.762984E-003  0.395475E-002 -0.739510E-003  0.145404E-003  0.753670E-003  0.120000E+002  0.200000E+001  0.100000E+001  0.500000E+000  0.300000E+000  0.200000E+001  0.100000E+001  0.100000E+001  0.100000E+002
 -0.665302E+001  0.152768E+002  0.805000E+002 -0.200000E+002  0.335934E-002  0.203696E-002  0.392866E-002 -0.636903E-003 -0.386190E-003  0.744840E-003  0.120000E+002  0.200000E+001  0.100000E+001  0.500000E+000  0.300000E+000  0.200000E+001  0.100000E+001  0.100000E+001  0.100000E+002
 -0.662042E+001  0.153517E+002  0.809000E+002 -0.200000E+002  0.110233E-002  0.374392E-002  0.390283E-002 -0.207920E-003 -0.706178E-003  0.736151E-003  0.120000E+002  0.200000E+001  0.100000E+001  0.500000E+000  0.300000E+000  0.200000E+001  0.100000E+001  0.100000E+001  0.100000E+002
 -0.658814E+001  0.154266E+002  0.813000E+002 -0.200000E+002 -0.169759E-002  0.348588E-002  0.387726E-002  0.318567E-003 -0.654152E-003  0.727599E-003  0.120000E+002  0.200000E+001  0.100000E+001  0.500000E+000  0.300000E+000  0.200000E+001  0.100000E+001  0.100000E+001  0.100000E+002
 -0.655616E+001  0.155015E+002  0.817000E+002 -0.200000E+002 -0.358011E-002  0.142138E-002  0.385195E-002  0.668427E-003 -0.265380E-003  0.719181E-003  0.120000E+002  0.200000E+001  0.100000E+001  0.500000E+000  0.300000E+000  0.200000E+001  0.100000E+001  0.100000E+001  0.100000E+002
 -0.652450E+001  0.155764E+002  0.821000E+002 -0.200000E+002 -0.357903E-002 -0.135486E-002  0.382689E-002  0.664852E-003  0.251682E-003  0.710895E-003  0.120000E+002  0.200000E+001  0.100000E+001  0.500000E+000  0.300000E+000  0.200000E+001  0.100000E+001  0.100000E+001  0.100000E+002
 -0.649313E+001  0.156513E+002  0.825000E+002 -0.200000E+002 -0.171836E-002 -0.339162E-002  0.380209E-002  0.317605E-003  0.626874E-003  0.702740E-003  0.120000E+002  0.200000E+001  0.100000E+001  0.500000E+000  0.300000E+000  0.200000E+001  0.100000E+001  0.100000E+001  0.100000E+002
 -0.646207E+001  0.157262E+002  0.829000E+002 -0.200000E+002  0.101177E-002 -0.363951E-002  0.377753E-002 -0.186072E-003  0.669330E-003  0.694713E-003  0.120000E+002  0.200000E+001  0.100000E+001  0.500000E+000  0.300000E+000  0.200000E+001  0.100000E+001  0.100000E+001  0.100000E+002
 -0.643130E+001  0.158011E+002  0.833000E+002 -0.200000E+002  0.318112E-002 -0.199177E-002  0.375322E-002 -0.582117E-003  0.364477E-003  0.686807E-003  0.120000E+002  0.200000E+001  0.100000E+001  0.500000E+000  0.300000E+000  0.200000E+001  0.100000E+001  0.100000E+001  0.100000E+002
 -0.640082E+001  0.158760E+002  0.837000E+002 -0.200000E+002  0.366825E-002  0.671189E-003  0.372915E-002 -0.667937E-003 -0.122214E-003  0.679026E-003  0.120000E+002  0.200000E+001  0.100000E+001  0.500000E+000  0.300000E+000  0.200000E+001  0.100000E+001  0.100000E+001  0.100000E+002
 -0.637063E+001  0.159510E+002  0.841000E+002 -0.200000E+002  0.224038E-002  0.295128E-002  0.370532E-002 -0.405934E-003 -0.534742E-003  0.671365E-003  0.120000E+002  0.200000E+001  0.100000E+001  0.500000E+000  0.300000E+000  0.200000E+001  0.100000E+001  0.100000E+001  0.100000E+002
 -0.634072E+001  0.160259E+002  0.845000E+002 -0.200000E+002 -0.335786E-003  0.366638E-002  0.368172E-002  0.605427E-004 -0.661054E-003  0.663820E-003  0.120000E+002  0.200000E+001  0.100000E+001  0.500000E+000  0.300000E+000  0.200000E+001  0.100000E+001  0.100000E+001  0.100000E+002
 -0.631108E+001  0.161008E+002  0.849000E+002 -0.200000E+002 -0.270481E-002  0.246325E-002  0.365836E-002  0.485303E-003 -0.441962E-003  0.656391E-003  0.120000E+002  0.200000E+001  0.100000E+001  0.500000E+000  0.300000E+000  0.200000E+001  0.100000E+001  0.100000E+001  0.100000E+002
 -0.628173E+001  0.161758E+002  0.853000E+002 -0.200000E+002 -0.363522E-002 -0.804423E-005  0.363523E-002  0.649075E-003  0.143631E-005  0.649077E-003  0.120000E+002  0.200000E+001  0.100000E+001  0.500000E+000  0.300000E+000  0.200000E+001  0.100000E+001  0.100000E+001  0.100000E+002
 -0.625264E+001  0.162507E+002  0.857000E+002 -0.200000E+002 -0.265967E-002 -0.244438E-002  0.361232E-002  0.472596E-003  0.434342E-003  0.641872E-003  0.120000E+002  0.200000E+001  0.100000E+001  0.500000E+000  0.300000E+000  0.200000E+001  0.100000E+001  0.100000E+001  0.100000E+002
 -0.622382E+001  0.163257E+002  0.861000E+002 -0.200000E+002 -0.309753E-003 -0.357625E-002  0.358964E-002  0.547753E-004  0.632408E-003  0.634776E-003  0.120000E+002  0.200000E+001  0.100000E+001  0.500000E+000  0.300000E+000  0.200000E+001  0.100000E+001  0.100000E+001  0.100000E+002
 -0.619526E+001  0.164006E+002  0.865000E+002 -0.200000E+002  0.217265E-002 -0.282921E-002  0.356719E-002 -0.382363E-003  0.497911E-003  0.627787E-003  0.120000E+002  0.200000E+001  0.100000E+001  0.500000E+000  0.300000E+000  0.200000E+001  0.100000E+001  0.100000E+001  0.100000E+002
 -0.616697E+001  0.164756E+002  0.869000E+002 -0.200000E+002  0.349110E-002 -0.615513E-003  0.354495E-002 -0.611472E-003  0.107808E-003  0.620903E-003  0.120000E+002  0.200000E+001  0.100000E+001  0.500000E+000  0.300000E+000  0.200000E+001  0.100000E+001  0.100000E+001  0.100000E+002
 -0.613893E+001  0.165506E+002  0.873000E+002 -0.200000E+002  0.297164E-002  0.189219E-002  0.352292E-002 -0.518020E-003 -0.329849E-003  0.614121E-003  0.120000E+002  0.200000E+001  0.100000E+001  0.500000E+000  0.300000E+000  0.200000E+001  0.100000E+001  0.100000E+001  0.100000E+002
 -0.611114E+001  0.166255E+002  0.877000E+002 -0.200000E+002  0.907357E-003  0.338150E-002  0.350112E-002 -0.157426E-003 -0.586687E-003  0.607441E-003  0.120000E+002  0.200000E+001  0.100000E+001  0.500000E+000  0.300000E+000  0.200000E+001  0.100000E+001  0.100000E+001  0.100000E+002
 -0.608360E+001  0.167005E+002  0.881000E+002 -0.200000E+002 -0.160553E-002  0.308696E-002  0.347952E-002  0.277251E-003 -0.533071E-003  0.600860E-003  0.120000E+002  0.200000E+001  0.100000E+001  0.500000E+000  0.300000E+000  0.200000E+001  0.100000E+001  0.100000E+001  0.100000E+002
 -0.605631E+001  0.167755E+002  0.885000E+002 -0.200000E+002 -0.324927E-002  0.118360E-002  0.345813E-002  0.558478E-003 -0.203435E-003  0.594376E-003  0.120000E+002  0.200000E+001  0.100000E+001  0.500000E+000  0.300000E+000  0.200000E+001  0.100000E+001  0.100000E+001  0.100000E+002
 -0.602926E+001  0.168505E+002  0.889000E+002 -0.200000E+002 -0.317538E-002 -0.131512E-002  0.343695E-002  0.543240E-003  0.224990E-003  0.587988E-003  0.120000E+002  0.200000E+001  0.100000E+001  0.500000E+000  0.300000E+000  0.200000E+001  0.100000E+001  0.100000E+001  0.100000E+002
 -0.600245E+001  0.169254E+002  0.893000E+002 -0.200000E+002 -0.144277E-002 -0.309633E-002  0.341597E-002  0.245684E-003  0.527263E-003  0.581693E-003  0.120000E+002  0.200000E+001  0.100000E+001  0.500000E+000  0.300000E+000  0.200000E+001  0.100000E+001  0.100000E+001  0.100000E+002
 -0.597588E+001  0.170004E+002  0.897000E+002 -0.200000E+002  0.102330E-002 -0.323731E-002  0.339519E-002 -0.173451E-003  0.548731E-003  0.575492E-003  0.120000E+002  0.200000E+001  0.100000E+001  0.500000E+000  0.300000E+000  0.200000E+001  0.100000E+001  0.100000E+001  0.100000E+002
 -0.594954E+001  0.170754E+002  0.901000E+002 -0.200000E+002  0.292464E-002 -0.168359E-002  0.337461E-002 -0.493458E-003  0.284062E-003  0.569379E-003  0.120000E+002  0.200000E+001  0.100000E+001  0.500000E+000  0.300000E+000  0.200000E+001  0.100000E+001  0.100000E+001  0.100000E+002
 -0.592343E+001  0.171504E+002  0.905000E+002 -0.200000E+002  0.327331E-002  0.732296E-003  0.335422E-002 -0.549766E-003 -0.122992E-003  0.563355E-003  0.120000E+002  0.200000E+001  0.100000E+001  0.500000E+000  0.300000E+000  0.200000E+001  0.100000E+001  0.100000E+001  0.100000E+002
 -0.589755E+001  0.172254E+002  0.909000E+002 -0.200000E+002  0.190498E-002  0.273621E-002  0.333403E-002 -0.318494E-003 -0.457468E-003  0.557419E-003  0.120000E+002  0.200000E+001  0.100000E+001  0.500000E+000  0.300000E+000  0.200000E+001  0.100000E+001  0.100000E+001  0.100000E+002
 -0.587189E+001  0.173004E+002  0.913000E+002 -0.200000E+002 -0.444238E-003  0.328412E-002  0.331403E-002  0.739366E-004 -0.546591E-003  0.551569E-003  0.120000E+002  0.200000E+001  0.100000E+001  0.500000E+000  0.300000E+000  0.200000E+001  0.100000E+001  0.100000E+001  0.100000E+002
 -0.584646E+001  0.173754E+002  0.917000E+002 -0.200000E+002 -0.253307E-002  0.210606E-002  0.329422E-002  0.419689E-003 -0.348941E-003  0.545801E-003  0.120000E+002  0.200000E+001  0.100000E+001  0.500000E+000  0.300000E+000  0.200000E+001  0.100000E+001  0.100000E+001  0.100000E+002
 -0.582124E+001  0.174504E+002  0.921000E+002 -0.200000E+002 -0.327063E-002 -0.161116E-003  0.327460E-002  0.539463E-003  0.265746E-004  0.540117E-003  0.120000E+002  0.200000E+001  0.100000E+001  0.500000E+000  0.300000E+000  0.200000E+001  0.100000E+001  0.100000E+001  0.100000E+002
 -0.579624E+001  0.175254E+002  0.925000E+002 -0.200000E+002 -0.228614E-002 -0.231725E-002  0.325516E-002  0.375396E-003  0.380504E-003  0.534515E-003  0.120000E+002  0.200000E+001  0.100000E+001  0.500000E+000  0.300000E+000  0.200000E+001  0.100000E+001  0.100000E+001  0.100000E+002
 -0.577145E+001  0.176005E+002  0.929000E+002 -0.200000E+002 -0.115198E-003 -0.323385E-002  0.323590E-002  0.188321E-004  0.528655E-003  0.528991E-003  0.120000E+002  0.200000E+001  0.100000E+001  0.500000E+000  0.300000E+000  0.200000E+001  0.100000E+001  0.100000E+001  0.100000E+002
 -0.574687E+001  0.176755E+002  0.933000E+002 -0.200000E+002  0.209078E-002 -0.244470E-002  0.321682E-002 -0.340279E-003  0.397880E-003  0.523544E-003  0.120000E+002  0.200000E+001  0.100000E+001  0.500000E+000  0.300000E+000  0.200000E+001  0.100000E+001  0.100000E+001  0.100000E+002
 -0.572250E+001  0.177505E+002  0.937000E+002 -0.200000E+002  0.317491E-002 -0.382983E-003  0.319792E-002 -0.514446E-003  0.620566E-004  0.518175E-003  0.120000E+002  0.200000E+001  0.100000E+001  0.500000E+000  0.300000E+000  0.200000E+001  0.100000E+001  0.100000E+001  0.100000E+002
 -0.569834E+001  0.178255E+002  0.941000E+002 -0.200000E+002  0.258142E-002  0.185568E-002  0.317920E-002 -0.416446E-003 -0.299367E-003  0.512882E-003  0.120000E+002  0.200000E+001  0.100000E+001  0.500000E+000  0.300000E+000  0.200000E+001  0.100000E+001  0.100000E+001  0.100000E+002
 -0.567437E+001  0.179005E+002  0.945000E+002 -0.200000E+002  0.640646E-003  0.309504E-002  0.316065E-002 -0.102900E-003 -0.497123E-003  0.507661E-003  0.120000E+002  0.200000E+001  0.100000E+001  0.500000E+000  0.300000E+000  0.200000E+001  0.100000E+001  0.100000E+001  0.100000E+002
 -0.565061E+001  0.179756E+002  0.949000E+002 -0.200000E+002 -0.161393E-002  0.269612E-002  0.314227E-002  0.258101E-003 -0.431167E-003  0.502515E-003  0.120000E+002  0.200000E+001  0.100000E+001  0.500000E+000  0.300000E+000  0.200000E+001  0.100000E+001  0.100000E+001  0.100000E+002
 -0.562705E+001  0.180506E+002  0.953000E+002 -0.200000E+002 -0.299557E-002  0.886740E-003  0.312405E-002  0.476981E-003 -0.141195E-003  0.497440E-003  0.120000E+002  0.200000E+001  0.100000E+001  0.500000E+000  0.300000E+000  0.200000E+001  0.100000E+001  0.100000E+001  0.100000E+002
 -0.560368E+001  0.181256E+002  0.957000E+002 -0.200000E+002 -0.278880E-002 -0.136745E-002  0.310601E-002  0.442142E-003  0.216799E-003  0.492435E-003  0.120000E+002  0.200000E+001  0.100000E+001  0.500000E+000  0.300000E+000  0.200000E+001  0.100000E+001  0.100000E+001  0.100000E+002
 -0.558050E+001  0.182007E+002  0.961000E+002 -0.200000E+002 -0.111997E-002 -0.287789E-002  0.308813E-002  0.176801E-003  0.454308E-003  0.487498E-003  0.120000E+002  0.200000E+001  0.100000E+001  0.500000E+000  0.300000E+000  0.200000E+001  0.100000E+001  0.100000E+001  0.100000E+002
 -0.555752E+001  0.182757E+002  0.965000E+002 -0.200000E+002  0.111813E-002 -0.285959E-002  0.307042E-002 -0.175756E-003  0.449491E-003  0.482630E-003  0.120000E+002  0.200000E+001  0.100000E+001  0.500000E+000  0.300000E+000  0.200000E+001  0.100000E+001  0.100000E+001  0.100000E+002
 -0.553472E+001  0.183508E+002  0.969000E+002 -0.200000E+002  0.274346E-002 -0.133918E-002  0.305286E-002 -0.429402E-003  0.209606E-003  0.477829E-003  0.120000E+002  0.200000E+001  0.100000E+001  0.500000E+000  0.300000E+000  0.200000E+001  0.100000E+001  0.100000E+001  0.100000E+002
 -0.551210E+001  0.184258E+002  0.973000E+002 -0.200000E+002  0.290879E-002  0.867786E-003  0.303547E-002 -0.453348E-003 -0.135248E-003  0.473092E-003  0.120000E+002  0.200000E+001  0.100000E+001  0.500000E+000  0.300000E+000  0.200000E+001  0.100000E+001  0.100000E+001  0.100000E+002
 -0.548967E+001  0.185009E+002  0.977000E+002 -0.200000E+002  0.154336E-002  0.259380E-002  0.301823E-002 -0.239524E-003 -0.402549E-003  0.468420E-003  0.120000E+002  0.200000E+001  0.100000E+001  0.500000E+000  0.300000E+000  0.200000E+001  0.100000E+001  0.100000E+001  0.100000E+002
 -0.546743E+001  0.185759E+002  0.981000E+002 -0.200000E+002 -0.618152E-003  0.293680E-002  0.300115E-002  0.955322E-004 -0.453867E-003  0.463812E-003  0.120000E+002  0.200000E+001  0.100000E+001  0.500000E+000  0.300000E+000  0.200000E+001  0.100000E+001  0.100000E+001  0.100000E+002
 -0.544536E+001  0.186510E+002  0.985000E+002 -0.200000E+002 -0.243044E-002  0.173164E-002  0.298423E-002  0.374039E-003 -0.266495E-003  0.459266E-003  0.120000E+002  0.200000E+001  0.100000E+001  0.500000E+000  0.300000E+000  0.200000E+001  0.100000E+001  0.100000E+001  0.100000E+002
 -0.542347E+001  0.187260E+002  0.989000E+002 -0.200000E+002 -0.294418E-002 -0.370896E-003  0.296745E-002  0.451215E-003  0.568422E-004  0.454781E-003  0.120000E+002  0.200000E+001  0.100000E+001  0.500000E+000  0.300000E+000  0.200000E+001  0.100000E+001  0.100000E+001  0.100000E+002
 -0.540175E+001  0.188011E+002  0.993000E+002 -0.200000E+002 -0.190330E-002 -0.225495E-002  0.295082E-002  0.290483E-003  0.344152E-003  0.450357E-003  0.120000E+002  0.200000E+001  0.100000E+001  0.500000E+000  0.300000E+000  0.200000E+001  0.100000E+001  0.100000E+001  0.100000E+002
 -0.538020E+001  0.188762E+002  0.997000E+002 -0.200000E+002  0.127592E-003 -0.293157E-002  0.293435E-002 -0.193926E-004  0.445568E-003  0.445990E-003  0.120000E+002  0.200000E+001  0.100000E+001  0.500000E+000  0.300000E+000  0.200000E+001  0.100000E+001  0.100000E+001  0.100000E+002
