% psi, re(u), im(u), abs(u), re(w), im(w), abs(w)
  30.00  0.102019E-002 -0.465807E-003  0.112150E-002  0.586197E-003 -0.262498E-003  0.642287E-003
  30.50  0.105754E-002 -0.470569E-003  0.115750E-002  0.633514E-003 -0.284046E-003  0.694278E-003
  31.00  0.103536E-002 -0.441721E-003  0.112565E-002  0.614170E-003 -0.267141E-003  0.669753E-003
  31.50  0.108471E-002 -0.414181E-003  0.116109E-002  0.676641E-003 -0.252485E-003  0.722213E-003
  32.00  0.106148E-002 -0.410814E-003  0.113821E-002  0.657177E-003 -0.264776E-003  0.708511E-003
  32.50  0.110403E-002 -0.359863E-003  0.116120E-002  0.713479E-003 -0.223733E-003  0.747736E-003
  33.00  0.108572E-002 -0.368049E-003  0.114641E-002  0.700834E-003 -0.249333E-003  0.743865E-003
  33.50  0.112520E-002 -0.306894E-003  0.116630E-002  0.755151E-003 -0.196794E-003  0.780372E-003
  34.00  0.110124E-002 -0.314367E-003  0.114523E-002  0.737501E-003 -0.221533E-003  0.770055E-003
  34.50  0.115050E-002 -0.255992E-003  0.117863E-002  0.804362E-003 -0.172212E-003  0.822591E-003
  35.00  0.110912E-002 -0.244855E-003  0.113583E-002  0.768588E-003 -0.175477E-003  0.788365E-003
  35.50  0.117122E-002 -0.213813E-003  0.119058E-002  0.851257E-003 -0.157125E-003  0.865636E-003
  36.00  0.112600E-002 -0.154643E-003  0.113657E-002  0.813176E-003 -0.105446E-003  0.819984E-003
  36.50  0.116114E-002 -0.172349E-003  0.117386E-002  0.866207E-003 -0.141727E-003  0.877725E-003
  37.00  0.117390E-002 -0.742035E-004  0.117624E-002  0.896029E-003 -0.459219E-004  0.897205E-003
  37.50  0.112427E-002 -0.766610E-004  0.112688E-002  0.854553E-003 -0.631610E-004  0.856884E-003
  38.00  0.119215E-002 -0.520557E-004  0.119328E-002  0.947623E-003 -0.507970E-004  0.948984E-003
  38.50  0.116471E-002  0.553677E-004  0.116602E-002  0.934445E-003  0.573997E-004  0.936206E-003
  39.00  0.111456E-002  0.406318E-004  0.111530E-002  0.894516E-003  0.278475E-004  0.894949E-003
  39.50  0.118468E-002  0.627175E-004  0.118634E-002  0.992464E-003  0.389288E-004  0.993227E-003
  40.00  0.117785E-002  0.191016E-003  0.119324E-002  0.100554E-002  0.172568E-003  0.102024E-002
  40.50  0.108476E-002  0.223424E-003  0.110753E-002  0.919836E-003  0.199691E-003  0.941262E-003
  41.00  0.109756E-002  0.188657E-003  0.111366E-002  0.953845E-003  0.149624E-003  0.965509E-003
  41.50  0.117209E-002  0.267085E-003  0.120213E-002  0.106077E-002  0.227930E-003  0.108498E-002
  42.00  0.113712E-002  0.419290E-003  0.121196E-002  0.104557E-002  0.393425E-003  0.111714E-002
  42.50  0.101088E-002  0.482454E-003  0.112011E-002  0.925377E-003  0.461212E-003  0.103394E-002
  43.00  0.943750E-003  0.441505E-003  0.104192E-002  0.870260E-003  0.410894E-003  0.962385E-003
  43.50  0.991158E-003  0.423371E-003  0.107779E-002  0.946100E-003  0.385111E-003  0.102148E-002
  44.00  0.106839E-002  0.520880E-003  0.118860E-002  0.105932E-002  0.491515E-003  0.116780E-002
  44.50  0.106612E-002  0.710575E-003  0.128122E-002  0.108527E-002  0.707032E-003  0.129526E-002
  45.00  0.944927E-003  0.904221E-003  0.130786E-002  0.976142E-003  0.933380E-003  0.135057E-002
  45.50  0.738117E-003  0.102820E-002  0.126571E-002  0.766484E-003  0.108636E-002  0.132954E-002
  46.00  0.506242E-003  0.105802E-002  0.117289E-002  0.523072E-003  0.113592E-002  0.125057E-002
  46.50  0.298175E-003  0.100884E-002  0.105198E-002  0.301048E-003  0.109683E-002  0.113739E-002
  47.00  0.137615E-003  0.911675E-003  0.922003E-003  0.128074E-003  0.100236E-002  0.101051E-002
  47.50  0.274196E-004  0.795458E-003  0.795931E-003  0.860378E-005  0.884318E-003  0.884360E-003
  48.00 -0.406467E-004  0.679817E-003  0.681031E-003 -0.655295E-004  0.764577E-003  0.767380E-003
  48.50 -0.780222E-004  0.575023E-003  0.580292E-003 -0.106360E-003  0.654836E-003  0.663418E-003
  49.00 -0.950804E-004  0.484751E-003  0.493987E-003 -0.124991E-003  0.559517E-003  0.573308E-003
  49.50 -0.996639E-004  0.408972E-003  0.420941E-003 -0.129886E-003  0.478898E-003  0.496199E-003
  50.00 -0.971014E-004  0.346013E-003  0.359380E-003 -0.126828E-003  0.411385E-003  0.430491E-003
  50.50 -0.907630E-004  0.293740E-003  0.307443E-003 -0.119490E-003  0.354819E-003  0.374398E-003
  51.00 -0.826700E-004  0.250117E-003  0.263426E-003 -0.110085E-003  0.307109E-003  0.326243E-003
  51.50 -0.739820E-004  0.213421E-003  0.225880E-003 -0.998903E-004  0.266469E-003  0.284577E-003
  52.00 -0.653348E-004  0.182264E-003  0.193621E-003 -0.896124E-004  0.231466E-003  0.248207E-003
  52.50 -0.570572E-004  0.155565E-003  0.165699E-003 -0.796228E-004  0.200978E-003  0.216176E-003
  53.00 -0.493032E-004  0.132486E-003  0.141362E-003 -0.701011E-004  0.174142E-003  0.187722E-003
  53.50 -0.421293E-004  0.112378E-003  0.120016E-003 -0.611203E-004  0.150292E-003  0.162245E-003
  54.00 -0.355401E-004  0.947386E-004  0.101185E-003 -0.526953E-004  0.128912E-003  0.139267E-003
  54.50 -0.295134E-004  0.791720E-004  0.844941E-004 -0.448110E-004  0.109602E-003  0.118409E-003
  55.00 -0.240147E-004  0.653654E-004  0.696372E-004 -0.374378E-004  0.920444E-004  0.993668E-004
  55.50 -0.190047E-004  0.530680E-004  0.563684E-004 -0.305405E-004  0.759871E-004  0.818949E-004
  56.00 -0.144437E-004  0.420764E-004  0.444865E-004 -0.240825E-004  0.612273E-004  0.657932E-004
  56.50 -0.102937E-004  0.322239E-004  0.338281E-004 -0.180283E-004  0.475993E-004  0.508990E-004
  57.00 -0.651924E-005  0.233725E-004  0.242647E-004 -0.123450E-004  0.349670E-004  0.370822E-004
  57.50 -0.308777E-005  0.154066E-004  0.157130E-004 -0.700201E-005  0.232172E-004  0.242501E-004
  58.00  0.301583E-007  0.822875E-005  0.822881E-005 -0.197187E-005  0.122550E-004  0.124126E-004
  58.50  0.286116E-005  0.175589E-005  0.335699E-005  0.277028E-005  0.200003E-005  0.341680E-005
  59.00  0.542924E-005 -0.408322E-005  0.679333E-005  0.724678E-005 -0.761627E-005  0.105130E-004
  59.50  0.775601E-005 -0.935015E-005  0.121483E-004  0.114777E-004 -0.166528E-004  0.202251E-004
  60.00  0.986093E-005 -0.140985E-004  0.172048E-004  0.154811E-004 -0.251605E-004  0.295417E-004
  60.50  0.117616E-004 -0.183752E-004  0.218170E-004  0.192731E-004 -0.331838E-004  0.383746E-004
  61.00  0.134738E-004 -0.222215E-004  0.259873E-004  0.228683E-004 -0.407615E-004  0.467382E-004
  61.50  0.150121E-004 -0.256741E-004  0.297409E-004  0.262799E-004 -0.479279E-004  0.546600E-004
  62.00  0.163893E-004 -0.287654E-004  0.331067E-004  0.295200E-004 -0.547133E-004  0.621689E-004
  62.50  0.176174E-004 -0.315245E-004  0.361133E-004  0.325991E-004 -0.611448E-004  0.692920E-004
  63.00  0.187072E-004 -0.339775E-004  0.387870E-004  0.355274E-004 -0.672464E-004  0.760544E-004
  63.50  0.196686E-004 -0.361479E-004  0.411525E-004  0.383136E-004 -0.730398E-004  0.824787E-004
  64.00  0.205105E-004 -0.380570E-004  0.432321E-004  0.409660E-004 -0.785446E-004  0.885859E-004
  64.50  0.212413E-004 -0.397240E-004  0.450465E-004  0.434921E-004 -0.837785E-004  0.943949E-004
  65.00  0.218687E-004 -0.411664E-004  0.466145E-004  0.458988E-004 -0.887575E-004  0.999230E-004
  65.50  0.223995E-004 -0.424002E-004  0.479533E-004  0.481926E-004 -0.934963E-004  0.105186E-003
  66.00  0.228403E-004 -0.434402E-004  0.490788E-004  0.503792E-004 -0.980083E-004  0.110198E-003
  66.50  0.231971E-004 -0.442997E-004  0.500056E-004  0.524641E-004 -0.102306E-003  0.114974E-003
  67.00  0.234753E-004 -0.449910E-004  0.507472E-004  0.544523E-004 -0.106400E-003  0.119524E-003
  67.50  0.236803E-004 -0.455256E-004  0.513160E-004  0.563487E-004 -0.110302E-003  0.123861E-003
  68.00  0.238166E-004 -0.459140E-004  0.517235E-004  0.581574E-004 -0.114020E-003  0.127996E-003
  68.50  0.238887E-004 -0.461658E-004  0.519803E-004  0.598827E-004 -0.117565E-003  0.131937E-003
  69.00  0.239009E-004 -0.462902E-004  0.520964E-004  0.615283E-004 -0.120943E-003  0.135695E-003
  69.50  0.238569E-004 -0.462954E-004  0.520809E-004  0.630978E-004 -0.124164E-003  0.139277E-003
  70.00  0.237603E-004 -0.461894E-004  0.519424E-004  0.645946E-004 -0.127234E-003  0.142692E-003
  70.50  0.236145E-004 -0.459792E-004  0.516888E-004  0.660218E-004 -0.130160E-003  0.145947E-003
  71.00  0.234226E-004 -0.456717E-004  0.513276E-004  0.673825E-004 -0.132949E-003  0.149050E-003
  71.50  0.231876E-004 -0.452731E-004  0.508657E-004  0.686794E-004 -0.135606E-003  0.152006E-003
  72.00  0.229122E-004 -0.447894E-004  0.503097E-004  0.699151E-004 -0.138137E-003  0.154823E-003
  72.50  0.225991E-004 -0.442261E-004  0.496655E-004  0.710923E-004 -0.140548E-003  0.157505E-003
  73.00  0.222506E-004 -0.435882E-004  0.489390E-004  0.722133E-004 -0.142843E-003  0.160059E-003
  73.50  0.218690E-004 -0.428807E-004  0.481353E-004  0.732802E-004 -0.145027E-003  0.162490E-003
  74.00  0.214565E-004 -0.421081E-004  0.472596E-004  0.742953E-004 -0.147105E-003  0.164802E-003
  74.50  0.210150E-004 -0.412746E-004  0.463166E-004  0.752607E-004 -0.149080E-003  0.167000E-003
  75.00  0.205465E-004 -0.403842E-004  0.453105E-004  0.761781E-004 -0.150958E-003  0.169090E-003
  75.50  0.200527E-004 -0.394406E-004  0.442456E-004  0.770494E-004 -0.152741E-003  0.171074E-003
  76.00  0.195353E-004 -0.384475E-004  0.431258E-004  0.778764E-004 -0.154433E-003  0.172958E-003
  76.50  0.189959E-004 -0.374080E-004  0.419547E-004  0.786607E-004 -0.156038E-003  0.174744E-003
  77.00  0.184360E-004 -0.363253E-004  0.407358E-004  0.794039E-004 -0.157559E-003  0.176437E-003
  77.50  0.178569E-004 -0.352023E-004  0.394724E-004  0.801074E-004 -0.158999E-003  0.178039E-003
  78.00  0.172600E-004 -0.340418E-004  0.381674E-004  0.807727E-004 -0.160360E-003  0.179554E-003
  78.50  0.166465E-004 -0.328464E-004  0.368237E-004  0.814011E-004 -0.161647E-003  0.180986E-003
  79.00  0.160176E-004 -0.316185E-004  0.354442E-004  0.819939E-004 -0.162860E-003  0.182336E-003
  79.50  0.153743E-004 -0.303605E-004  0.340313E-004  0.825522E-004 -0.164003E-003  0.183608E-003
  80.00  0.147178E-004 -0.290745E-004  0.325874E-004  0.830773E-004 -0.165078E-003  0.184804E-003
  80.50  0.140490E-004 -0.277626E-004  0.311149E-004  0.835702E-004 -0.166087E-003  0.185927E-003
  81.00  0.133689E-004 -0.264267E-004  0.296159E-004  0.840319E-004 -0.167032E-003  0.186979E-003
  81.50  0.126783E-004 -0.250687E-004  0.280923E-004  0.844633E-004 -0.167916E-003  0.187962E-003
  82.00  0.119780E-004 -0.236903E-004  0.265462E-004  0.848654E-004 -0.168739E-003  0.188879E-003
  82.50  0.112688E-004 -0.222932E-004  0.249795E-004  0.852390E-004 -0.169505E-003  0.189730E-003
  83.00  0.105515E-004 -0.208789E-004  0.233937E-004  0.855849E-004 -0.170213E-003  0.190519E-003
  83.50  0.982681E-005 -0.194489E-004  0.217905E-004  0.859038E-004 -0.170867E-003  0.191246E-003
  84.00  0.909535E-005 -0.180047E-004  0.201716E-004  0.861964E-004 -0.171466E-003  0.191913E-003
  84.50  0.835779E-005 -0.165475E-004  0.185384E-004  0.864634E-004 -0.172013E-003  0.192521E-003
  85.00  0.761473E-005 -0.150787E-004  0.168923E-004  0.867052E-004 -0.172509E-003  0.193073E-003
  85.50  0.686674E-005 -0.135994E-004  0.152347E-004  0.869224E-004 -0.172954E-003  0.193568E-003
  86.00  0.611440E-005 -0.121109E-004  0.135669E-004  0.871155E-004 -0.173350E-003  0.194009E-003
  86.50  0.535825E-005 -0.106143E-004  0.118901E-004  0.872849E-004 -0.173697E-003  0.194395E-003
  87.00  0.459880E-005 -0.911076E-005  0.102056E-004  0.874310E-004 -0.173997E-003  0.194728E-003
  87.50  0.383654E-005 -0.760124E-005  0.851457E-005  0.875540E-004 -0.174249E-003  0.195009E-003
  88.00  0.307197E-005 -0.608681E-005  0.681809E-005  0.876544E-004 -0.174455E-003  0.195238E-003
  88.50  0.230558E-005 -0.456849E-005  0.511730E-005  0.877322E-004 -0.174614E-003  0.195415E-003
  89.00  0.153781E-005 -0.304727E-005  0.341331E-005  0.877876E-004 -0.174728E-003  0.195542E-003
  89.50  0.769127E-006 -0.152412E-005  0.170719E-005  0.878208E-004 -0.174796E-003  0.195617E-003
  90.00  0.000000E+000  0.000000E+000  0.000000E+000  0.878319E-004 -0.174819E-003  0.195643E-003
  90.50 -0.769127E-006  0.152412E-005  0.170719E-005  0.878208E-004 -0.174796E-003  0.195617E-003
  91.00 -0.153781E-005  0.304727E-005  0.341331E-005  0.877876E-004 -0.174728E-003  0.195542E-003
  91.50 -0.230558E-005  0.456849E-005  0.511730E-005  0.877322E-004 -0.174614E-003  0.195415E-003
  92.00 -0.307197E-005  0.608681E-005  0.681809E-005  0.876544E-004 -0.174455E-003  0.195238E-003
  92.50 -0.383654E-005  0.760124E-005  0.851457E-005  0.875540E-004 -0.174249E-003  0.195009E-003
  93.00 -0.459880E-005  0.911076E-005  0.102056E-004  0.874310E-004 -0.173997E-003  0.194728E-003
  93.50 -0.535825E-005  0.106143E-004  0.118901E-004  0.872849E-004 -0.173697E-003  0.194395E-003
  94.00 -0.611440E-005  0.121109E-004  0.135669E-004  0.871155E-004 -0.173350E-003  0.194009E-003
  94.50 -0.686674E-005  0.135994E-004  0.152347E-004  0.869224E-004 -0.172954E-003  0.193568E-003
  95.00 -0.761473E-005  0.150787E-004  0.168923E-004  0.867052E-004 -0.172509E-003  0.193073E-003
  95.50 -0.835779E-005  0.165475E-004  0.185384E-004  0.864634E-004 -0.172013E-003  0.192521E-003
  96.00 -0.909535E-005  0.180047E-004  0.201716E-004  0.861964E-004 -0.171466E-003  0.191913E-003
  96.50 -0.982681E-005  0.194489E-004  0.217905E-004  0.859038E-004 -0.170867E-003  0.191246E-003
  97.00 -0.105515E-004  0.208789E-004  0.233937E-004  0.855849E-004 -0.170213E-003  0.190519E-003
  97.50 -0.112688E-004  0.222932E-004  0.249795E-004  0.852390E-004 -0.169505E-003  0.189730E-003
  98.00 -0.119780E-004  0.236903E-004  0.265462E-004  0.848654E-004 -0.168739E-003  0.188879E-003
  98.50 -0.126783E-004  0.250687E-004  0.280923E-004  0.844633E-004 -0.167916E-003  0.187962E-003
  99.00 -0.133689E-004  0.264267E-004  0.296159E-004  0.840319E-004 -0.167032E-003  0.186979E-003
  99.50 -0.140490E-004  0.277626E-004  0.311149E-004  0.835702E-004 -0.166087E-003  0.185927E-003
 100.00 -0.147178E-004  0.290745E-004  0.325874E-004  0.830773E-004 -0.165078E-003  0.184804E-003
 100.50 -0.153743E-004  0.303605E-004  0.340313E-004  0.825522E-004 -0.164003E-003  0.183608E-003
 101.00 -0.160176E-004  0.316185E-004  0.354442E-004  0.819939E-004 -0.162860E-003  0.182336E-003
 101.50 -0.166465E-004  0.328464E-004  0.368237E-004  0.814011E-004 -0.161647E-003  0.180986E-003
 102.00 -0.172600E-004  0.340418E-004  0.381674E-004  0.807727E-004 -0.160360E-003  0.179554E-003
 102.50 -0.178569E-004  0.352023E-004  0.394724E-004  0.801074E-004 -0.158999E-003  0.178039E-003
 103.00 -0.184360E-004  0.363253E-004  0.407358E-004  0.794039E-004 -0.157559E-003  0.176437E-003
 103.50 -0.189959E-004  0.374080E-004  0.419547E-004  0.786607E-004 -0.156038E-003  0.174744E-003
 104.00 -0.195353E-004  0.384475E-004  0.431258E-004  0.778764E-004 -0.154433E-003  0.172958E-003
 104.50 -0.200527E-004  0.394406E-004  0.442456E-004  0.770494E-004 -0.152741E-003  0.171074E-003
 105.00 -0.205465E-004  0.403842E-004  0.453105E-004  0.761781E-004 -0.150958E-003  0.169090E-003
 105.50 -0.210150E-004  0.412746E-004  0.463166E-004  0.752607E-004 -0.149080E-003  0.167000E-003
 106.00 -0.214565E-004  0.421081E-004  0.472596E-004  0.742953E-004 -0.147105E-003  0.164802E-003
 106.50 -0.218690E-004  0.428807E-004  0.481353E-004  0.732802E-004 -0.145027E-003  0.162490E-003
 107.00 -0.222506E-004  0.435882E-004  0.489390E-004  0.722133E-004 -0.142843E-003  0.160059E-003
 107.50 -0.225991E-004  0.442261E-004  0.496655E-004  0.710923E-004 -0.140548E-003  0.157505E-003
 108.00 -0.229122E-004  0.447894E-004  0.503097E-004  0.699151E-004 -0.138137E-003  0.154823E-003
 108.50 -0.231876E-004  0.452731E-004  0.508657E-004  0.686794E-004 -0.135606E-003  0.152006E-003
 109.00 -0.234226E-004  0.456717E-004  0.513276E-004  0.673825E-004 -0.132949E-003  0.149050E-003
 109.50 -0.236145E-004  0.459792E-004  0.516888E-004  0.660218E-004 -0.130160E-003  0.145947E-003
 110.00 -0.237603E-004  0.461894E-004  0.519424E-004  0.645946E-004 -0.127234E-003  0.142692E-003
 110.50 -0.238569E-004  0.462954E-004  0.520809E-004  0.630978E-004 -0.124164E-003  0.139277E-003
 111.00 -0.239009E-004  0.462902E-004  0.520964E-004  0.615283E-004 -0.120943E-003  0.135695E-003
 111.50 -0.238887E-004  0.461658E-004  0.519803E-004  0.598827E-004 -0.117565E-003  0.131937E-003
 112.00 -0.238166E-004  0.459140E-004  0.517235E-004  0.581574E-004 -0.114020E-003  0.127996E-003
 112.50 -0.236803E-004  0.455256E-004  0.513160E-004  0.563487E-004 -0.110302E-003  0.123861E-003
 113.00 -0.234753E-004  0.449910E-004  0.507472E-004  0.544523E-004 -0.106400E-003  0.119524E-003
 113.50 -0.231971E-004  0.442997E-004  0.500056E-004  0.524641E-004 -0.102306E-003  0.114974E-003
 114.00 -0.228403E-004  0.434402E-004  0.490788E-004  0.503792E-004 -0.980083E-004  0.110198E-003
 114.50 -0.223995E-004  0.424002E-004  0.479533E-004  0.481926E-004 -0.934963E-004  0.105186E-003
 115.00 -0.218687E-004  0.411664E-004  0.466145E-004  0.458988E-004 -0.887575E-004  0.999230E-004
 115.50 -0.212413E-004  0.397240E-004  0.450465E-004  0.434921E-004 -0.837785E-004  0.943949E-004
 116.00 -0.205105E-004  0.380570E-004  0.432321E-004  0.409660E-004 -0.785446E-004  0.885859E-004
 116.50 -0.196686E-004  0.361479E-004  0.411525E-004  0.383136E-004 -0.730398E-004  0.824787E-004
 117.00 -0.187072E-004  0.339775E-004  0.387870E-004  0.355274E-004 -0.672464E-004  0.760544E-004
 117.50 -0.176174E-004  0.315245E-004  0.361133E-004  0.325991E-004 -0.611448E-004  0.692920E-004
 118.00 -0.163893E-004  0.287654E-004  0.331067E-004  0.295200E-004 -0.547133E-004  0.621689E-004
 118.50 -0.150121E-004  0.256741E-004  0.297409E-004  0.262799E-004 -0.479279E-004  0.546600E-004
 119.00 -0.134738E-004  0.222215E-004  0.259873E-004  0.228683E-004 -0.407615E-004  0.467382E-004
 119.50 -0.117616E-004  0.183752E-004  0.218170E-004  0.192731E-004 -0.331838E-004  0.383746E-004
 120.00 -0.986093E-005  0.140985E-004  0.172048E-004  0.154811E-004 -0.251605E-004  0.295417E-004
 120.50 -0.775601E-005  0.935015E-005  0.121483E-004  0.114777E-004 -0.166528E-004  0.202251E-004
 121.00 -0.542924E-005  0.408322E-005  0.679333E-005  0.724678E-005 -0.761627E-005  0.105130E-004
 121.50 -0.286116E-005 -0.175589E-005  0.335699E-005  0.277028E-005  0.200003E-005  0.341680E-005
 122.00 -0.301583E-007 -0.822875E-005  0.822881E-005 -0.197187E-005  0.122550E-004  0.124126E-004
 122.50  0.308777E-005 -0.154066E-004  0.157130E-004 -0.700201E-005  0.232172E-004  0.242501E-004
 123.00  0.651924E-005 -0.233725E-004  0.242647E-004 -0.123450E-004  0.349670E-004  0.370822E-004
 123.50  0.102937E-004 -0.322239E-004  0.338281E-004 -0.180283E-004  0.475993E-004  0.508990E-004
 124.00  0.144437E-004 -0.420764E-004  0.444865E-004 -0.240825E-004  0.612273E-004  0.657932E-004
 124.50  0.190047E-004 -0.530680E-004  0.563684E-004 -0.305405E-004  0.759871E-004  0.818949E-004
 125.00  0.240147E-004 -0.653654E-004  0.696372E-004 -0.374378E-004  0.920444E-004  0.993668E-004
 125.50  0.295134E-004 -0.791720E-004  0.844941E-004 -0.448110E-004  0.109602E-003  0.118409E-003
 126.00  0.355401E-004 -0.947386E-004  0.101185E-003 -0.526953E-004  0.128912E-003  0.139267E-003
 126.50  0.421293E-004 -0.112378E-003  0.120016E-003 -0.611203E-004  0.150292E-003  0.162245E-003
 127.00  0.493032E-004 -0.132486E-003  0.141362E-003 -0.701011E-004  0.174142E-003  0.187722E-003
 127.50  0.570572E-004 -0.155565E-003  0.165699E-003 -0.796228E-004  0.200978E-003  0.216176E-003
 128.00  0.653348E-004 -0.182264E-003  0.193621E-003 -0.896124E-004  0.231466E-003  0.248207E-003
 128.50  0.739820E-004 -0.213421E-003  0.225880E-003 -0.998903E-004  0.266469E-003  0.284577E-003
 129.00  0.826700E-004 -0.250117E-003  0.263426E-003 -0.110085E-003  0.307109E-003  0.326243E-003
 129.50  0.907630E-004 -0.293740E-003  0.307443E-003 -0.119490E-003  0.354819E-003  0.374398E-003
 130.00  0.971014E-004 -0.346013E-003  0.359380E-003 -0.126828E-003  0.411385E-003  0.430491E-003
 130.50  0.996639E-004 -0.408972E-003  0.420941E-003 -0.129886E-003  0.478898E-003  0.496199E-003
 131.00  0.950804E-004 -0.484751E-003  0.493987E-003 -0.124991E-003  0.559517E-003  0.573308E-003
 131.50  0.780222E-004 -0.575023E-003  0.580292E-003 -0.106360E-003  0.654836E-003  0.663418E-003
 132.00  0.406467E-004 -0.679817E-003  0.681031E-003 -0.655295E-004  0.764577E-003  0.767380E-003
 132.50 -0.274196E-004 -0.795458E-003  0.795931E-003  0.860378E-005  0.884318E-003  0.884360E-003
 133.00 -0.137615E-003 -0.911675E-003  0.922003E-003  0.128074E-003  0.100236E-002  0.101051E-002
 133.50 -0.298175E-003 -0.100884E-002  0.105198E-002  0.301048E-003  0.109683E-002  0.113739E-002
 134.00 -0.506242E-003 -0.105802E-002  0.117289E-002  0.523072E-003  0.113592E-002  0.125057E-002
 134.50 -0.738117E-003 -0.102820E-002  0.126571E-002  0.766484E-003  0.108636E-002  0.132954E-002
 135.00 -0.944927E-003 -0.904221E-003  0.130786E-002  0.976142E-003  0.933380E-003  0.135057E-002
 135.50 -0.106612E-002 -0.710575E-003  0.128122E-002  0.108527E-002  0.707032E-003  0.129526E-002
 136.00 -0.106839E-002 -0.520880E-003  0.118860E-002  0.105932E-002  0.491515E-003  0.116780E-002
 136.50 -0.991158E-003 -0.423371E-003  0.107779E-002  0.946100E-003  0.385111E-003  0.102148E-002
 137.00 -0.943750E-003 -0.441505E-003  0.104192E-002  0.870260E-003  0.410894E-003  0.962385E-003
 137.50 -0.101088E-002 -0.482454E-003  0.112011E-002  0.925377E-003  0.461212E-003  0.103394E-002
 138.00 -0.113712E-002 -0.419290E-003  0.121196E-002  0.104557E-002  0.393425E-003  0.111714E-002
 138.50 -0.117209E-002 -0.267085E-003  0.120213E-002  0.106077E-002  0.227930E-003  0.108498E-002
 139.00 -0.109756E-002 -0.188657E-003  0.111366E-002  0.953845E-003  0.149624E-003  0.965509E-003
 139.50 -0.108476E-002 -0.223424E-003  0.110753E-002  0.919836E-003  0.199691E-003  0.941262E-003
 140.00 -0.117785E-002 -0.191016E-003  0.119324E-002  0.100554E-002  0.172568E-003  0.102024E-002
 140.50 -0.118468E-002 -0.627175E-004  0.118634E-002  0.992464E-003  0.389288E-004  0.993227E-003
 141.00 -0.111456E-002 -0.406318E-004  0.111530E-002  0.894516E-003  0.278475E-004  0.894949E-003
 141.50 -0.116471E-002 -0.553677E-004  0.116602E-002  0.934445E-003  0.573997E-004  0.936206E-003
 142.00 -0.119215E-002  0.520557E-004  0.119328E-002  0.947623E-003 -0.507970E-004  0.948984E-003
 142.50 -0.112427E-002  0.766610E-004  0.112688E-002  0.854553E-003 -0.631610E-004  0.856884E-003
 143.00 -0.117390E-002  0.742035E-004  0.117624E-002  0.896029E-003 -0.459219E-004  0.897205E-003
 143.50 -0.116114E-002  0.172349E-003  0.117386E-002  0.866207E-003 -0.141727E-003  0.877725E-003
 144.00 -0.112600E-002  0.154643E-003  0.113657E-002  0.813176E-003 -0.105446E-003  0.819984E-003
 144.50 -0.117122E-002  0.213813E-003  0.119058E-002  0.851257E-003 -0.157125E-003  0.865636E-003
 145.00 -0.110912E-002  0.244855E-003  0.113583E-002  0.768588E-003 -0.175477E-003  0.788365E-003
 145.50 -0.115050E-002  0.255992E-003  0.117863E-002  0.804362E-003 -0.172212E-003  0.822591E-003
 146.00 -0.110124E-002  0.314367E-003  0.114523E-002  0.737501E-003 -0.221533E-003  0.770055E-003
 146.50 -0.112520E-002  0.306894E-003  0.116630E-002  0.755151E-003 -0.196794E-003  0.780372E-003
 147.00 -0.108572E-002  0.368049E-003  0.114641E-002  0.700834E-003 -0.249333E-003  0.743865E-003
 147.50 -0.110403E-002  0.359863E-003  0.116120E-002  0.713479E-003 -0.223733E-003  0.747736E-003
 148.00 -0.106148E-002  0.410814E-003  0.113821E-002  0.657177E-003 -0.264776E-003  0.708511E-003
 148.50 -0.108471E-002  0.414181E-003  0.116109E-002  0.676641E-003 -0.252485E-003  0.722213E-003
 149.00 -0.103536E-002  0.441721E-003  0.112565E-002  0.614170E-003 -0.267141E-003  0.669753E-003
 149.50 -0.105754E-002  0.470569E-003  0.115750E-002  0.633514E-003 -0.284046E-003  0.694278E-003
