% Model:              Layer on halfspace, reflected field.mph
% Version:            COMSOL 5.6.0.341
% Date:               May 14 2023, 19:38
% Dimension:          1
% Nodes:              1047
% Expressions:        1
% Description:        Line graph
% cln1x                   Height
0                         1.2929910690693262E-9
3.958119332510916E-6      1.2930003202296751E-9
2.5920242163687943E-5     1.2932348286005761E-9
4.275787569042546E-5      1.2923023608568143E-9
6.41156165529013E-5       1.2904850104534013E-9
8.133598638482182E-5      1.288815824179774E-9
1.0231099094211451E-4     1.286722353444903E-9
1.1991409707921858E-4     1.284886282006896E-9
1.405063653313276E-4      1.2824024044180014E-9
1.5849220777361533E-4     1.2795585564596782E-9
1.7893292302186383E-4     1.2746711410419268E-9
1.972246558429819E-4      1.2703825464839105E-9
2.1756522651808271E-4     1.26551359758032E-9
2.358291431147284E-4      1.2597675008907034E-9
2.5574214906254984E-4     1.2524521275029871E-9
2.742921116283929E-4      1.24495201794751E-9
2.939190716070172E-4      1.2364548884120236E-9
3.127550801420572E-4      1.227746620443702E-9
3.320959941514844E-4      1.2180616923325022E-9
3.5121804865572196E-4     1.2074002450719008E-9
3.705978721738179E-4      1.1948548362695115E-9
3.9011149637370533E-4     1.1822443269409141E-9
4.0942585144996684E-4     1.1697704141533106E-9
4.288361842816272E-4      1.1563123622872037E-9
4.4784992921821767E-4     1.1424748268367434E-9
4.673943942554707E-4      1.1278453960699505E-9
4.8627400698646867E-4     1.1134062175697042E-9
5.05952604229314E-4       1.0979283692529256E-9
5.246980847547194E-4      1.08249445583035E-9
5.445108142031577E-4      1.0649467471140104E-9
5.631570274393828E-4      1.0468537737873658E-9
5.832557792627244E-4      1.0270554191678512E-9
6.016530856056475E-4      1.0089155330815493E-9
6.220519806375024E-4      9.883899150473423E-10
6.403661060607285E-4      9.695871389705103E-10
6.608945072529367E-4      9.484375871261164E-10
6.790791265158093E-4      9.297905283436405E-10
6.997370338683708E-4      9.086439877359222E-10
7.177921469708903E-4      8.898830485561168E-10
7.385795604838053E-4      8.672188298968241E-10
7.56586390372577E-4       8.467666040221186E-10
7.775945162189127E-4      8.220370376020914E-10
7.954748238891804E-4      8.007444810575308E-10
8.166379777965967E-4      7.753988976940748E-10
8.344265312368951E-4      7.53682532208068E-10
8.557055558504154E-4      7.275382701570885E-10
8.733782385846099E-4      7.060260847135081E-10
8.947731339042339E-4      6.805978515782442E-10
9.123299459323248E-4      6.603259578469361E-10
9.338407119580526E-4      6.358918410222091E-10
9.515268139332131E-4      6.170313318657196E-10
9.732857653376255E-4      5.942605629528381E-10
9.910260505592678E-4      5.767862509852748E-10
0.0010125815675651735     5.571816287344095E-10
0.0010300923361275145     5.418639231340511E-10
0.001051755380099614      5.231714519690832E-10
0.0010691586216957612     5.082371001290058E-10
0.0010909291926340541     4.896587814564124E-10
0.0011082249072640088     4.749720881863694E-10
0.001130103005168495      4.5626862896468163E-10
0.001147088143469398      4.4283100901406116E-10
0.001168949449934328      4.2541066034369626E-10
0.0011856929269555743     4.1263414699390693E-10
0.001208236862176066      3.9661766466259087E-10
0.001225378526318753      3.8553398938371353E-10
0.0012478583168362366     3.7209221791119185E-10
0.0012650641256819312     3.6272356184667586E-10
0.0012874797714964074     3.522682293217504E-10
0.001304749725045109      3.462457426314849E-10
0.0013271012261565783     3.4241528561999387E-10
0.0013441421128561168     3.428704808010759E-10
0.0013662085643591328     3.4792050070858486E-10
0.0013831564182171996     3.5469321329084927E-10
0.0014051728996841647     3.6530303970096466E-10
0.0014218103742346237     3.761563368874445E-10
0.0014440278646000349     3.9432456318075227E-10
0.0014604643302520478     4.103581914252284E-10
0.0014828828295159054     4.356894883572638E-10
0.001499118286269472      4.566060828521945E-10
0.0015217377944317762     4.898607308902262E-10
0.0015380513388356478     5.150291119310235E-10
0.0015610348571579395     5.528759323034543E-10
0.0015773781079001787     5.80152335679816E-10
0.0016003867956626064     6.157831811662495E-10
0.0016168258756020025     6.396674026039274E-10
0.0016397778060481616     6.717744762976359E-10
0.0016562736433038266     6.942708359088763E-10
0.0016791688164337162     7.247669721898094E-10
0.0016957214110056506     7.461956523369923E-10
0.0017185598268192714     7.749313346155679E-10
0.0017348582888372815     7.946449344325484E-10
0.0017573949314842491     8.207593026379519E-10
0.0017735676826722156     8.398087578421638E-10
0.0017961989756896995     8.663383824436234E-10
0.001812164236823676      8.833105469677512E-10
0.0018349808539235449     9.064201865192331E-10
0.0018507607909751366     9.220635426954569E-10
0.00187376273215739       9.441642826882253E-10
0.0018893573451265974     9.579776605089487E-10
0.0019125446103912353     9.749863145893993E-10
0.0019282259708620273     9.85889512246872E-10
0.0019517536088958926     9.967058609445635E-10
0.001967503998746694      1.0038496141093739E-9
0.001990936159764545      1.0182835898365634E-9
0.0020065737434201672     1.0268419142220955E-9
0.002030100953374707      1.0395855780067072E-9
0.0020456434880936404     1.0487640138559898E-9
0.0020692657469848687     1.0644223636625596E-9
0.002084713232767114      1.0752025448168976E-9
0.0021084305405950307     1.0898407363545067E-9
0.002123654002561884      1.1020763979242125E-9
0.0021473880523567336     1.1144610018964143E-9
0.0021623955247107563     1.1230404525413526E-9
0.0021866411249791377     1.1460335873993341E-9
0.0022018007815391904     1.160348834353707E-9
0.002226079400697471      1.1823359168550015E-9
0.002241206038367625      1.1956102580785296E-9
0.0022655176764158035     1.2162264979628452E-9
0.002280611295196059      1.2275721303688662E-9
0.002304955952134137      1.2384465040199968E-9
0.002319927737373182      1.246304896947545E-9
0.0023442371719136477     1.242628646838445E-9
0.0023591006154006014     1.2370168269645113E-9
0.0023837860444320706     1.2337108931186673E-9
0.002399053103502967      1.2290797733142202E-9
0.0024234978409330586     1.2153841419668579E-9
0.0024390055916053317     1.2029289926689E-9
0.002463209637434047      1.1788059350316103E-9
0.002478958079707698      1.1596571248576271E-9
0.002502921433935035      1.1198770884858766E-9
0.0025187049044433285     1.0926679638096582E-9
0.002542357492354404      1.0324594969945387E-9
0.002558143495840797      9.872354265373695E-10
0.0025821358431527626     9.221900946195432E-10
0.0025983374091776553     8.756216916532556E-10
0.0026221426682063987     8.004582915283594E-10
0.002638531322514514      7.444726890640524E-10
0.0026621494932600343     6.609365898264142E-10
0.002678725235851373      6.02147435182707E-10
0.0027021563183136704     5.16798540721341E-10
0.002718636007897005      4.619475724860551E-10
0.0027416688685556094     3.837376009553535E-10
0.0027581510050885666     3.3912597455533873E-10
0.002781612382190895      3.1003793956837527E-10
0.0027982125939374825     3.115901869104473E-10
0.002821864322656007      3.3967221227039426E-10
0.0028382741827863984     3.7385139455627097E-10
0.002862116263121119      4.3947171187496047E-10
0.0028783357716353148     4.897191136361488E-10
0.002902368203586232      5.598666479955293E-10
0.002918205024232064      6.099533351315054E-10
0.002941964162442544      6.729039622274904E-10
0.0029577859080817046     7.131863199078108E-10
0.0029818526108112866     7.745167916050846E-10
0.0029976815657851664     8.094389395516023E-10
0.0030219357110335115     8.523698780858344E-10
0.0030375772234886283     8.742252946076918E-10
0.0030620188112557368     9.015008637669832E-10
0.003077472881192091      9.136403092309839E-10
0.0031021019114779616     9.156403525720198E-10
0.003117203678203796      9.15147353506703E-10
0.0031415546044874687     8.918571148840428E-10
0.0031566685121537734     8.730443514439523E-10
0.003181162802514696      8.42085310739379E-10
0.003196338159976396      8.202894971439525E-10
0.0032208675661036914     7.793117089172154E-10
0.0032360078077990177     7.525782098380518E-10
0.003260572329692687      7.138235850786212E-10
0.0032756774556216397     6.948567014471868E-10
0.003300277093281684      6.651390178474081E-10
0.0033152205474050516     6.567668136173834E-10
0.0033395698000573816     6.429155392508351E-10
0.0033545570545428878     6.44702071464591E-10
0.0033789304839275574     6.664865059434471E-10
0.003393965996467393      6.878728852569696E-10
0.00341833308390783       7.316773787869998E-10
0.0034333749383918984     7.656120692627796E-10
0.0034577356838881        8.342859211949526E-10
0.003472783880316404      8.829396009345099E-10
0.0034971382838683723     9.569318132460643E-10
0.0035121189263856824     1.0061053487916692E-9
0.003536309937933361      1.073348160785704E-9
0.0035513344278077274     1.1137025885443174E-9
0.0035755133546589804     1.1752268025159872E-9
0.003590559642884379      1.2081128099185231E-9
0.003614736534275567      1.2496778485676897E-9
0.003629784857961029      1.2700925489060604E-9
0.0036539597138921525     1.2985549055983445E-9
0.003669010073037681      1.3135072827103915E-9
0.003693182893508739      1.3219970358627358E-9
0.0037081958321741595     1.3259216509953953E-9
0.003732275323804188      1.3131564417970835E-9
0.0037473182285445612     1.3010476505551824E-9
0.0037713807830471063     1.2774710609207843E-9
0.0037864199720831484     1.2591711219865664E-9
0.003810494391856852      1.2197062193040415E-9
0.0038255217156217365     1.1886718363883017E-9
0.0038496080006665966     1.1321664744906488E-9
0.003864623459160323      1.0940547545308465E-9
0.0038887216094763426     1.021821196471995E-9
0.0039037061877705563     9.767657723924995E-10
0.00392775872838243       8.885431179731283E-10
0.003942758375390047      8.308076222719562E-10
0.003966793796644684      7.405722204313323E-10
0.003981777406406199      6.870205778683071E-10
0.004005827585282619      6.007349590683592E-10
0.004020796437422352      5.461044632745532E-10
0.004044861373920556      4.617304484538684E-10
0.004059815468438504      4.1555558825922204E-10
0.0040838951625584916     3.495703057979285E-10
0.004098828134930455      3.219775572516443E-10
0.004122889245678874      2.88308042668143E-10
0.004137830542881678      2.868636088597271E-10
0.004161869063941236      3.1704454477697696E-10
0.004176803522047145      3.5085422179757376E-10
0.004200840021047805      4.1778075730809176E-10
0.004215776501212612      4.658086716458797E-10
0.0042398109781543744     5.523774625759428E-10
0.004254749480378078      6.081424276441847E-10
0.004278781935260945      6.854491470250723E-10
0.004293724193628038      7.320429252544192E-10
0.004317744735825343      7.960651310866139E-10
0.004332701696225046      8.337098208078542E-10
0.004356689755282381      8.904117364409347E-10
0.004371664846108608      9.229220004301405E-10
0.004395623696130347      9.685880168960533E-10
0.004410627995992169      9.946377393648817E-10
0.004434557636978313      1.0357878824629769E-9
0.004449591145875731      1.0606371584264464E-9
0.004473491577826281      1.0861262379733641E-9
0.0044885607277836085     1.1015012747623762E-9
0.00451244573091103       1.1097100659261605E-9
0.004527540515562709      1.1107658718568723E-9
0.00455138941655896       1.1072574363134762E-9
0.004566520144967636      1.1023438475497402E-9
0.004590326479914897      1.0860495631925231E-9
0.004605499774372563      1.0705647799467623E-9
0.004629263543270832      1.043039397908136E-9
0.00464447940377749       1.024820524198319E-9
0.004668200606626767      9.867491120938136E-10
0.004683467556855793      9.629228243697807E-10
0.004707180041862507      9.135271997020708E-10
0.004722468961089741      8.806540519942552E-10
0.004746157472546066      8.261849868216693E-10
0.004761475161114799      7.915542555587225E-10
0.004785133609571163      7.335456787418625E-10
0.004800481361139856      6.920462923534634E-10
0.0048241097465962605     6.26178148333943E-10
0.004839487561164915      5.848912262644782E-10
0.004863085883621359      5.191962424611589E-10
0.004878502190676546      4.811575696485106E-10
0.0049021142332987605     4.244247546363416E-10
0.004917529730580373      3.975272496971874E-10
0.004941142182525061      3.7573666392688E-10
0.004956557950387651      3.771654732835821E-10
0.004980169870319462      3.956332307279912E-10
0.004995586170194928      4.1675139047711956E-10
0.005019197558113863      4.6397076132066837E-10
0.0050346143900022065     5.020300817996866E-10
0.005058225245908264      5.553803436953657E-10
0.005073649998615898      5.927662951810276E-10
0.005097299257854705      6.444162199104313E-10
0.005112696922785522      6.774396219733773E-10
0.00513637097740018       7.251827014154495E-10
0.005151734534970432      7.53025889544825E-10
0.005175441206106638      7.869963645507918E-10
0.0051907721471553415     8.033845672299724E-10
0.005214511434813095      8.227919133661605E-10
0.005229809759340251      8.309051726865004E-10
0.005253581663519555      8.251723478807042E-10
0.005268853700309394      8.174961273907572E-10
0.00529268141651007       7.909662352488042E-10
0.005307907496520908      7.6964772669155E-10
0.005331779752767412      7.331345134918105E-10
0.005346942241060812      7.115772367389559E-10
0.00537087718546489       6.793359555309938E-10
0.005385976985600715      6.613338147498981E-10
0.00540997461816237       6.429428257645359E-10
0.005425011730140622      6.400760974696174E-10
0.00544907205085985       6.404277549546552E-10
0.0054640517100390616     6.512877791578248E-10
0.005488176629828953      6.72082556139844E-10
0.005503100101907608      6.905838682087723E-10
0.005527279685265656      7.293867628783536E-10
0.00554212616786205       7.585826006644522E-10
0.005566381800447916      8.07112398747994E-10
0.005581152233816495      8.354215978628821E-10
0.005605483915630177      8.807607258109863E-10
0.00562017829977094       9.064604791657853E-10
0.005644586030812438      9.329810235731185E-10
0.005659207865860737      9.440670866973924E-10
0.005683668256715291      9.402672932752628E-10
0.005698243276006158      9.291231565749319E-10
0.005722746830598458      8.938203856957479E-10
0.005737263846867476      8.67132361104125E-10
0.00576182323253856       8.073651055551465E-10
0.005776284417728795      7.621176618701381E-10
0.005800899634478666      6.702963702696166E-10
0.005815304988590111      6.10567263966063E-10
0.00583997603641877       4.977134112660908E-10
0.005854328264544441      4.2874185346950406E-10
0.005879014333812258      2.971889239604915E-10
0.005893356191348762      2.185173604989928E-10
0.005918047880500325      8.469019461434E-11
0.005932379520210131      4.959436839457445E-11
0.005957078668331618      1.54815285996703E-10
0.005971402849071499      2.3233101307555635E-10
0.005996109456162912      3.7226647659021467E-10
0.006010426177932869      4.529286902159373E-10
0.006035140243994205      5.773597713027597E-10
0.0060494524062205115     6.439413899066633E-10
0.006074133849120161      7.453802173731308E-10
0.006088483642216338      7.961533356367047E-10
0.0061131246123330785     8.662583819074998E-10
0.006127512479280446      8.958946211526379E-10
0.006152113720734473      9.268400872181385E-10
0.006166541316344554      9.350485958602224E-10
0.006191102829135868      9.369808530965983E-10
0.006205570153408663      9.31584794890455E-10
0.006230091937537263      9.020614281599371E-10
0.006244602041163227      8.789284207895331E-10
0.006269063078567072      8.266019473959234E-10
0.006283639085607651      7.911865159776151E-10
0.006308034910432894      7.25153151231818E-10
0.006322664014614132      6.852968737738947E-10
0.006347007155070817      6.202691527418895E-10
0.006361688943620618      5.841131185331578E-10
0.00638597939970874       5.39298081371846E-10
0.006400713872627103      5.261761988715217E-10
0.006424951644346663      5.234048212527783E-10
0.0064397407968649935     5.38341256133104E-10
0.006463933842103966      5.797806097510494E-10
0.0064787709915058705     6.120280635059394E-10
0.006502916372805719      6.712911428225969E-10
0.006517773104640708      7.086968157879736E-10
0.006541899108102073      7.635735073440384E-10
0.006556775217775546      7.917942208553695E-10
0.006580881843398428      8.288130356166116E-10
0.00659577733091038       8.460366967204544E-10
0.006619864578694783      8.553792734115705E-10
0.006634778198099256      8.555439433876046E-10
0.0066588749784540924     8.379669661012147E-10
0.0066737770531070965     8.170698122616907E-10
0.0066978824973344545     7.731352260934279E-10
0.006712748976240449      7.43232325181521E-10
0.006736888235457634      6.899661743578123E-10
0.006751720899373805      6.54051369883995E-10
0.006775893973580816      5.944892853778831E-10
0.0067906928225071606     5.608844588121202E-10
0.0068148997117039945     5.090133076606905E-10
0.006829660443458899      4.865150117154647E-10
0.006853929604484906      4.588086545897983E-10
0.006868621011095749      4.5143185004838684E-10
0.006892952337199065      4.6137272265335795E-10
0.006907576142897893      4.822756570855139E-10
0.0069319707478920755     5.31246126688271E-10
0.006946531274700037      5.640476313054201E-10
0.006970989158585087      6.216359031277179E-10
0.006985486406502178      6.55618414212893E-10
0.007010007569278098      7.003989651633548E-10
0.00702443894443692       7.225986830214992E-10
0.007049031926092028      7.412858396963326E-10
0.007063387075777417      7.443835391259124E-10
0.007088044121189501      7.352426900967595E-10
0.007102347542841288      7.264501982016988E-10
0.007127049239316105      7.013823856452184E-10
0.007141308009905156      6.793624751141318E-10
0.007166054357442711      6.290044009853468E-10
0.007180268476969026      5.953578042795381E-10
0.007205059475569315      5.296528316034688E-10
0.007219232401135137      4.901974405168748E-10
0.007244053132200449      4.0994031797412447E-10
0.0072582023738709004     3.60553044646483E-10
0.0072830302743824935     2.7262747955911264E-10
0.0072971833996593495     2.2866985316916235E-10
0.007321998011354896      1.7550636571132263E-10
0.0073361644254478        1.6904303388099032E-10
0.0073609657483272965     2.0987170672651951E-10
0.007375145451236249      2.535695494605967E-10
0.007399933485299697      3.4302637718307195E-10
0.007414136964799192      3.9611852901900307E-10
0.007438887335555125      4.896089626643345E-10
0.007453146795241082      5.396558783609547E-10
0.00747782186597129       6.247714683726713E-10
0.007492151142567428      6.67517759029469E-10
0.007516745240393611      7.332152303439781E-10
0.007531155489893775      7.697925947610013E-10
0.007555668614815932      8.314689029548187E-10
0.00757015983722012       8.657594716654029E-10
0.007594591989238255      9.084353628915253E-10
0.00760917921475494       9.292420034701197E-10
0.007633517100091299      9.52837160432506E-10
0.007648223792359519      9.59143325108743E-10
0.007672423742351264      9.574155477919332E-10
0.007687242762775012      9.47634863349662E-10
0.007711319169514175      9.197508195146132E-10
0.007726261733190507      8.965523712696923E-10
0.007750214596677083      8.537802139083464E-10
0.007765280703606001      8.241308756017454E-10
0.007789110023839993      7.662047006441634E-10
0.00780431620780094       7.282379166156092E-10
0.007828029454070743      6.669136412143041E-10
0.00784337764996814       6.265943705014022E-10
0.007866934047199283      5.672376192677716E-10
0.00788239997250064       5.32744392298787E-10
0.007905828979283009      4.936804448566533E-10
0.007921422295033143      4.798641608152249E-10
0.007944723911366733      4.841315034176889E-10
0.007960444617565642      5.053366867885246E-10
0.007983618843450458      5.542828831164993E-10
0.007999482222704945      6.019616603274312E-10
0.008022553405199365      6.804395207026231E-10
0.008038542175170242      7.342665156375227E-10
0.008061476220334124      8.141380640071218E-10
0.00807756030508779       8.667438008117484E-10
0.008100390850355318      9.339186130617615E-10
0.008116578435005338      9.742226704523256E-10
0.008139305480376514      1.0203950554907736E-9
0.008155596564922887      1.0463858147047714E-9
0.00817822011039771       1.0679123392939291E-9
0.008194627248994312      1.0788073881126783E-9
0.008217178303568686      1.0807568092767891E-9
0.008233675257046841      1.0703635662794338E-9
0.0082561263277964        1.0478617974716611E-9
0.008272686229354655      1.0251913376654753E-9
0.008295066883309738      9.87707377683132E-10
0.00831169720166247       9.525301353902273E-10
0.008334007438823074      8.943869470476968E-10
0.008350708173970284      8.445346252775613E-10
0.008372947994336414      7.717011172574804E-10
0.008389728906068275      7.166798297726778E-10
0.008411926732653561      6.408410874089544E-10
0.008428762580388783      5.79155012959727E-10
0.00845089565086473       5.019733044636311E-10
0.008467766043607421      4.4984697557151394E-10
0.008489857102579674      3.9599326729773916E-10
0.008506769506826061      3.634901619759878E-10
0.008528818554294618      3.2992103547249285E-10
0.008545772970044703      3.1277335050334E-10
0.008567780006009563      3.012933743294186E-10
0.008584784299776103      3.001032075957029E-10
0.008606771811011885      2.976896462939843E-10
0.008623805815096905      2.9191397512066813E-10
0.008645753450202437      2.81584180377029E-10
0.00866280223957938       2.759126254684585E-10
0.00868472720315338       2.677758023353293E-10
0.00870179866406186       2.5616685883530553E-10
0.008723700956104322      2.334592501308698E-10
0.008740795088544336      2.1273419452430288E-10
0.008762674709055266      1.8383687776939321E-10
0.008779798767717896      1.5995088821837084E-10
0.008801673166355158      1.2124190251045063E-10
0.008818811720228232      8.65274931323706E-11
0.00884066101665127       3.9334896088869426E-11
0.008857801970695358      2.5147285282870658E-11
0.008879640550867386      5.734378596437727E-11
0.008896792221162488      9.121981447067279E-11
0.008918620085083498      1.3834050745060302E-10
0.008935782471629617      1.7436740842463432E-10
0.008957599619299613      2.0834770471289246E-10
0.008974780374345143      2.2819073309677806E-10
0.008996600954072242      2.483506175410657E-10
0.00901378799867215       2.6352372713080003E-10
0.009035591388730975      2.7881541663729175E-10
0.009052773622847659      2.88358920833498E-10
0.009074573235407151      2.9664527705318113E-10
0.009091759247023169      3.02774225646362E-10
0.009113555082083322      3.134495703395016E-10
0.009130744871198677      3.227004920289655E-10
0.009152536928759496      3.263136753184604E-10
0.009169738892202685      3.2768885474711786E-10
0.00919153933203832       3.2737149800570186E-10
0.009208743555801919      3.2825339273141783E-10
0.009230530685759616      3.317753856501232E-10
0.009247726790106776      3.345552942062405E-10
0.009269513318612272      3.3868352122786466E-10
0.009286710024411636      3.452666766143951E-10
0.009308495951464926      3.607337912815894E-10
0.009325693258716494      3.764734424342504E-10
0.009347478584317583      3.9151064100765093E-10
0.009364685375801441      4.032617195550813E-10
0.009386481295338447      4.1680608370062557E-10
0.00940368874508337       4.2678061822308785E-10
0.009425472948557207      4.4030110879398447E-10
0.009442671797252774      4.4847260260887575E-10
0.009464455871595058      4.615385337740872E-10
0.009481654849422178      4.781588402372409E-10
0.009503438794632908      5.098707368184241E-10
0.009520637901591581      5.411680172372949E-10
0.00954242171767076       5.806406488425474E-10
0.009559629804271892      6.140161316677184E-10
0.009581424535853696      6.57679063822385E-10
0.0095986329166304        6.878532398984103E-10
0.009620416449528667      7.241140369360204E-10
0.009637616818006463      7.463370443413259E-10
0.00965939975325782       7.713652370917208E-10
0.00967660071938253       7.902045209829133E-10
0.00969838305698697       8.135505674676473E-10
0.009715584620758595      8.304282320551857E-10
0.009737366360716123      8.438437549813912E-10
0.009754577043159669      8.515437093820478E-10
0.009776369333610917      8.552674745510679E-10
0.009793580255062507      8.485801188211489E-10
0.009815361734475479      8.329258381632382E-10
0.009832564507360055      8.125269022722167E-10
0.009854345785764395      7.82521915657678E-10
0.009871548759657603      7.567474808880615E-10
0.009893329837053313      7.232946601377069E-10
0.00991053301195515       6.983274189631229E-10
0.00993231388834223       6.686077166490195E-10
0.009949525613855663      6.52594961974401E-10
0.009971317077132402      6.421459146022579E-10
0.00998852878703422       6.381409856252815E-10
0.010010310114255792      6.463697377712825E-10
0.010027512409312878      6.601328494196637E-10
0.010049295133220133      6.871637912997096E-10
0.010066496031591536      7.120037032879211E-10
0.010088280152184475      7.44460399859448E-10
0.010105479653870195      7.704265249814104E-10
0.010127265171148819      8.00033708389197E-10
0.010144471793636438      8.23436987463163E-10
0.010166268565815047      8.472192888196552E-10
0.010183474722839828      8.575257509262677E-10
0.010205262062345493      8.66716178657877E-10
0.010222457464098347      8.679191730339796E-10
0.010244247745552007      8.628935446452571E-10
0.010261440205356867      8.505345853609577E-10
0.010283233428758521      8.213847788964545E-10
0.010300422946615387      7.884144290186945E-10
0.010322219111965038      7.348452919687442E-10
0.010339414497042895      6.864367454799039E-10
0.010361222601314442      6.158876762147466E-10
0.010378417219335282      5.51600341809801E-10
0.010400216037789643      4.672303045162266E-10
0.010417399429951126      3.9905106900723044E-10
0.010439201548346565      3.1895348526068513E-10
0.010456381640566973      2.617569376565243E-10
0.010478187058903486      2.0044022946299212E-10
0.010495363851182823      1.7378704479143015E-10
0.010517172569460408      1.8492819335478737E-10
0.010534355078622196      2.241656788610133E-10
0.010556175957910852      2.9049637584173606E-10
0.010573357756578455      3.4715041750657416E-10
0.010595168690348386      4.18995397979064E-10
0.010612339529993037      4.773139149566214E-10
0.010634153032495831      5.465832324319901E-10
0.010651321303407624      5.933468137320723E-10
0.010673137374643276      6.428188973910116E-10
0.01069030307682221       6.757288589910867E-10
0.010712121716790722      7.082213525332231E-10
0.010729294025925977      7.270057538481635E-10
0.010751124817076999      7.393081178565353E-10
0.010768296639628139      7.381094900121946E-10
0.010790116527281218      7.267728038461671E-10
0.010807277913113532      7.138164401351412E-10
0.010829099278391508      6.938829075555441E-10
0.010846259186598924      6.734598068117627E-10
0.010868082029501798      6.400950925649789E-10
0.010885240460084319      6.102627659307403E-10
0.010907064780612088      5.743813486715549E-10
0.010924231054714796      5.466767820189865E-10
0.01094606754519818       5.122008479865661E-10
0.010963233506209282      4.810999876384371E-10
0.010985058548537523      4.464965970114039E-10
0.011002214821930796      4.177904909641068E-10
0.01102404030633402       3.864805710368994E-10
0.011041196137652316      3.6776989660438303E-10
0.011063022064130519      3.505783219165249E-10
0.011080177453373832      3.4074007089920603E-10
0.011102003821927019      3.3243947894167194E-10
0.011119168078979674      3.2832596183294444E-10
0.011141006437699195      3.2589194714889144E-10
0.011158170549621487      3.264271660434094E-10
0.011179997494288298      3.317094788981171E-10
0.011197152941862045      3.328898880210296E-10
0.011218979465863452      3.3194560121541656E-10
0.011236135334102604      3.3217010667967327E-10
0.011257961437438607      3.358825175072146E-10
0.011275117726343162      3.3914735646839713E-10
0.011296943409013762      3.3479709707206707E-10
0.01131410910437243       3.291628217079275E-10
0.011335946163982638      3.1809896133065494E-10
0.011353111913554741      3.115876392893497E-10
0.01137493795292725       3.028744245864412E-10
0.011392095740015006      2.955324583829352E-10
0.011413921121641073      2.850563941207928E-10
0.011431079566475273      2.7895776375722354E-10
0.011452904290354895      2.77240089666662E-10
0.01147006339293554       2.785241240697778E-10
0.01149188745906872       2.7309310697748047E-10
0.011509055722892262      2.6664543780468133E-10
0.011530890491610829      2.531664134279418E-10
0.01154805886773599       2.409524967263261E-10
0.011569883133388479      2.154222066612126E-10
0.011587043012994467      1.8995803730363593E-10
0.011608867605009976      1.514511995305991E-10
0.011626027158252946      1.1919559517637076E-10
0.011647852076631477      8.131606253003107E-11
0.011665011303511424      6.00442162577026E-11
0.011686836548252979      6.131748149804794E-11
0.011704003798881063      8.917939107833731E-11
0.011725839805343209      1.3938516423331063E-10
0.011743006915165458      1.7980601491628584E-10
0.011764832835108863      2.408978360500576E-10
0.011781989721409133      2.879768826044183E-10
0.011803817824371683      3.496017104689845E-10
0.011820972527652818      3.994858576636735E-10
0.011842802813634501      4.6368598804879886E-10
0.011859955333896496      5.13331016811874E-10
0.011881787802897318      5.733994285401828E-10
0.011898946908927018      6.175348205461325E-10
0.011920791122177267      6.666624463967559E-10
0.011937949646669048      6.972156130785642E-10
0.011959783916228464      7.352623408849259E-10
0.011976930637633281      7.555187799826735E-10
0.011998768442983173      7.731419327388829E-10
0.012015911628597515      7.821365333826323E-10
0.012037752969737883      7.890895385677103E-10
0.012054892619561748      7.912646135938387E-10
0.012076737496492594      7.867417999588067E-10
0.01209388300370062       7.818127112246925E-10
0.012115740684378689      7.70740418379039E-10
0.01213288536212628       7.588962392901301E-10
0.012154732976627995      7.463831986001185E-10
0.012171865522138123      7.31810401688551E-10
0.012193716722906856      7.118659903716565E-10
0.012210845682149972      6.968382658001835E-10
0.012232700469185714      6.804241945740799E-10
0.012249825842161817      6.705960117367198E-10
0.012271684215464576      6.593376904787685E-10
0.012288815721313915      6.570189423804324E-10
0.01231068722469359       6.598309606158647E-10
0.012327818008318035      6.647758371418584E-10
0.012349679340496035      6.75961892469913E-10
0.012366798661564886      6.815682804376156E-10
0.012388662924339409      6.883861136548858E-10
0.012405779314811743      6.929787726166966E-10
0.012427646508182786      6.967245519579748E-10
0.012444759968058591      6.975164968983256E-10
0.01246663009202616       6.931768281416086E-10
0.012483750198338419      6.900206647646768E-10
0.01250563310543377       6.851932911124674E-10
0.012522752669671398      6.781735026463681E-10
0.012544625589925173      6.689736066485162E-10
0.012561734585059029      6.585307912697449E-10
0.012583609837577144      6.473811662692007E-10
0.012600716500446658      6.401110589445611E-10
0.012622594085229111      6.312338696202759E-10
0.012639698415834287      6.247355448845572E-10
0.01266157833288108       6.16312227419713E-10
0.01267868945125094       6.125025862747833E-10
0.012700581523927595      6.116492268328882E-10
0.012717692154630277      6.111062098427371E-10
0.012739574473934439      6.156214149808564E-10
0.012756675290054283      6.203320118303964E-10
0.01277855941982276       6.325843522728031E-10
0.01279565842547829       6.442590085893023E-10
0.012817544365711078      6.573347532758782E-10
0.012834641560902296      6.648320905266217E-10
0.012856529311599403      6.69505872092327E-10
0.012873633366501647      6.683676490278015E-10
0.012895532620637506      6.620739471861829E-10
0.012912636272795104      6.497681173217293E-10
0.012934525595430789      6.285636942789743E-10
0.012951620015558135      6.062474093422776E-10
0.012973510499169354      5.775545842488169E-10
0.01299060375832117       5.536538310598999E-10
0.013012495402907925      5.171962557834302E-10
0.0130295875010842        4.836749733409009E-10
0.013051480306646488      4.364910270866464E-10
0.013068579695258762      3.9474729603112706E-10
0.013090483564367662      3.382617574568797E-10
0.013107582715352757      2.877301487729234E-10
0.013129476163676173      2.1719005440651323E-10
0.01314656639644649       1.5944502889811308E-10
0.01316846044263592       1.0032088147199221E-10
0.013185550077540225      8.456073333419023E-11
0.013207444721595667      1.2071935494054696E-10
0.013224533758633953      1.7348436701435032E-10
0.013246429000555417      2.475555656040082E-10
0.013263525901918868      3.062211467461424E-10
0.01328543213883461       3.7592256131253257E-10
0.013302528887722589      4.272706917699972E-10
0.013324424372106793      4.937521700783967E-10
0.013341512132472862      5.474822853657874E-10
0.01336340809461241       6.136164871408862E-10
0.013380495377223136      6.606749375521168E-10
0.01340239181711803       7.167715988448093E-10
0.013419478621973409      7.591913999834992E-10
0.013441375539623653      8.076565525551944E-10
0.013458470472427073      8.416919156814032E-10
0.013480378598943781      8.721259126367212E-10
0.013497473351487252      8.861030393975745E-10
0.013519370674015516      8.982487844011032E-10
0.01353645616245423       9.034244031626905E-10
0.01355835417822826       9.046726732392779E-10
0.013575438973421202      8.994380210576297E-10
0.013597337682441         8.85351991817234E-10
0.013614421784388177      8.715722223170631E-10
0.013636321186653744      8.517083917353973E-10
0.013653413355199134      8.356952132642233E-10
0.013675324216796498      8.062143361345716E-10
0.01369241615534671       7.761487439074074E-10
0.013714316239633418      7.363227932017395E-10
0.013731398687727969      7.016029099970852E-10
0.013753299676125182      6.56069049453017E-10
0.01377038122010923       6.184800724925968E-10
0.013792283112616948      5.66668978538455E-10
0.013809363752490486      5.257325948426843E-10
0.013831266549108712      4.774953831230956E-10
0.01384835514448549       4.4492947018363813E-10
0.01387026956078518       4.050773794166761E-10
0.013887357897916088      3.7694844973430886E-10
0.013909261472345431      3.507795722145363E-10
0.013926340155229644      3.338268250275836E-10
0.013948244728402835      3.20720065124944E-10
0.013965322412543201      3.154036603466285E-10
0.013987227984460233      3.110419109063173E-10
0.014004304669856757      3.0908966806467684E-10
0.014026211240517639      3.1066009586531483E-10
0.014043295880539042      3.1463473400598717E-10
0.014065214206352063      3.2190448563670963E-10
0.014082298577588376      3.2834247942008126E-10
0.014104205878051519      3.399437034418464E-10
0.014121280465829623      3.469356661884039E-10
0.01414318874657731       3.582284824429136E-10
0.014160262354070864      3.6851802821935843E-10
0.014182171615103099      3.8065299193299366E-10
0.014199244242312111      3.8782971362381234E-10
0.01422115448362889       3.9575136314441513E-10
0.01423823520694939       4.016519500486197E-10
0.014260157358868174      4.070176891499489E-10
0.014277237820493671      4.102643531765014E-10
0.014299148760082219      4.1787503147296067E-10
0.014316219439490144      4.192003384488453E-10
0.014338131221512012      4.206247665132431E-10
0.01435520105848662       4.244035998037649E-10
0.014377113682941808      4.3278647964337204E-10
0.014394182677483094      4.3925588999500376E-10
0.0144160961443716        4.4176577068339407E-10
0.014433173462509042      4.4349541437370787E-10
0.014455098927640329      4.3919392337075836E-10
0.014472176015621077      4.3554280217757575E-10
0.01449409025187305       4.2910918021498605E-10
0.014511157742848276      4.201981537191143E-10
0.014533072651099573      4.028044516761059E-10
0.014550139470075472      3.867208115568144E-10
0.014572055050326098      3.6584039272608065E-10
0.01458912119730267       3.4884858506743295E-10
0.014611037449552625      3.186547748431428E-10
0.014628112055068544      2.9499825240396794E-10
0.014650040229055084      2.582301346109798E-10
0.014667114638683776      2.3176160714908422E-10
0.01468903183840886       1.9539437790398715E-10
0.01470609689889412       1.699796489397344E-10
0.014728014750185233      1.3463683857385666E-10
0.014745079159104467      1.0436582406553635E-10
0.014766997661961602      6.480122832916468E-11
0.014784061419314817      3.626298141356219E-11
0.014805980573737975      1.6350044308190785E-11
0.01482305261990575       4.180985260727868E-11
0.01484498346897597       8.16816898706132E-11
0.014862055305251287      1.0945359093909254E-10
0.014883975647708053      1.4243838632340173E-10
0.01490103814852728       1.5897714085155786E-10
0.014922959484369893      1.7508361203223409E-10
0.014940020991803273      1.8640358049427701E-10
0.014961943321031736      1.9919407802635884E-10
0.014979003835079267      2.0555324374616734E-10
0.015000927157693578      2.0682946251369098E-10
0.015017995391385715      2.053694262644453E-10
0.01503993022370032       2.039233806410043E-10
0.015056998144875324      2.0164647778157403E-10
0.015078923283214911      1.9765229272438071E-10
0.015095980916947816      1.9029618281812002E-10
0.015117908556593578      1.8145020065814128E-10
0.01513496368902031       1.7784769875926566E-10
0.01515689382997224       1.7709609710142755E-10
0.015173946461092807      1.776890904034784E-10
0.015195879103350907      1.8012418552020833E-10
0.015212937730819848      1.8451664149193563E-10
0.015234883791512154      1.9665813997568764E-10
0.015251939931608362      2.0639622921957752E-10
0.015273880033007012      2.2039318223222792E-10
0.015290919655669368      2.2716346858500062E-10
0.015312869710626906      2.340125429916479E-10
0.015329899379730377      2.373255340712201E-10
0.015351859388246797      2.3616232819894835E-10
0.015368879103791384      2.2931009296842507E-10
0.015390849065866694      2.1222238989955483E-10
0.015407866413893466      1.9231925534073777E-10
0.015429861572960207      1.6189237908000329E-10
0.01544686352219465       1.3263588970174717E-10
0.015468866410663725      8.765776095688117E-11
0.015485835315819691      4.8459912514982856E-11
0.015507865324183941      2.04535771005E-11
0.015524807109444736      5.837619533068407E-11
0.015546864237704157      1.1980000884963078E-10
0.01556377890306978       1.7199069209672937E-10
0.01558586315122438       2.4585170416340543E-10
0.01560275600380464       3.0546357285327177E-10
0.015624890474926543      3.8247520183291113E-10
0.01564174004477425       4.4088406281269897E-10
0.01566390899533079       5.22885699935456E-10
0.015680697938986285      5.823907701497784E-10
0.015702920827420957      6.566879284033218E-10
0.015719655833198315      7.087535527466853E-10
0.015741932659511123      7.735523548240506E-10
0.01575861372741035       8.188611172800402E-10
0.01578094449160129       8.718418781672728E-10
0.015797575214723893      9.063290205254936E-10
0.015819990213957896      9.395767232620772E-10
0.015836541527686984      9.560873562983518E-10
0.015859026388818306      9.760312564468434E-10
0.015875478435552048      9.824100941434698E-10
0.01589805553866163       9.835142481523506E-10
0.015914415343417115      9.79358837342275E-10
0.01593708468850496       9.678746171366173E-10
0.015953352251282173      9.559699369771341E-10
0.015976113838348287      9.30182062607313E-10
0.01599229260884799       9.089613024217532E-10
0.01601517923965669       8.678648342774414E-10
0.01603123782076352       8.346769342936592E-10
0.016054238226236722      7.877687851833634E-10
0.01607015677315467       7.52435995900876E-10
0.016093292735386372      7.034008651261903E-10
0.016109075725545825      6.733120561237561E-10
0.016132347244536015      6.365754488699791E-10
0.016147994677936976      6.181696724783079E-10
0.016171401753685668      5.964123564116267E-10
0.016186917697225054      5.890552446399059E-10
0.016210485270785568      5.822287604373288E-10
0.016225846853369853      5.813296120541708E-10
0.016249562446034968      5.850611155817062E-10
0.01626476455012752       5.870998133599091E-10
0.01628863551450041       5.946126840161123E-10
0.01630368224688519       6.021617914050433E-10
0.016327708582965856      6.179075093941056E-10
0.016342599943642854      6.291286074863816E-10
0.01636678165143129       6.440336046733702E-10
0.016381522867011385      6.527928191737929E-10
0.016405863064241466      6.641923891736525E-10
0.016420454367230563      6.672125709800104E-10
0.016444931631964088      6.686354085510629E-10
0.01645941355067703       6.647774844493959E-10
0.016483992546533426      6.577167022703513E-10
0.016498372734123502      6.539239855380478E-10
0.016523053461102766      6.47707685987845E-10
0.01653733191756997       6.442284738016975E-10
0.01656211437567211       6.360627305780428E-10
0.016576293780461427      6.331119738979428E-10
0.016601148895890087      6.282494549876575E-10
0.016615260327314182      6.237995620422792E-10
0.016640141831304918      6.184807077477955E-10
0.016654297751329466      6.13194322579986E-10
0.016679111221439998      6.065949959455786E-10
0.016693335175344756      6.040196320391345E-10
0.01671808061157508       5.989419610600275E-10
0.01673237259936004       5.949243154658604E-10
0.016757050001710155      5.846591144550444E-10
0.01677140648084427       5.792874442522009E-10
0.016795961836819445      5.672023572136774E-10
0.016810434274561636      5.577334311571583E-10
0.016834788550202852      5.414643711465984E-10
0.016849562111903613      5.27793580546036E-10
0.016873564856497256      5.058788044999605E-10
0.016888689949245583      4.920488712092743E-10
0.016912341162791656      4.669228595942889E-10
0.016927817786587557      4.4658973513650787E-10
0.01695111746908606       4.094432121769062E-10
0.016966917998043056      3.8280998795659955E-10
0.016989832697657532      3.4016959856513394E-10
0.017005977543079125      3.0832290052739833E-10
0.01702833900766915       2.619822287902026E-10
0.017045055111035504      2.2416008058034614E-10
0.017066695875917547      1.7697009080431212E-10
0.01708413267899189       1.4226371479588937E-10
0.017105052744165947      1.0400979516957706E-10
0.017123210246948274      7.52088581437935E-11
0.017143409612414343      6.08474600314094E-11
0.017162287458369136      8.279673418428552E-11
0.017181927582396145      1.1924072990573557E-10
0.01720136428830287       1.613026158224623E-10
0.01722028692482388       2.0759530043401287E-10
0.01724064897533524       2.610159958224763E-10
0.017258484684816347      3.054497679667341E-10
0.01727993366236761       3.534008514735071E-10
0.017296682444808816      3.8841880081814906E-10
0.01731921834939998       4.361348669286693E-10
0.017334880204801287      4.690029777662931E-10
0.01735832852369196       5.158170000057013E-10
0.01737320090869121       5.422766494758324E-10
0.017397322996642615      5.8092194614593E-10
0.017411280215179438      6.045309897239906E-10
0.017436206102817473      6.456291311567066E-10
0.017448949410613167      6.649786495749738E-10
0.017475089208992326      6.96898602699579E-10
0.01748661860604689       7.079877254855904E-10
0.017513972315167183      7.313246301293408E-10
0.017524287801480617      7.386719653169048E-10
0.017552740067412937      7.526863381342404E-10
0.017562585412897423      7.548255667967913E-10
0.017591466166490436      7.536415803157939E-10
0.01760079598034054       7.531041620663836E-10
0.01763034727961293       7.446803362076705E-10
0.01763873959084294       7.412529928739937E-10
0.01766922839273544       7.213632657987482E-10
0.01767668320134534       7.145915306718793E-10
0.017708109505857945      6.820846740930114E-10
0.01771462681184774       6.745969909959696E-10
0.017746566042466234      6.342192994193712E-10
0.017753278346159047      6.245918044991293E-10
0.017784937079397423      5.736392900774218E-10
0.017792403124741007      5.618767847085889E-10
0.01782648997425016       5.021088478819425E-10
0.017833670437332583      4.904734623676424E-10
0.017868042869102894      4.3634616044678357E-10
0.017874937749924154      4.253105314415528E-10
0.017909595763955632      3.7520848309909197E-10
0.017916205062515726      3.6707502973755263E-10
0.017946174068435804      3.4005051344677613E-10
0.017953810839414018      3.347353764518346E-10
0.01798181146938931       3.1790281653276897E-10
0.01799237024188882       3.1335645613126815E-10
0.018009217695701303      3.1026583466292805E-10
0.01803370962442186       3.1512252907238637E-10
0.018036623922013297      3.161579487939324E-10
0.01804235628430538       3.183617494263201E-10
0.018064030148325284      3.2861358857836974E-10
0.018075049006954905      3.354484744594505E-10
0.01809143637463728       3.480827909342497E-10
0.018116388389487946      3.658378698756676E-10
0.018119451238353942      3.6836304962715976E-10
0.01814234497299615       3.8565380767184223E-10
0.018153463312426323      3.936865478340604E-10
0.01816732102698489       4.0353434544071606E-10
0.018187475386498703      4.164389563712504E-10
0.01819229708097363       4.19230563952629E-10
0.018205624508359615      4.2663698593106054E-10
0.018217273134962374      4.331451737304046E-10
0.018221487460571086      4.3556490794676613E-10
0.018242249188951117      4.4703343492280736E-10
0.018260676143529202      4.5705061591898674E-10
0.01828192682404696       4.5941459137360676E-10
0.018307975961857705      4.671657526572966E-10
0.018319184543456858      4.723955977974092E-10
0.018342771672845717      4.830411713729345E-10
0.018351816902060298      4.859104335687561E-10
0.018356115186436622      4.869919783224313E-10
0.018384449260663724      4.918795518024067E-10
0.018404254411015536      4.962065566279102E-10
0.018417081619267157      4.985217769431253E-10
0.01843324037807883       4.997123898171765E-10
0.018449873991369437      4.991431080889365E-10
0.01846945959354983       4.989919181343088E-10
0.018482666363471716      4.992575292468477E-10
0.018493882577386173      4.994681200443145E-10
0.018515458735574         4.995820094905243E-10
0.018540864042494686      4.995267386615045E-10
0.01854825110767628       4.992270954733015E-10
0.018554524776693528      4.986047422586777E-10
0.018582689783785897      4.930235726162778E-10
0.0186138101306145        4.866972766924724E-10
0.018614186854638046      4.865766177013532E-10
0.018614542864007863      4.864619146578746E-10
0.018646208863281416      4.766593379121342E-10
0.018676826110068476      4.689494887302987E-10
0.018678230871924786      4.685593713165421E-10
0.018679717370830438      4.681408024799353E-10
0.01871025288056815       4.59103281183889E-10
0.01873910935612909       4.5316713285610797E-10
0.018742274889211517      4.525589517597504E-10
0.0187454117390165        4.51788614856471E-10
0.018773586097598917      4.4189546935025374E-10
0.01880259762246918       4.319972352600635E-10
0.01880489730598632       4.312716206164137E-10
0.018807130629064913      4.3056802891430276E-10
0.018836208514373717      4.207368331720698E-10
0.018866150413151764      4.079235892208159E-10
0.018867517714181457      4.0744024986925973E-10
0.018868837691874477      4.069761825528877E-10
0.01889878299354302       3.924061840367356E-10
0.01892964455790932       3.784621378490108E-10
0.018930069714649108      3.782366600201651E-10
0.018930484850904913      3.780161269172203E-10
0.018961495311454638      3.612147337597526E-10
0.0189926687217936        3.4438257412333636E-10
0.018992922775748943      3.4425046352663213E-10
0.01899317550171232       3.4411906585977186E-10
0.019024350240043248      3.280766043918267E-10
0.019055688791389212      3.1544800469546745E-10
0.01905577770433755       3.154234947500467E-10
0.019055866464268864      3.1538475869385323E-10
0.019087241946397174      3.0126931678667397E-10
0.019118634260491485      2.9160836149899114E-10
0.0191187061884568        2.9159532772717314E-10
0.0191187780778557        2.9158234283625324E-10
0.01915017043051643       2.8911285276712794E-10
0.019181579624193673      2.8900501808043564E-10
0.01918163472225952       2.890166145580549E-10
0.019181689766374906      2.8902822061080036E-10
0.019213127362111216      2.950280886238105E-10
0.01924457290030441       3.062986992655143E-10
0.01924458063840501       3.063021211984478E-10
0.019244588360842523      3.063055363944545E-10
0.019276063075085725      3.2148454781646607E-10
0.01930753943169874       3.3687284619818916E-10
0.019307545518927677      3.3687615649049635E-10
0.019307551605838996      3.3687946672648354E-10
0.019339027962769637      3.550308238184231E-10
0.019370505962155813      3.7424899333627896E-10
0.019370510406611592      3.7425185124957155E-10
0.01937051484799215       3.742540014333856E-10
0.019401974066791287      3.8871025715742605E-10
0.019433437643467097      4.022591674785885E-10
0.019433437726970978      4.022592027948285E-10
0.019433437810463295      4.0225923810617127E-10
0.019464901387150676      4.1434411290257676E-10
0.019496360772934446      4.185771291922801E-10
0.01949636504733037       4.185767073413741E-10
0.019496369322318404      4.185762851004154E-10
0.019527827432469873      4.166935772640097E-10
0.019559285440464997      4.1128985876099333E-10
0.01955929138845456       4.1128851516788317E-10
0.0195592973359937        4.1128717133711036E-10
0.01959077085175063       3.991189324474617E-10
0.01962224675100699       3.7820357912152315E-10
0.019622250315046705      3.782008667745023E-10
0.019622253878816533      3.781981545733851E-10
0.01965372977834278       3.523156772045437E-10
0.01968520806154898       3.2151609171268485E-10
0.019685209241638853      3.21514764712113E-10
0.019685210421641047      3.2151338265052767E-10
0.019716687805634646      2.8442916795841396E-10
0.019748165684750085      2.447991877811843E-10
0.01974816636963044       2.447982994335424E-10
0.019748167054500027      2.4479741109940246E-10
0.01977964493362623       2.0457129587761482E-10
0.019811123307882064      1.6753042670625122E-10
0.019811123497622027      1.6753020224368032E-10
0.019811123687359         1.67529977784426E-10
0.01984260435446716       1.3863903546849694E-10
0.019874081072093177      1.305208141143182E-10
0.019905560804069883      1.4589067002508563E-10
0.019937040536046585      1.7599646334858388E-10
0.019968520268023295      2.1432549439442153E-10
0.02                      2.5452622829485434E-10
